Force,Distance,Time,Event,
N,mm,min,,

Sample 1
-0.4095,0.0000,0.00000,0,
-0.4095,0.0000,0.00017,0,
-0.4095,0.0000,0.00033,0,
-0.4095,0.0000,0.00050,0,
-0.4095,0.0000,0.00067,0,
-0.4095,0.0000,0.00083,0,
-0.4095,0.0000,0.00100,0,
-0.4095,0.0000,0.00117,0,
-0.4095,0.0000,0.00133,0,
-0.4095,0.0000,0.00150,0,
-0.4095,0.0000,0.00167,0,
-0.4095,0.0000,0.00183,0,
-0.4095,0.0000,0.00200,0,
-0.4095,0.0000,0.00217,0,
-0.4095,0.0000,0.00233,0,
-0.4468,-0.0075,0.00250,0,
-0.8191,-0.0275,0.00267,0,
-1.4147,-0.0550,0.00283,0,
-2.0477,-0.0875,0.00300,0,
-2.6806,-0.1200,0.00317,0,
-3.3135,-0.1525,0.00333,0,
-4.0208,-0.1875,0.00350,0,
-4.7654,-0.2250,0.00367,0,
-5.5101,-0.2625,0.00383,0,
-6.1430,-0.3025,0.00400,0,
-6.6642,-0.3450,0.00417,0,
-7.1854,-0.3875,0.00433,0,
-7.7439,-0.4325,0.00450,0,
-8.7118,-0.4775,0.00467,0,
-9.8287,-0.5225,0.00483,0,
-11.0201,-0.5700,0.00500,0,
-12.2115,-0.6200,0.00517,0,
-13.3284,-0.6700,0.00533,0,
-14.5570,-0.7225,0.00550,0,
-15.7111,-0.7750,0.00567,0,
-16.8652,-0.8275,0.00583,0,
-18.0566,-0.8825,0.00600,0,
-19.2107,-0.9375,0.00617,0,
-20.3649,-0.9950,0.00633,0,
-21.7051,-1.0525,0.00650,0,
-22.9337,-1.1100,0.00667,0,
-24.0134,-1.1700,0.00683,0,
-25.2792,-1.2300,0.00700,0,
-26.5823,-1.2900,0.00717,0,
-27.4758,-1.3525,0.00733,0,
-28.1087,-1.4150,0.00750,0,
-28.9278,-1.4775,0.00767,0,
-30.0074,-1.5400,0.00783,0,
-30.8265,-1.6050,0.00800,0,
-31.8689,-1.6700,0.00817,0,
-32.7625,-1.7350,0.00833,0,
-33.5443,-1.8000,0.00850,0,
-34.5495,-1.8675,0.00867,0,
-35.1080,-1.9350,0.00883,0,
-35.5175,-2.0025,0.00900,0,
-35.8153,-2.0700,0.00917,0,
-36.1132,-2.1400,0.00933,0,
-36.6344,-2.2100,0.00950,0,
-37.1556,-2.2775,0.00967,0,
-37.8258,-2.3500,0.00983,0,
-37.8630,-2.4200,0.01000,0,
-38.3098,-2.4900,0.01017,0,
-38.6076,-2.5600,0.01033,0,
-38.9799,-2.6325,0.01050,0,
-39.1288,-2.7050,0.01067,0,
-39.7245,-2.7775,0.01083,0,
-39.8734,-2.8500,0.01100,0,
-39.9479,-2.9225,0.01117,0,
-40.0596,-2.9950,0.01133,0,
-40.2085,-3.0700,0.01150,0,
-40.6552,-3.1450,0.01167,0,
-40.8414,-3.2175,0.01183,0,
-40.7297,-3.2925,0.01200,0,
-40.5063,-3.3675,0.01217,0,
-40.8042,-3.4450,0.01233,0,
-40.4319,-3.5200,0.01250,0,
-40.4691,-3.5950,0.01267,0,
-40.5808,-3.6725,0.01283,0,
-40.5808,-3.7475,0.01300,0,
-40.8042,-3.8250,0.01317,0,
-40.5436,-3.9025,0.01333,0,
-40.4319,-3.9800,0.01350,0,
-40.3202,-4.0575,0.01367,0,
-40.2457,-4.1350,0.01383,0,
-40.0596,-4.2125,0.01400,0,
-39.7990,-4.2900,0.01417,0,
-39.7990,-4.3675,0.01433,0,
-39.7245,-4.4450,0.01450,0,
-39.4639,-4.5250,0.01467,0,
-39.4267,-4.6025,0.01483,0,
-39.3522,-4.6825,0.01500,0,
-39.2777,-4.7600,0.01517,0,
-38.7937,-4.8400,0.01533,0,
-38.3470,-4.9200,0.01550,0,
-38.0491,-4.9975,0.01567,0,
-37.8630,-5.0775,0.01583,0,
-37.6396,-5.1575,0.01600,0,
-37.3418,-5.2375,0.01617,0,
-37.2673,-5.3175,0.01633,0,
-36.9322,-5.3975,0.01650,0,
-36.5227,-5.4775,0.01667,0,
-36.1876,-5.5575,0.01683,0,
-36.1132,-5.6375,0.01700,0,
-36.1504,-5.7200,0.01717,0,
-36.0015,-5.8000,0.01733,0,
-35.5920,-5.8800,0.01750,0,
-35.4058,-5.9625,0.01767,0,
-35.2941,-6.0425,0.01783,0,
-35.1824,-6.1250,0.01800,0,
-34.8101,-6.2050,0.01817,0,
-34.5123,-6.2850,0.01833,0,
-34.1772,-6.3675,0.01850,0,
-33.8049,-6.4500,0.01867,0,
-33.5443,-6.5300,0.01883,0,
-33.1720,-6.6125,0.01900,0,
-32.8742,-6.6925,0.01917,0,
-32.5019,-6.7750,0.01933,0,
-32.3529,-6.8575,0.01950,0,
-32.1668,-6.9375,0.01967,0,
-31.9062,-7.0200,0.01983,0,
-31.7945,-7.1025,0.02000,0,
-31.5339,-7.1825,0.02017,0,
-31.3850,-7.2650,0.02033,0,
-31.2360,-7.3475,0.02050,0,
-30.9382,-7.4300,0.02067,0,
-30.6776,-7.5125,0.02083,0,
-30.3797,-7.5950,0.02100,0,
-29.9702,-7.6750,0.02117,0,
-29.7841,-7.7575,0.02133,0,
-29.4490,-7.8400,0.02150,0,
-29.1512,-7.9225,0.02167,0,
-29.0767,-8.0050,0.02183,0,
-28.8905,-8.0875,0.02200,0,
-28.6672,-8.1700,0.02217,0,
-28.4066,-8.2500,0.02233,0,
-28.1459,-8.3325,0.02250,0,
-27.9970,-8.4175,0.02267,0,
-27.7364,-8.5000,0.02283,0,
-27.6247,-8.5825,0.02300,0,
-27.5130,-8.6650,0.02317,0,
-27.2524,-8.7475,0.02333,0,
-26.9546,-8.8300,0.02350,0,
-26.7684,-8.9125,0.02367,0,
-26.5450,-8.9950,0.02383,0,
-26.5450,-9.0775,0.02400,0,
-26.4706,-9.1600,0.02417,0,
-26.1355,-9.2425,0.02433,0,
-25.8377,-9.3250,0.02450,0,
-25.5398,-9.4075,0.02467,0,
-25.3537,-9.4900,0.02483,0,
-24.9069,-9.5725,0.02500,0,
-24.7580,-9.6575,0.02517,0,
-24.0879,-9.7400,0.02533,0,
-23.9762,-9.8225,0.02550,0,
-23.9017,-9.9050,0.02567,0,
-23.6411,-9.9875,0.02583,0,
-23.4550,-10.0725,0.02600,0,
-23.4922,-10.1550,0.02617,0,
-23.4177,-10.2375,0.02633,0,
-23.3433,-10.3200,0.02650,0,
-23.2316,-10.4025,0.02667,0,
-23.2316,-10.4875,0.02683,0,
-23.1571,-10.5700,0.02700,0,
-22.7848,-10.6525,0.02717,0,
-22.4497,-10.7350,0.02733,0,
-22.3008,-10.8200,0.02750,0,
-22.2264,-10.9025,0.02767,0,
-22.0030,-10.9850,0.02783,0,
-21.4818,-11.0700,0.02800,0,
-21.6679,-11.1525,0.02817,0,
-21.6307,-11.2350,0.02833,0,
-21.5190,-11.3200,0.02850,0,
-21.2584,-11.4025,0.02867,0,
-20.9233,-11.4850,0.02883,0,
-20.6255,-11.5675,0.02900,0,
-20.6255,-11.6525,0.02917,0,
-20.4021,-11.7350,0.02933,0,
-20.2532,-11.8175,0.02950,0,
-19.9181,-11.9025,0.02967,0,
-19.6947,-11.9850,0.02983,0,
-19.7319,-12.0675,0.03000,0,
-19.6203,-12.1525,0.03017,0,
-19.5458,-12.2350,0.03033,0,
-19.3969,-12.3175,0.03050,0,
-19.4341,-12.4025,0.03067,0,
-19.5086,-12.4850,0.03083,0,
-19.3596,-12.5675,0.03100,0,
-19.1735,-12.6525,0.03117,0,
-19.0618,-12.7350,0.03133,0,
-18.8757,-12.8200,0.03150,0,
-18.7267,-12.9025,0.03167,0,
-18.6150,-12.9850,0.03183,0,
-18.5778,-13.0700,0.03200,0,
-18.5406,-13.1525,0.03217,0,
-18.4661,-13.2375,0.03233,0,
-18.3172,-13.3200,0.03250,0,
-18.1311,-13.4025,0.03267,0,
-18.0194,-13.4875,0.03283,0,
-17.8332,-13.5700,0.03300,0,
-17.7960,-13.6525,0.03317,0,
-17.5726,-13.7375,0.03333,0,
-17.3864,-13.8200,0.03350,0,
-17.0886,-13.9050,0.03367,0,
-17.1631,-13.9875,0.03383,0,
-17.0141,-14.0700,0.03400,0,
-16.9397,-14.1550,0.03417,0,
-16.8652,-14.2375,0.03433,0,
-16.7908,-14.3200,0.03450,0,
-16.6418,-14.4050,0.03467,0,
-16.6046,-14.4875,0.03483,0,
-16.6418,-14.5725,0.03500,0,
-16.5302,-14.6550,0.03517,0,
-16.4929,-14.7375,0.03533,0,
-16.5302,-14.8225,0.03550,0,
-16.3440,-14.9050,0.03567,0,
-16.2323,-14.9900,0.03583,0,
-16.4185,-15.0725,0.03600,0,
-16.3440,-15.1550,0.03617,0,
-16.1951,-15.2400,0.03633,0,
-16.1951,-15.3225,0.03650,0,
-16.2695,-15.4075,0.03667,0,
-16.1206,-15.4875,0.03683,0,
-15.8228,-15.5700,0.03700,0,
-15.7856,-15.6550,0.03717,0,
-15.8228,-15.7375,0.03733,0,
-15.6739,-15.8225,0.03750,0,
-15.7111,-15.9050,0.03767,0,
-15.7856,-15.9875,0.03783,0,
-15.8600,-16.0725,0.03800,0,
-15.8228,-16.1550,0.03817,0,
-15.8600,-16.2375,0.03833,0,
-15.8228,-16.3225,0.03850,0,
-15.8228,-16.4050,0.03867,0,
-15.8228,-16.4900,0.03883,0,
-15.9717,-16.5725,0.03900,0,
-16.0089,-16.6550,0.03917,0,
-15.9717,-16.7400,0.03933,0,
-15.7483,-16.8225,0.03950,0,
-15.6739,-16.9050,0.03967,0,
-15.7483,-16.9900,0.03983,0,
-15.5994,-17.0725,0.04000,0,
-15.5622,-17.1575,0.04017,0,
-15.5994,-17.2400,0.04033,0,
-15.5622,-17.3225,0.04050,0,
-15.5249,-17.4075,0.04067,0,
-15.5622,-17.4925,0.04083,0,
-15.5994,-17.5725,0.04100,0,
-15.6366,-17.6575,0.04117,0,
-15.6739,-17.7400,0.04133,0,
-15.6739,-17.8225,0.04150,0,
-15.7483,-17.9075,0.04167,0,
-15.7856,-17.9900,0.04183,0,
-15.9345,-18.0750,0.04200,0,
-16.0089,-18.1600,0.04217,0,
-15.9345,-18.2400,0.04233,0,
-15.9345,-18.3250,0.04250,0,
-15.8972,-18.4075,0.04267,0,
-15.8972,-18.4925,0.04283,0,
-15.8600,-18.5750,0.04300,0,
-15.8600,-18.6600,0.04317,0,
-15.8228,-18.7425,0.04333,0,
-15.8600,-18.8275,0.04350,0,
-15.9345,-18.9100,0.04367,0,
-16.0089,-18.9925,0.04383,0,
-16.0089,-19.0750,0.04400,0,
-16.0462,-19.1600,0.04417,0,
-16.1206,-19.2425,0.04433,0,
-16.1579,-19.3275,0.04450,0,
-16.1206,-19.4100,0.04467,0,
-16.1206,-19.4950,0.04483,0,
-16.1206,-19.5775,0.04500,0,
-16.1579,-19.6600,0.04517,0,
-16.1206,-19.7425,0.04533,0,
-16.0834,-19.8275,0.04550,0,
-16.1206,-19.9100,0.04567,0,
-16.1951,-19.9950,0.04583,0,
-16.1579,-20.0775,0.04600,0,
-16.1579,-20.1625,0.04617,0,
-16.2323,-20.2450,0.04633,0,
-16.3068,-20.3275,0.04650,0,
-16.3440,-20.4100,0.04667,0,
-16.3812,-20.4950,0.04683,0,
-16.4185,-20.5775,0.04700,0,
-16.5302,-20.6600,0.04717,0,
-16.5674,-20.7450,0.04733,0,
-16.6418,-20.8275,0.04750,0,
-16.6791,-20.9100,0.04767,0,
-16.7163,-20.9950,0.04783,0,
-16.7535,-21.0775,0.04800,0,
-16.7908,-21.1625,0.04817,0,
-16.7908,-21.2450,0.04833,0,
-16.8652,-21.3275,0.04850,0,
-16.9025,-21.4125,0.04867,0,
-16.9397,-21.4950,0.04883,0,
-16.9769,-21.5775,0.04900,0,
-17.0514,-21.6625,0.04917,0,
-17.0514,-21.7450,0.04933,0,
-17.1258,-21.8275,0.04950,0,
-17.1258,-21.9125,0.04967,0,
-17.1258,-21.9950,0.04983,0,
-17.2003,-22.0800,0.05000,0,
-17.2748,-22.1625,0.05017,0,
-17.3864,-22.2450,0.05033,0,
-17.4981,-22.3300,0.05050,0,
-17.6843,-22.4125,0.05067,0,
-17.8332,-22.4950,0.05083,0,
-17.9821,-22.5800,0.05100,0,
-18.1311,-22.6625,0.05117,0,
-18.2427,-22.7450,0.05133,0,
-18.3917,-22.8300,0.05150,0,
-18.4661,-22.9125,0.05167,0,
-18.5406,-22.9950,0.05183,0,
-18.6523,-23.0775,0.05200,0,
-18.7640,-23.1625,0.05217,0,
-18.8757,-23.2450,0.05233,0,
-18.9501,-23.3275,0.05250,0,
-19.0246,-23.4125,0.05267,0,
-19.0990,-23.4950,0.05283,0,
-19.2107,-23.5775,0.05300,0,
-19.2852,-23.6625,0.05317,0,
-19.3969,-23.7450,0.05333,0,
-19.5086,-23.8300,0.05350,0,
-19.6203,-23.9125,0.05367,0,
-19.7692,-23.9950,0.05383,0,
-19.8809,-24.0800,0.05400,0,
-20.0298,-24.1625,0.05417,0,
-20.1787,-24.2450,0.05433,0,
-20.3649,-24.3275,0.05450,0,
-20.5138,-24.4125,0.05467,0,
-20.7372,-24.4950,0.05483,0,
-20.9233,-24.5800,0.05500,0,
-21.1839,-24.6625,0.05517,0,
-21.3328,-24.7450,0.05533,0,
-21.5562,-24.8300,0.05550,0,
-21.7051,-24.9125,0.05567,0,
-21.8913,-24.9950,0.05583,0,
-22.0402,-25.0800,0.05600,0,
-22.2636,-25.1625,0.05617,0,
-22.5242,-25.2450,0.05633,0,
-22.8593,-25.3300,0.05650,0,
-23.1943,-25.4125,0.05667,0,
-23.5294,-25.4950,0.05683,0,
-23.8273,-25.5800,0.05700,0,
-24.0879,-25.6625,0.05717,0,
-24.4229,-25.7475,0.05733,0,
-24.7208,-25.8300,0.05750,0,
-25.0186,-25.9125,0.05767,0,
-25.2048,-25.9975,0.05783,0,
-25.5026,-26.0800,0.05800,0,
-25.7632,-26.1625,0.05817,0,
-26.0238,-26.2475,0.05833,0,
-26.2844,-26.3300,0.05850,0,
-26.5450,-26.4125,0.05867,0,
-26.7684,-26.4975,0.05883,0,
-27.0663,-26.5800,0.05900,0,
-27.2896,-26.6625,0.05917,0,
-27.5130,-26.7450,0.05933,0,
-27.7364,-26.8275,0.05950,0,
-27.9226,-26.9125,0.05967,0,
-28.1459,-26.9950,0.05983,0,
-28.3693,-27.0775,0.06000,0,
-28.5927,-27.1625,0.06017,0,
-28.7789,-27.2450,0.06033,0,
-29.0395,-27.3275,0.06050,0,
-29.3001,-27.4100,0.06067,0,
-29.5235,-27.4950,0.06083,0,
-29.7468,-27.5775,0.06100,0,
-29.9330,-27.6600,0.06117,0,
-30.1564,-27.7425,0.06133,0,
-30.3425,-27.8275,0.06150,0,
-30.5287,-27.9100,0.06167,0,
-30.7520,-27.9925,0.06183,0,
-30.9382,-28.0775,0.06200,0,
-31.1243,-28.1600,0.06217,0,
-31.2733,-28.2425,0.06233,0,
-31.4222,-28.3250,0.06250,0,
-31.6083,-28.4100,0.06267,0,
-31.8317,-28.4925,0.06283,0,
-32.0179,-28.5750,0.06300,0,
-32.2040,-28.6600,0.06317,0,
-32.3902,-28.7425,0.06333,0,
-32.5763,-28.8250,0.06350,0,
-32.7252,-28.9100,0.06367,0,
-32.8742,-28.9925,0.06383,0,
-33.0603,-29.0750,0.06400,0,
-33.1720,-29.1575,0.06417,0,
-33.3582,-29.2400,0.06433,0,
-33.5443,-29.3225,0.06450,0,
-33.6560,-29.4025,0.06467,0,
-33.8049,-29.4800,0.06483,0,
-33.9166,-29.5600,0.06500,0,
-34.0655,-29.6350,0.06517,0,
-34.1772,-29.7075,0.06533,0,
-34.2517,-29.7800,0.06550,0,
-34.3634,-29.8500,0.06567,0,
-34.4378,-29.9175,0.06583,0,
-34.5123,-29.9850,0.06600,0,
-34.5867,-30.0475,0.06617,0,
-34.6240,-30.1100,0.06633,0,
-34.6984,-30.1700,0.06650,0,
-34.7357,-30.2300,0.06667,0,
-34.7729,-30.2850,0.06683,0,
-34.8101,-30.3400,0.06700,0,
-34.8474,-30.3925,0.06717,0,
-34.8846,-30.4425,0.06733,0,
-34.9218,-30.4900,0.06750,0,
-34.9590,-30.5375,0.06767,0,
-34.9590,-30.5800,0.06783,0,
-34.9590,-30.6225,0.06800,0,
-34.9590,-30.6625,0.06817,0,
-34.8474,-30.6900,0.06833,0,
-34.7357,-30.7000,0.06850,0,
-34.5495,-30.7000,0.06867,0,
-34.4006,-30.6975,0.06883,0,
-34.2144,-30.6975,0.06900,0,
-34.1028,-30.7050,0.06917,0,
-34.0283,-30.7125,0.06933,0,
-33.9166,-30.7175,0.06950,0,
-33.7677,-30.7200,0.06967,0,
-33.6560,-30.7200,0.06983,0,
-33.5815,-30.7225,0.07000,0,
-33.5071,-30.7250,0.07017,0,
-33.3954,-30.7250,0.07033,0,
-33.2837,-30.7250,0.07050,0,
-33.2092,-30.7250,0.07067,0,
-33.1348,-30.7250,0.07083,0,
-33.0231,-30.7250,0.07100,0,
-32.9486,-30.7250,0.07117,0,
-32.8742,-30.7250,0.07133,0,
-32.7997,-30.7250,0.07150,0,
-32.7252,-30.7250,0.07167,0,
-32.6508,-30.7250,0.07183,0,
-32.5763,-30.7250,0.07200,0,
-32.5019,-30.7250,0.07217,0,
-32.4274,-30.7250,0.07233,0,
-32.3902,-30.7250,0.07250,0,
-32.3157,-30.7250,0.07267,0,
-32.2785,-30.7250,0.07283,0,
-32.2040,-30.7250,0.07300,0,
-32.1296,-30.7250,0.07317,0,
-32.0923,-30.7250,0.07333,0,
-32.0179,-30.7250,0.07350,0,
-31.9806,-30.7250,0.07367,0,
-31.9434,-30.7175,0.07383,0,
-31.7573,-30.6975,0.07400,0,
-31.5339,-30.6700,0.07417,0,
-31.2360,-30.6400,0.07433,0,
-30.9754,-30.6075,0.07450,0,
-30.7520,-30.5750,0.07467,0,
-30.5287,-30.5425,0.07483,0,
-30.2308,-30.5050,0.07500,0,
-30.0074,-30.4675,0.07517,0,
-29.7468,-30.4300,0.07533,0,
-29.5235,-30.3875,0.07550,0,
-29.3001,-30.3475,0.07567,0,
-29.0767,-30.3025,0.07583,0,
-28.8161,-30.2600,0.07600,0,
-28.5927,-30.2150,0.07617,0,
-28.3321,-30.1675,0.07633,0,
-28.1087,-30.1175,0.07650,0,
-27.9226,-30.0700,0.07667,0,
-27.6992,-30.0175,0.07683,0,
-27.4758,-29.9675,0.07700,0,
-27.2524,-29.9150,0.07717,0,
-27.0663,-29.8600,0.07733,0,
-26.8057,-29.8050,0.07750,0,
-26.5823,-29.7500,0.07767,0,
-26.3589,-29.6925,0.07783,0,
-26.1355,-29.6350,0.07800,0,
-25.9494,-29.5750,0.07817,0,
-25.7260,-29.5150,0.07833,0,
-25.4654,-29.4550,0.07850,0,
-25.2420,-29.3950,0.07867,0,
-24.9814,-29.3325,0.07883,0,
-24.7580,-29.2700,0.07900,0,
-24.5719,-29.2075,0.07917,0,
-24.3857,-29.1425,0.07933,0,
-24.1251,-29.0775,0.07950,0,
-23.9017,-29.0125,0.07967,0,
-23.6783,-28.9475,0.07983,0,
-23.4922,-28.8800,0.08000,0,
-23.2316,-28.8125,0.08017,0,
-22.9710,-28.7450,0.08033,0,
-22.7476,-28.6775,0.08050,0,
-22.4497,-28.6075,0.08067,0,
-22.1891,-28.5400,0.08083,0,
-21.9285,-28.4700,0.08100,0,
-21.6679,-28.4000,0.08117,0,
-21.4073,-28.3275,0.08133,0,
-21.1839,-28.2575,0.08150,0,
-20.9605,-28.1850,0.08167,0,
-20.6627,-28.1150,0.08183,0,
-20.4393,-28.0425,0.08200,0,
-20.2159,-27.9675,0.08217,0,
-19.9181,-27.8950,0.08233,0,
-19.6575,-27.8225,0.08250,0,
-19.4341,-27.7475,0.08267,0,
-19.1735,-27.6750,0.08283,0,
-18.9501,-27.6000,0.08300,0,
-18.6895,-27.5250,0.08317,0,
-18.4661,-27.4500,0.08333,0,
-18.2055,-27.3750,0.08350,0,
-17.9449,-27.3000,0.08367,0,
-17.7215,-27.2250,0.08383,0,
-17.4609,-27.1475,0.08400,0,
-17.2375,-27.0725,0.08417,0,
-16.9769,-26.9950,0.08433,0,
-16.7535,-26.9175,0.08450,0,
-16.4929,-26.8425,0.08467,0,
-16.2323,-26.7650,0.08483,0,
-16.0089,-26.6875,0.08500,0,
-15.7856,-26.6100,0.08517,0,
-15.5622,-26.5325,0.08533,0,
-15.3388,-26.4525,0.08550,0,
-15.1154,-26.3750,0.08567,0,
-14.9293,-26.2975,0.08583,0,
-14.7803,-26.2200,0.08600,0,
-14.5942,-26.1400,0.08617,0,
-14.4080,-26.0625,0.08633,0,
-14.2591,-25.9825,0.08650,0,
-14.0730,-25.9025,0.08667,0,
-13.9240,-25.8250,0.08683,0,
-13.7379,-25.7450,0.08700,0,
-13.5890,-25.6675,0.08717,0,
-13.4773,-25.5875,0.08733,0,
-13.3284,-25.5075,0.08750,0,
-13.2539,-25.4275,0.08767,0,
-13.1422,-25.3475,0.08783,0,
-13.0305,-25.2675,0.08800,0,
-12.9188,-25.1875,0.08817,0,
-12.8071,-25.1075,0.08833,0,
-12.6582,-25.0275,0.08850,0,
-12.5838,-24.9450,0.08867,0,
-12.4348,-24.8650,0.08883,0,
-12.3604,-24.7850,0.08900,0,
-12.2487,-24.7050,0.08917,0,
-12.1742,-24.6225,0.08933,0,
-12.0625,-24.5425,0.08950,0,
-11.9509,-24.4600,0.08967,0,
-11.8764,-24.3800,0.08983,0,
-11.8019,-24.2975,0.09000,0,
-11.6902,-24.2175,0.09017,0,
-11.6158,-24.1350,0.09033,0,
-11.5786,-24.0550,0.09050,0,
-11.5413,-23.9725,0.09067,0,
-11.4669,-23.8900,0.09083,0,
-11.4296,-23.8100,0.09100,0,
-11.3924,-23.7275,0.09117,0,
-11.2807,-23.6450,0.09133,0,
-11.2063,-23.5650,0.09150,0,
-11.1690,-23.4825,0.09167,0,
-11.0573,-23.4000,0.09183,0,
-10.9829,-23.3175,0.09200,0,
-10.9456,-23.2350,0.09217,0,
-10.8340,-23.1525,0.09233,0,
-10.7595,-23.0700,0.09250,0,
-10.7223,-22.9875,0.09267,0,
-10.6106,-22.9050,0.09283,0,
-10.5733,-22.8250,0.09300,0,
-10.4989,-22.7425,0.09317,0,
-10.4617,-22.6600,0.09333,0,
-10.3872,-22.5775,0.09350,0,
-10.3500,-22.4950,0.09367,0,
-10.3127,-22.4125,0.09383,0,
-10.2755,-22.3300,0.09400,0,
-10.2010,-22.2475,0.09417,0,
-10.1266,-22.1650,0.09433,0,
-10.0894,-22.0825,0.09450,0,
-10.0149,-22.0000,0.09467,0,
-9.9404,-21.9175,0.09483,0,
-9.8660,-21.8325,0.09500,0,
-9.7543,-21.7500,0.09517,0,
-9.7915,-21.6675,0.09533,0,
-9.6798,-21.5850,0.09550,0,
-9.6054,-21.5025,0.09567,0,
-9.5309,-21.4200,0.09583,0,
-9.4937,-21.3375,0.09600,0,
-9.3820,-21.2550,0.09617,0,
-9.3820,-21.1725,0.09633,0,
-9.3075,-21.0900,0.09650,0,
-9.2703,-21.0050,0.09667,0,
-9.1958,-20.9225,0.09683,0,
-9.1586,-20.8400,0.09700,0,
-9.0841,-20.7575,0.09717,0,
-9.0469,-20.6750,0.09733,0,
-9.0097,-20.5925,0.09750,0,
-8.9725,-20.5100,0.09767,0,
-8.8980,-20.4275,0.09783,0,
-8.8980,-20.3450,0.09800,0,
-8.8235,-20.2600,0.09817,0,
-8.8235,-20.1775,0.09833,0,
-8.6746,-20.0950,0.09850,0,
-8.6374,-20.0125,0.09867,0,
-8.5629,-19.9300,0.09883,0,
-8.4885,-19.8475,0.09900,0,
-8.4512,-19.7650,0.09917,0,
-8.3395,-19.6800,0.09933,0,
-8.3023,-19.5975,0.09950,0,
-8.2278,-19.5150,0.09967,0,
-8.1906,-19.4325,0.09983,0,
-8.1162,-19.3500,0.10000,0,
-8.1162,-19.2650,0.10017,0,
-8.0045,-19.1825,0.10033,0,
-7.9672,-19.1000,0.10050,0,
-7.8928,-19.0175,0.10067,0,
-7.8928,-18.9325,0.10083,0,
-7.8928,-18.8500,0.10100,0,
-7.8555,-18.7675,0.10117,0,
-7.7811,-18.6825,0.10133,0,
-7.7066,-18.6000,0.10150,0,
-7.6322,-18.5175,0.10167,0,
-7.5577,-18.4350,0.10183,0,
-7.5577,-18.3500,0.10200,0,
-7.6322,-18.2675,0.10217,0,
-7.5577,-18.1850,0.10233,0,
-7.4832,-18.1000,0.10250,0,
-7.4088,-18.0175,0.10267,0,
-7.3343,-17.9350,0.10283,0,
-7.3716,-17.8500,0.10300,0,
-7.3343,-17.7675,0.10317,0,
-7.2971,-17.6850,0.10333,0,
-7.3716,-17.6000,0.10350,0,
-7.3716,-17.5175,0.10367,0,
-7.3343,-17.4350,0.10383,0,
-7.2971,-17.3500,0.10400,0,
-7.2226,-17.2675,0.10417,0,
-7.1482,-17.1850,0.10433,0,
-7.1109,-17.1000,0.10450,0,
-7.1482,-17.0175,0.10467,0,
-7.1482,-16.9350,0.10483,0,
-7.1482,-16.8500,0.10500,0,
-7.0365,-16.7675,0.10517,0,
-7.0737,-16.6850,0.10533,0,
-7.0365,-16.6000,0.10550,0,
-6.9993,-16.5175,0.10567,0,
-7.0365,-16.4350,0.10583,0,
-7.1109,-16.3525,0.10600,0,
-7.0737,-16.2675,0.10617,0,
-6.9993,-16.1850,0.10633,0,
-7.0365,-16.1025,0.10650,0,
-6.9993,-16.0175,0.10667,0,
-7.0737,-15.9350,0.10683,0,
-7.0737,-15.8525,0.10700,0,
-7.1109,-15.7700,0.10717,0,
-7.0737,-15.6850,0.10733,0,
-7.0365,-15.6025,0.10750,0,
-7.0365,-15.5200,0.10767,0,
-6.9993,-15.4375,0.10783,0,
-6.9248,-15.3550,0.10800,0,
-6.9248,-15.2725,0.10817,0,
-6.9248,-15.1875,0.10833,0,
-6.9993,-15.1050,0.10850,0,
-6.9993,-15.0225,0.10867,0,
-7.0365,-14.9400,0.10883,0,
-6.9620,-14.8550,0.10900,0,
-6.9620,-14.7725,0.10917,0,
-6.9620,-14.6900,0.10933,0,
-7.0365,-14.6050,0.10950,0,
-7.1109,-14.5225,0.10967,0,
-7.1482,-14.4400,0.10983,0,
-7.1109,-14.3550,0.11000,0,
-7.1482,-14.2725,0.11017,0,
-7.1854,-14.1900,0.11033,0,
-7.2226,-14.1050,0.11050,0,
-7.2971,-14.0225,0.11067,0,
-7.3343,-13.9375,0.11083,0,
-7.3716,-13.8550,0.11100,0,
-7.4088,-13.7700,0.11117,0,
-7.3343,-13.6875,0.11133,0,
-7.2971,-13.6050,0.11150,0,
-7.3343,-13.5200,0.11167,0,
-7.2971,-13.4375,0.11183,0,
-7.3716,-13.3525,0.11200,0,
-7.4460,-13.2700,0.11217,0,
-7.5205,-13.1850,0.11233,0,
-7.5577,-13.1025,0.11250,0,
-7.5949,-13.0175,0.11267,0,
-7.5577,-12.9350,0.11283,0,
-7.4832,-12.8500,0.11300,0,
-7.4832,-12.7675,0.11317,0,
-7.5577,-12.6825,0.11333,0,
-7.6322,-12.6000,0.11350,0,
-7.6694,-12.5150,0.11367,0,
-7.7811,-12.4325,0.11383,0,
-7.8555,-12.3500,0.11400,0,
-7.8928,-12.2650,0.11417,0,
-8.0045,-12.1825,0.11433,0,
-8.0789,-12.0975,0.11450,0,
-8.2278,-12.0150,0.11467,0,
-8.4140,-11.9300,0.11483,0,
-8.5257,-11.8475,0.11500,0,
-8.4512,-11.7650,0.11517,0,
-8.5257,-11.6800,0.11533,0,
-8.6001,-11.5975,0.11550,0,
-8.6001,-11.5125,0.11567,0,
-8.8608,-11.4300,0.11583,0,
-8.8980,-11.3475,0.11600,0,
-8.8980,-11.2625,0.11617,0,
-8.9725,-11.1800,0.11633,0,
-9.0841,-11.0975,0.11650,0,
-9.3075,-11.0125,0.11667,0,
-9.3820,-10.9300,0.11683,0,
-9.4564,-10.8475,0.11700,0,
-9.5309,-10.7625,0.11717,0,
-9.6798,-10.6800,0.11733,0,
-9.7543,-10.5975,0.11750,0,
-9.8660,-10.5125,0.11767,0,
-9.9404,-10.4300,0.11783,0,
-10.1638,-10.3475,0.11800,0,
-10.2010,-10.2625,0.11817,0,
-10.3127,-10.1800,0.11833,0,
-10.3127,-10.0975,0.11850,0,
-10.3500,-10.0150,0.11867,0,
-10.4989,-9.9300,0.11883,0,
-10.6478,-9.8475,0.11900,0,
-10.7223,-9.7625,0.11917,0,
-10.7967,-9.6800,0.11933,0,
-11.0201,-9.5975,0.11950,0,
-11.0946,-9.5150,0.11967,0,
-11.2807,-9.4300,0.11983,0,
-11.3924,-9.3475,0.12000,0,
-11.5413,-9.2625,0.12017,0,
-11.7275,-9.1800,0.12033,0,
-11.8392,-9.0975,0.12050,0,
-11.8764,-9.0125,0.12067,0,
-11.8764,-8.9300,0.12083,0,
-11.9881,-8.8475,0.12100,0,
-12.0625,-8.7625,0.12117,0,
-12.3604,-8.6800,0.12133,0,
-12.5465,-8.5950,0.12150,0,
-12.5465,-8.5125,0.12167,0,
-12.6582,-8.4300,0.12183,0,
-12.7327,-8.3475,0.12200,0,
-12.9188,-8.2625,0.12217,0,
-12.8816,-8.1800,0.12233,0,
-12.8816,-8.0975,0.12250,0,
-13.1050,-8.0125,0.12267,0,
-13.3284,-7.9300,0.12283,0,
-13.2539,-7.8450,0.12300,0,
-13.4028,-7.7625,0.12317,0,
-13.4773,-7.6800,0.12333,0,
-13.5518,-7.5950,0.12350,0,
-13.7007,-7.5125,0.12367,0,
-13.8496,-7.4300,0.12383,0,
-13.8868,-7.3450,0.12400,0,
-14.0357,-7.2625,0.12417,0,
-14.1847,-7.1775,0.12433,0,
-14.3708,-7.0950,0.12450,0,
-14.4080,-7.0125,0.12467,0,
-14.5197,-6.9275,0.12483,0,
-14.4825,-6.8450,0.12500,0,
-14.6687,-6.7625,0.12517,0,
-14.7431,-6.6775,0.12533,0,
-14.8920,-6.5950,0.12550,0,
-14.8176,-6.5125,0.12567,0,
-15.0037,-6.4275,0.12583,0,
-14.9665,-6.3450,0.12600,0,
-15.0782,-6.2625,0.12617,0,
-15.1526,-6.1775,0.12633,0,
-15.1526,-6.0950,0.12650,0,
-15.2643,-6.0125,0.12667,0,
-15.2643,-5.9275,0.12683,0,
-15.2643,-5.8450,0.12700,0,
-15.2643,-5.7625,0.12717,0,
-15.3388,-5.6800,0.12733,0,
-15.3388,-5.5975,0.12750,0,
-15.4133,-5.5125,0.12767,0,
-15.3760,-5.4300,0.12783,0,
-15.4133,-5.3475,0.12800,0,
-15.3388,-5.2625,0.12817,0,
-15.2271,-5.1800,0.12833,0,
-15.1526,-5.0975,0.12850,0,
-15.0782,-5.0150,0.12867,0,
-14.8548,-4.9300,0.12883,0,
-14.9293,-4.8475,0.12900,0,
-14.8548,-4.7650,0.12917,0,
-14.7803,-4.6800,0.12933,0,
-14.9665,-4.5975,0.12950,0,
-14.7803,-4.5125,0.12967,0,
-14.5942,-4.4300,0.12983,0,
-14.4825,-4.3450,0.13000,0,
-14.3708,-4.2625,0.13017,0,
-14.4080,-4.1800,0.13033,0,
-14.3708,-4.0950,0.13050,0,
-13.9613,-4.0125,0.13067,0,
-13.7751,-3.9275,0.13083,0,
-13.5145,-3.8450,0.13100,0,
-13.2167,-3.7625,0.13117,0,
-13.0678,-3.6775,0.13133,0,
-12.9188,-3.5950,0.13150,0,
-12.6955,-3.5125,0.13167,0,
-12.3604,-3.4275,0.13183,0,
-12.0998,-3.3450,0.13200,0,
-11.8019,-3.2600,0.13217,0,
-11.3552,-3.1775,0.13233,0,
-11.0201,-3.0925,0.13250,0,
-10.6850,-3.0100,0.13267,0,
-10.3500,-2.9275,0.13283,0,
-10.0521,-2.8425,0.13300,0,
-9.6426,-2.7600,0.13317,0,
-9.2703,-2.6750,0.13333,0,
-8.8980,-2.5925,0.13350,0,
-8.5629,-2.5075,0.13367,0,
-8.1534,-2.4250,0.13383,0,
-7.7439,-2.3400,0.13400,0,
-7.2971,-2.2575,0.13417,0,
-6.8876,-2.1750,0.13433,0,
-6.3291,-2.0900,0.13450,0,
-5.7334,-2.0075,0.13467,0,
-5.1378,-1.9225,0.13483,0,
-4.6910,-1.8400,0.13500,0,
-4.1325,-1.7550,0.13517,0,
-3.4996,-1.6725,0.13533,0,
-2.9412,-1.5900,0.13550,0,
-2.3083,-1.5050,0.13567,0,
-1.7498,-1.4250,0.13583,0,
-1.1169,-1.3425,0.13600,0,
-0.5957,-1.2600,0.13617,0,
-0.0372,-1.1850,0.13633,0,
0.4840,-1.1100,0.13650,0,
0.9680,-1.0350,0.13667,0,
1.0797,-0.9625,0.13683,0,
0.2606,-0.8925,0.13700,0,
0.0000,-0.8250,0.13717,0,
0.0000,-0.7575,0.13733,0,
0.0000,-0.6900,0.13750,0,
0.0000,-0.6300,0.13767,0,
0.0000,-0.5700,0.13783,0,
0.0000,-0.5100,0.13800,0,
0.0000,-0.4550,0.13817,0,
0.0000,-0.4000,0.13833,0,
0.0000,-0.3475,0.13850,0,
0.0000,-0.2975,0.13867,0,
0.0000,-0.2475,0.13883,0,
0.0000,-0.2000,0.13900,0,
0.0000,-0.1550,0.13917,0,
0.0000,-0.1125,0.13933,0,
0.0000,-0.0725,0.13950,0,
-0.0372,-0.0450,0.13967,0,
-0.0372,-0.0350,0.13983,0,
0.0000,-0.0350,0.14000,0,
0.0000,-0.0400,0.14017,0,
0.0000,-0.0375,0.14033,0,
0.0000,-0.0300,0.14050,0,
0.0000,-0.0200,0.14067,0,
0.0000,-0.0150,0.14083,0,
0.0000,-0.0150,0.14100,0,
0.0000,-0.0125,0.14117,0,
0.0000,-0.0075,0.14133,0,
0.0000,0.0000,0.14150,0,
0.0000,0.0050,0.14167,0,
0.0000,0.0075,0.14183,0,
0.0000,0.0050,0.14200,0,
0.0000,0.0025,0.14217,0,
0.0000,0.0025,0.14233,0,
0.0000,0.0025,0.14250,0,
0.0000,0.0025,0.14267,0,
0.0000,0.0025,0.14283,0,
0.0000,0.0025,0.14300,0,
0.0000,0.0025,0.14317,0,
0.0000,0.0025,0.14333,0,
0.0000,0.0025,0.14350,0,
0.0000,0.0025,0.14367,0,
0.0000,0.0025,0.14383,0,
0.0000,0.0025,0.14400,0,
0.0000,0.0025,0.14417,0,
0.0000,0.0025,0.14433,0,
-0.0372,-0.0100,0.14450,0,
0.0000,-0.0350,0.14467,0,
0.0000,-0.0650,0.14483,0,
0.0000,-0.0950,0.14500,0,
0.0000,-0.1275,0.14517,0,
0.0000,-0.1625,0.14533,0,
0.0000,-0.1975,0.14550,0,
0.0000,-0.2350,0.14567,0,
0.0000,-0.2725,0.14583,0,
0.0000,-0.3125,0.14600,0,
0.0000,-0.3550,0.14617,0,
0.0000,-0.3975,0.14633,0,
0.0000,-0.4425,0.14650,0,
-0.0372,-0.4875,0.14667,0,
-0.0372,-0.5325,0.14683,0,
-0.0745,-0.5800,0.14700,0,
-0.2606,-0.6300,0.14717,0,
-0.6701,-0.6800,0.14733,0,
-1.3403,-0.7300,0.14750,0,
-2.1966,-0.7825,0.14767,0,
-3.1646,-0.8350,0.14783,0,
-4.0953,-0.8900,0.14800,0,
-4.9144,-0.9450,0.14817,0,
-5.5101,-1.0025,0.14833,0,
-6.1057,-1.0575,0.14850,0,
-6.8503,-1.1175,0.14867,0,
-7.7811,-1.1750,0.14883,0,
-8.7863,-1.2350,0.14900,0,
-9.7543,-1.2950,0.14917,0,
-10.7223,-1.3575,0.14933,0,
-11.7647,-1.4200,0.14950,0,
-12.8071,-1.4825,0.14967,0,
-13.8124,-1.5450,0.14983,0,
-14.9293,-1.6100,0.15000,0,
-15.7483,-1.6750,0.15017,0,
-16.4185,-1.7400,0.15033,0,
-17.2003,-1.8050,0.15050,0,
-18.3544,-1.8700,0.15067,0,
-19.1363,-1.9375,0.15083,0,
-19.5830,-2.0050,0.15100,0,
-20.1042,-2.0725,0.15117,0,
-20.7744,-2.1425,0.15133,0,
-21.2584,-2.2100,0.15150,0,
-21.9285,-2.2800,0.15167,0,
-22.3753,-2.3500,0.15183,0,
-22.7848,-2.4200,0.15200,0,
-23.3433,-2.4900,0.15217,0,
-23.7528,-2.5625,0.15233,0,
-24.3857,-2.6325,0.15250,0,
-24.9442,-2.7050,0.15267,0,
-25.0931,-2.7775,0.15283,0,
-25.3537,-2.8500,0.15300,0,
-25.6888,-2.9225,0.15317,0,
-25.9866,-2.9975,0.15333,0,
-26.3217,-3.0700,0.15350,0,
-26.6567,-3.1450,0.15367,0,
-27.2152,-3.2175,0.15383,0,
-27.3269,-3.2925,0.15400,0,
-27.6247,-3.3675,0.15417,0,
-27.6247,-3.4425,0.15433,0,
-27.9598,-3.5200,0.15450,0,
-28.2204,-3.5950,0.15467,0,
-28.4066,-3.6700,0.15483,0,
-28.5927,-3.7475,0.15500,0,
-28.7416,-3.8225,0.15517,0,
-28.9650,-3.9000,0.15533,0,
-29.0395,-3.9775,0.15550,0,
-28.8905,-4.0550,0.15567,0,
-29.0022,-4.1325,0.15583,0,
-28.8905,-4.2100,0.15600,0,
-28.8533,-4.2875,0.15617,0,
-28.7789,-4.3650,0.15633,0,
-28.7416,-4.4425,0.15650,0,
-28.7789,-4.5225,0.15667,0,
-28.7789,-4.6000,0.15683,0,
-28.7044,-4.6800,0.15700,0,
-28.6299,-4.7575,0.15717,0,
-28.5927,-4.8375,0.15733,0,
-28.5182,-4.9150,0.15750,0,
-28.5182,-4.9950,0.15767,0,
-28.2576,-5.0750,0.15783,0,
-28.3321,-5.1550,0.15800,0,
-28.4066,-5.2350,0.15817,0,
-28.4066,-5.3150,0.15833,0,
-28.3693,-5.3950,0.15850,0,
-27.9598,-5.4750,0.15867,0,
-27.7736,-5.5550,0.15883,0,
-27.7364,-5.6350,0.15900,0,
-27.8481,-5.7150,0.15917,0,
-27.8109,-5.7950,0.15933,0,
-27.6247,-5.8750,0.15950,0,
-27.5130,-5.9575,0.15967,0,
-27.4758,-6.0375,0.15983,0,
-27.1035,-6.1200,0.16000,0,
-26.9173,-6.2000,0.16017,0,
-26.8057,-6.2825,0.16033,0,
-26.9173,-6.3625,0.16050,0,
-26.6940,-6.4450,0.16067,0,
-26.5823,-6.5250,0.16083,0,
-26.4706,-6.6075,0.16100,0,
-26.2100,-6.6875,0.16117,0,
-26.0238,-6.7700,0.16133,0,
-25.6143,-6.8525,0.16150,0,
-25.5026,-6.9325,0.16167,0,
-25.4654,-7.0150,0.16183,0,
-25.3537,-7.0975,0.16200,0,
-25.3537,-7.1800,0.16217,0,
-25.2420,-7.2600,0.16233,0,
-25.2420,-7.3425,0.16250,0,
-25.2420,-7.4250,0.16267,0,
-24.9069,-7.5075,0.16283,0,
-24.4602,-7.5900,0.16300,0,
-24.0506,-7.6725,0.16317,0,
-23.6411,-7.7550,0.16333,0,
-23.5294,-7.8350,0.16350,0,
-23.3805,-7.9175,0.16367,0,
-23.1571,-8.0000,0.16383,0,
-23.1571,-8.0825,0.16400,0,
-23.0454,-8.1650,0.16417,0,
-22.9337,-8.2475,0.16433,0,
-22.9337,-8.3300,0.16450,0,
-22.7104,-8.4125,0.16467,0,
-22.6731,-8.4950,0.16483,0,
-22.6359,-8.5775,0.16500,0,
-22.3380,-8.6625,0.16517,0,
-22.0030,-8.7450,0.16533,0,
-21.7796,-8.8275,0.16550,0,
-21.3701,-8.9100,0.16567,0,
-21.2584,-8.9925,0.16583,0,
-21.0350,-9.0750,0.16600,0,
-21.0722,-9.1575,0.16617,0,
-20.8116,-9.2425,0.16633,0,
-20.6255,-9.3250,0.16650,0,
-20.8861,-9.4075,0.16667,0,
-20.7744,-9.4900,0.16683,0,
-20.6255,-9.5725,0.16700,0,
-20.4765,-9.6550,0.16717,0,
-20.3649,-9.7375,0.16733,0,
-20.2159,-9.8225,0.16750,0,
-20.1415,-9.9050,0.16767,0,
-20.0298,-9.9875,0.16783,0,
-20.1042,-10.0725,0.16800,0,
-19.9926,-10.1525,0.16817,0,
-19.8809,-10.2375,0.16833,0,
-19.7319,-10.3200,0.16850,0,
-19.6203,-10.4050,0.16867,0,
-19.4713,-10.4875,0.16883,0,
-19.2852,-10.5700,0.16900,0,
-18.9129,-10.6525,0.16917,0,
-18.6895,-10.7375,0.16933,0,
-18.4661,-10.8200,0.16950,0,
-18.3544,-10.9025,0.16967,0,
-18.3917,-10.9875,0.16983,0,
-18.2427,-11.0700,0.17000,0,
-17.9449,-11.1525,0.17017,0,
-17.4237,-11.2350,0.17033,0,
-16.9769,-11.3200,0.17050,0,
-16.6046,-11.4025,0.17067,0,
-16.4929,-11.4850,0.17083,0,
-16.4185,-11.5700,0.17100,0,
-16.2323,-11.6525,0.17117,0,
-16.2695,-11.7375,0.17133,0,
-16.1951,-11.8200,0.17150,0,
-16.2323,-11.9025,0.17167,0,
-16.2323,-11.9875,0.17183,0,
-16.2323,-12.0700,0.17200,0,
-15.8600,-12.1525,0.17217,0,
-15.6366,-12.2350,0.17233,0,
-15.6366,-12.3200,0.17250,0,
-15.6739,-12.4025,0.17267,0,
-15.5994,-12.4850,0.17283,0,
-15.4133,-12.5700,0.17300,0,
-15.2643,-12.6525,0.17317,0,
-15.1526,-12.7375,0.17333,0,
-14.8920,-12.8200,0.17350,0,
-14.8176,-12.9025,0.17367,0,
-14.7059,-12.9875,0.17383,0,
-14.7803,-13.0700,0.17400,0,
-14.7059,-13.1525,0.17417,0,
-14.7059,-13.2350,0.17433,0,
-14.5570,-13.3200,0.17450,0,
-14.4080,-13.4025,0.17467,0,
-14.3708,-13.4850,0.17483,0,
-14.4080,-13.5700,0.17500,0,
-14.2964,-13.6525,0.17517,0,
-14.1847,-13.7350,0.17533,0,
-14.1847,-13.8200,0.17550,0,
-14.0730,-13.9025,0.17567,0,
-13.9985,-13.9850,0.17583,0,
-13.9613,-14.0700,0.17600,0,
-13.8868,-14.1525,0.17617,0,
-13.8496,-14.2350,0.17633,0,
-13.8496,-14.3200,0.17650,0,
-13.8496,-14.4025,0.17667,0,
-13.9240,-14.4875,0.17683,0,
-13.9985,-14.5700,0.17700,0,
-13.9985,-14.6525,0.17717,0,
-13.9613,-14.7375,0.17733,0,
-13.8496,-14.8200,0.17750,0,
-13.6634,-14.9050,0.17767,0,
-13.6634,-14.9875,0.17783,0,
-13.7007,-15.0700,0.17800,0,
-13.7379,-15.1550,0.17817,0,
-13.7379,-15.2375,0.17833,0,
-13.8124,-15.3200,0.17850,0,
-13.7007,-15.4050,0.17867,0,
-13.7379,-15.4850,0.17883,0,
-13.7007,-15.5700,0.17900,0,
-13.7007,-15.6525,0.17917,0,
-13.5145,-15.7350,0.17933,0,
-13.4401,-15.8200,0.17950,0,
-13.4773,-15.9025,0.17967,0,
-13.4028,-15.9850,0.17983,0,
-13.4401,-16.0700,0.18000,0,
-13.4773,-16.1525,0.18017,0,
-13.3656,-16.2375,0.18033,0,
-13.2911,-16.3200,0.18050,0,
-13.3284,-16.4025,0.18067,0,
-13.3284,-16.4875,0.18083,0,
-13.2911,-16.5700,0.18100,0,
-13.2539,-16.6525,0.18117,0,
-13.1794,-16.7375,0.18133,0,
-13.2539,-16.8200,0.18150,0,
-13.2911,-16.9025,0.18167,0,
-13.3284,-16.9875,0.18183,0,
-13.2911,-17.0700,0.18200,0,
-13.2911,-17.1550,0.18217,0,
-13.2911,-17.2375,0.18233,0,
-13.3284,-17.3225,0.18250,0,
-13.2911,-17.4050,0.18267,0,
-13.3656,-17.4875,0.18283,0,
-13.3656,-17.5725,0.18300,0,
-13.4028,-17.6550,0.18317,0,
-13.4028,-17.7375,0.18333,0,
-13.4028,-17.8225,0.18350,0,
-13.4028,-17.9050,0.18367,0,
-13.4401,-17.9875,0.18383,0,
-13.4773,-18.0725,0.18400,0,
-13.5890,-18.1550,0.18417,0,
-13.6262,-18.2375,0.18433,0,
-13.6262,-18.3225,0.18450,0,
-13.6634,-18.4050,0.18467,0,
-13.7007,-18.4900,0.18483,0,
-13.7751,-18.5725,0.18500,0,
-13.7379,-18.6575,0.18517,0,
-13.7379,-18.7400,0.18533,0,
-13.7751,-18.8225,0.18550,0,
-13.7379,-18.9075,0.18567,0,
-13.8496,-18.9900,0.18583,0,
-13.8868,-19.0725,0.18600,0,
-13.9240,-19.1575,0.18617,0,
-13.9613,-19.2400,0.18633,0,
-14.0357,-19.3225,0.18650,0,
-14.0730,-19.4050,0.18667,0,
-14.1474,-19.4900,0.18683,0,
-14.1474,-19.5725,0.18700,0,
-14.1847,-19.6550,0.18717,0,
-14.2591,-19.7400,0.18733,0,
-14.2591,-19.8225,0.18750,0,
-14.2219,-19.9050,0.18767,0,
-14.1847,-19.9900,0.18783,0,
-14.1847,-20.0725,0.18800,0,
-14.2591,-20.1575,0.18817,0,
-14.2591,-20.2400,0.18833,0,
-14.3336,-20.3225,0.18850,0,
-14.4453,-20.4075,0.18867,0,
-14.4825,-20.4900,0.18883,0,
-14.6314,-20.5725,0.18900,0,
-14.7059,-20.6575,0.18917,0,
-14.8176,-20.7400,0.18933,0,
-14.8176,-20.8225,0.18950,0,
-14.8920,-20.9075,0.18967,0,
-14.8548,-20.9900,0.18983,0,
-14.8548,-21.0725,0.19000,0,
-14.8548,-21.1575,0.19017,0,
-14.9293,-21.2400,0.19033,0,
-15.0410,-21.3225,0.19050,0,
-15.0782,-21.4075,0.19067,0,
-15.0782,-21.4900,0.19083,0,
-15.1154,-21.5750,0.19100,0,
-15.1899,-21.6575,0.19117,0,
-15.2643,-21.7400,0.19133,0,
-15.3016,-21.8225,0.19150,0,
-15.3760,-21.9075,0.19167,0,
-15.4505,-21.9900,0.19183,0,
-15.4505,-22.0725,0.19200,0,
-15.5249,-22.1550,0.19217,0,
-15.5622,-22.2400,0.19233,0,
-15.6366,-22.3225,0.19250,0,
-15.7111,-22.4050,0.19267,0,
-15.7856,-22.4875,0.19283,0,
-15.8228,-22.5725,0.19300,0,
-15.8600,-22.6550,0.19317,0,
-16.0089,-22.7375,0.19333,0,
-16.1206,-22.8200,0.19350,0,
-16.2323,-22.9050,0.19367,0,
-16.3440,-22.9875,0.19383,0,
-16.4557,-23.0700,0.19400,0,
-16.5674,-23.1525,0.19417,0,
-16.6791,-23.2375,0.19433,0,
-16.7908,-23.3200,0.19450,0,
-16.9025,-23.4025,0.19467,0,
-17.0141,-23.4875,0.19483,0,
-17.1258,-23.5700,0.19500,0,
-17.2375,-23.6525,0.19517,0,
-17.3492,-23.7350,0.19533,0,
-17.4237,-23.8200,0.19550,0,
-17.4981,-23.9025,0.19567,0,
-17.5726,-23.9850,0.19583,0,
-17.6471,-24.0675,0.19600,0,
-17.7587,-24.1525,0.19617,0,
-17.8704,-24.2350,0.19633,0,
-17.9821,-24.3200,0.19650,0,
-18.0938,-24.4025,0.19667,0,
-18.2055,-24.4850,0.19683,0,
-18.3917,-24.5700,0.19700,0,
-18.6150,-24.6525,0.19717,0,
-18.8012,-24.7350,0.19733,0,
-18.9873,-24.8200,0.19750,0,
-19.1363,-24.9025,0.19767,0,
-19.3224,-24.9850,0.19783,0,
-19.5086,-25.0675,0.19800,0,
-19.7319,-25.1525,0.19817,0,
-19.9181,-25.2350,0.19833,0,
-20.1042,-25.3175,0.19850,0,
-20.3649,-25.4025,0.19867,0,
-20.5882,-25.4850,0.19883,0,
-20.8861,-25.5675,0.19900,0,
-21.1839,-25.6525,0.19917,0,
-21.4818,-25.7350,0.19933,0,
-21.7796,-25.8175,0.19950,0,
-22.0774,-25.9000,0.19967,0,
-22.3753,-25.9850,0.19983,0,
-22.6731,-26.0675,0.20000,0,
-22.9710,-26.1500,0.20017,0,
-23.2688,-26.2325,0.20033,0,
-23.5294,-26.3175,0.20050,0,
-23.8273,-26.4000,0.20067,0,
-24.1251,-26.4825,0.20083,0,
-24.4229,-26.5650,0.20100,0,
-24.6835,-26.6500,0.20117,0,
-24.9814,-26.7325,0.20133,0,
-25.2792,-26.8150,0.20150,0,
-25.5398,-26.9000,0.20167,0,
-25.8749,-26.9825,0.20183,0,
-26.1355,-27.0650,0.20200,0,
-26.3961,-27.1475,0.20217,0,
-26.6195,-27.2325,0.20233,0,
-26.8429,-27.3150,0.20250,0,
-27.0663,-27.3975,0.20267,0,
-27.3269,-27.4800,0.20283,0,
-27.5503,-27.5650,0.20300,0,
-27.8109,-27.6475,0.20317,0,
-27.9970,-27.7300,0.20333,0,
-28.2204,-27.8125,0.20350,0,
-28.3693,-27.8975,0.20367,0,
-28.5555,-27.9800,0.20383,0,
-28.7416,-28.0625,0.20400,0,
-28.9650,-28.1475,0.20417,0,
-29.1884,-28.2300,0.20433,0,
-29.4118,-28.3125,0.20450,0,
-29.6351,-28.3950,0.20467,0,
-29.8213,-28.4800,0.20483,0,
-29.9702,-28.5625,0.20500,0,
-30.1191,-28.6450,0.20517,0,
-30.3053,-28.7300,0.20533,0,
-30.4914,-28.8125,0.20550,0,
-30.7148,-28.8975,0.20567,0,
-30.9010,-28.9800,0.20583,0,
-31.0871,-29.0625,0.20600,0,
-31.3105,-29.1450,0.20617,0,
-31.4966,-29.2300,0.20633,0,
-31.6828,-29.3100,0.20650,0,
-31.8689,-29.3900,0.20667,0,
-32.0923,-29.4700,0.20683,0,
-32.2412,-29.5475,0.20700,0,
-32.3529,-29.6250,0.20717,0,
-32.5391,-29.6975,0.20733,0,
-32.6880,-29.7700,0.20750,0,
-32.8369,-29.8400,0.20767,0,
-32.9859,-29.9100,0.20783,0,
-33.0975,-29.9775,0.20800,0,
-33.1720,-30.0400,0.20817,0,
-33.2465,-30.1025,0.20833,0,
-33.3954,-30.1650,0.20850,0,
-33.4698,-30.2225,0.20867,0,
-33.5443,-30.2800,0.20883,0,
-33.6188,-30.3350,0.20900,0,
-33.6560,-30.3875,0.20917,0,
-33.7305,-30.4375,0.20933,0,
-33.8049,-30.4850,0.20950,0,
-33.8421,-30.5325,0.20967,0,
-33.8794,-30.5775,0.20983,0,
-33.9166,-30.6200,0.21000,0,
-33.9538,-30.6625,0.21017,0,
-33.9538,-30.6975,0.21033,0,
-33.8421,-30.7175,0.21050,0,
-33.6932,-30.7250,0.21067,0,
-33.5443,-30.7250,0.21083,0,
-33.3954,-30.7225,0.21100,0,
-33.2837,-30.7250,0.21117,0,
-33.1720,-30.7300,0.21133,0,
-33.0603,-30.7325,0.21150,0,
-32.9859,-30.7350,0.21167,0,
-32.8742,-30.7350,0.21183,0,
-32.7625,-30.7350,0.21200,0,
-32.6508,-30.7350,0.21217,0,
-32.5763,-30.7350,0.21233,0,
-32.4646,-30.7350,0.21250,0,
-32.3902,-30.7350,0.21267,0,
-32.3157,-30.7350,0.21283,0,
-32.2412,-30.7350,0.21300,0,
-32.1668,-30.7350,0.21317,0,
-32.0923,-30.7350,0.21333,0,
-32.0179,-30.7350,0.21350,0,
-31.9062,-30.7275,0.21367,0,
-31.7200,-30.7050,0.21383,0,
-31.4594,-30.6775,0.21400,0,
-31.1988,-30.6450,0.21417,0,
-30.9010,-30.6150,0.21433,0,
-30.6404,-30.5800,0.21450,0,
-30.3425,-30.5450,0.21467,0,
-30.0819,-30.5100,0.21483,0,
-29.8213,-30.4725,0.21500,0,
-29.5979,-30.4325,0.21517,0,
-29.4118,-30.3925,0.21533,0,
-29.1884,-30.3500,0.21550,0,
-28.9650,-30.3075,0.21567,0,
-28.7416,-30.2625,0.21583,0,
-28.4810,-30.2150,0.21600,0,
-28.2576,-30.1700,0.21617,0,
-28.0715,-30.1200,0.21633,0,
-27.8481,-30.0700,0.21650,0,
-27.6247,-30.0200,0.21667,0,
-27.4013,-29.9675,0.21683,0,
-27.1780,-29.9150,0.21700,0,
-26.9546,-29.8600,0.21717,0,
-26.6940,-29.8050,0.21733,0,
-26.4706,-29.7500,0.21750,0,
-26.2472,-29.6925,0.21767,0,
-25.9866,-29.6350,0.21783,0,
-25.7632,-29.5750,0.21800,0,
-25.5026,-29.5175,0.21817,0,
-25.2792,-29.4575,0.21833,0,
-25.0558,-29.3950,0.21850,0,
-24.7952,-29.3325,0.21867,0,
-24.5719,-29.2700,0.21883,0,
-24.3485,-29.2075,0.21900,0,
-24.0879,-29.1450,0.21917,0,
-23.8645,-29.0800,0.21933,0,
-23.6039,-29.0150,0.21950,0,
-23.3805,-28.9475,0.21967,0,
-23.1199,-28.8825,0.21983,0,
-22.8593,-28.8150,0.22000,0,
-22.5987,-28.7475,0.22017,0,
-22.3753,-28.6800,0.22033,0,
-22.1519,-28.6100,0.22050,0,
-21.9285,-28.5425,0.22067,0,
-21.7051,-28.4725,0.22083,0,
-21.4818,-28.4025,0.22100,0,
-21.2211,-28.3300,0.22117,0,
-20.9605,-28.2600,0.22133,0,
-20.6999,-28.1900,0.22150,0,
-20.4393,-28.1175,0.22167,0,
-20.2159,-28.0450,0.22183,0,
-19.9553,-27.9725,0.22200,0,
-19.7319,-27.9000,0.22217,0,
-19.4713,-27.8250,0.22233,0,
-19.2107,-27.7525,0.22250,0,
-18.9873,-27.6775,0.22267,0,
-18.7267,-27.6025,0.22283,0,
-18.4661,-27.5300,0.22300,0,
-18.2055,-27.4550,0.22317,0,
-17.9449,-27.3800,0.22333,0,
-17.6843,-27.3025,0.22350,0,
-17.4237,-27.2275,0.22367,0,
-17.1631,-27.1525,0.22383,0,
-16.9769,-27.0750,0.22400,0,
-16.7535,-27.0000,0.22417,0,
-16.4929,-26.9225,0.22433,0,
-16.2695,-26.8450,0.22450,0,
-16.0089,-26.7675,0.22467,0,
-15.7856,-26.6900,0.22483,0,
-15.5249,-26.6125,0.22500,0,
-15.2643,-26.5350,0.22517,0,
-15.0037,-26.4575,0.22533,0,
-14.7803,-26.3800,0.22550,0,
-14.5570,-26.3000,0.22567,0,
-14.3708,-26.2225,0.22583,0,
-14.1847,-26.1450,0.22600,0,
-13.9985,-26.0650,0.22617,0,
-13.8868,-25.9875,0.22633,0,
-13.7007,-25.9075,0.22650,0,
-13.5145,-25.8300,0.22667,0,
-13.3284,-25.7500,0.22683,0,
-13.2167,-25.6700,0.22700,0,
-13.1422,-25.5900,0.22717,0,
-13.0305,-25.5100,0.22733,0,
-12.8816,-25.4300,0.22750,0,
-12.8071,-25.3500,0.22767,0,
-12.6955,-25.2700,0.22783,0,
-12.5838,-25.1900,0.22800,0,
-12.5093,-25.1100,0.22817,0,
-12.3976,-25.0300,0.22833,0,
-12.3232,-24.9500,0.22850,0,
-12.1742,-24.8675,0.22867,0,
-12.0625,-24.7875,0.22883,0,
-11.9881,-24.7075,0.22900,0,
-11.8764,-24.6250,0.22917,0,
-11.8019,-24.5450,0.22933,0,
-11.6902,-24.4650,0.22950,0,
-11.6158,-24.3825,0.22967,0,
-11.5413,-24.3000,0.22983,0,
-11.4669,-24.2200,0.23000,0,
-11.3924,-24.1375,0.23017,0,
-11.2807,-24.0575,0.23033,0,
-11.2435,-23.9750,0.23050,0,
-11.1318,-23.8925,0.23067,0,
-11.0946,-23.8125,0.23083,0,
-11.0201,-23.7300,0.23100,0,
-10.9456,-23.6475,0.23117,0,
-10.8712,-23.5650,0.23133,0,
-10.8340,-23.4825,0.23150,0,
-10.7595,-23.4000,0.23167,0,
-10.6850,-23.3175,0.23183,0,
-10.6478,-23.2375,0.23200,0,
-10.6106,-23.1550,0.23217,0,
-10.5733,-23.0725,0.23233,0,
-10.4617,-22.9900,0.23250,0,
-10.3872,-22.9075,0.23267,0,
-10.2755,-22.8250,0.23283,0,
-10.2383,-22.7425,0.23300,0,
-10.0521,-22.6600,0.23317,0,
-10.0149,-22.5775,0.23333,0,
-9.9777,-22.4950,0.23350,0,
-9.9032,-22.4100,0.23367,0,
-9.8660,-22.3275,0.23383,0,
-9.7915,-22.2450,0.23400,0,
-9.7915,-22.1625,0.23417,0,
-9.7171,-22.0800,0.23433,0,
-9.6798,-21.9975,0.23450,0,
-9.5681,-21.9150,0.23467,0,
-9.5309,-21.8325,0.23483,0,
-9.4564,-21.7500,0.23500,0,
-9.4192,-21.6675,0.23517,0,
-9.3447,-21.5825,0.23533,0,
-9.2331,-21.5025,0.23550,0,
-9.1586,-21.4175,0.23567,0,
-9.0841,-21.3350,0.23583,0,
-9.0097,-21.2525,0.23600,0,
-9.0097,-21.1700,0.23617,0,
-8.9352,-21.0875,0.23633,0,
-8.8980,-21.0050,0.23650,0,
-8.8980,-20.9225,0.23667,0,
-8.7863,-20.8400,0.23683,0,
-8.7491,-20.7575,0.23700,0,
-8.6746,-20.6750,0.23717,0,
-8.5629,-20.5925,0.23733,0,
-8.5257,-20.5100,0.23750,0,
-8.4512,-20.4250,0.23767,0,
-8.4512,-20.3425,0.23783,0,
-8.4140,-20.2600,0.23800,0,
-8.3395,-20.1775,0.23817,0,
-8.2651,-20.0950,0.23833,0,
-8.2278,-20.0125,0.23850,0,
-8.1534,-19.9300,0.23867,0,
-8.0789,-19.8475,0.23883,0,
-8.0789,-19.7625,0.23900,0,
-8.0417,-19.6800,0.23917,0,
-8.0045,-19.5975,0.23933,0,
-8.0045,-19.5125,0.23950,0,
-7.9300,-19.4325,0.23967,0,
-7.9672,-19.3475,0.23983,0,
-7.9300,-19.2650,0.24000,0,
-7.8928,-19.1825,0.24017,0,
-7.8555,-19.0975,0.24033,0,
-7.8183,-19.0150,0.24050,0,
-7.7439,-18.9325,0.24067,0,
-7.7066,-18.8475,0.24083,0,
-7.5949,-18.7650,0.24100,0,
-7.5577,-18.6825,0.24117,0,
-7.5577,-18.6000,0.24133,0,
-7.4832,-18.5175,0.24150,0,
-7.4088,-18.4325,0.24167,0,
-7.4460,-18.3500,0.24183,0,
-7.3716,-18.2650,0.24200,0,
-7.3343,-18.1825,0.24217,0,
-7.2971,-18.1000,0.24233,0,
-7.2599,-18.0150,0.24250,0,
-7.1854,-17.9325,0.24267,0,
-7.1109,-17.8500,0.24283,0,
-7.1109,-17.7650,0.24300,0,
-6.9993,-17.6825,0.24317,0,
-6.9620,-17.6000,0.24333,0,
-6.9620,-17.5150,0.24350,0,
-6.9248,-17.4325,0.24367,0,
-6.8503,-17.3500,0.24383,0,
-6.8503,-17.2650,0.24400,0,
-6.8503,-17.1825,0.24417,0,
-6.8503,-17.1000,0.24433,0,
-6.8876,-17.0175,0.24450,0,
-6.8131,-16.9325,0.24467,0,
-6.8876,-16.8475,0.24483,0,
-6.8131,-16.7675,0.24500,0,
-6.7386,-16.6825,0.24517,0,
-6.8131,-16.6000,0.24533,0,
-6.7014,-16.5175,0.24550,0,
-6.6642,-16.4350,0.24567,0,
-6.6642,-16.3500,0.24583,0,
-6.6270,-16.2675,0.24600,0,
-6.7014,-16.1850,0.24617,0,
-6.6642,-16.1000,0.24633,0,
-6.7014,-16.0175,0.24650,0,
-6.7014,-15.9350,0.24667,0,
-6.6642,-15.8500,0.24683,0,
-6.7014,-15.7675,0.24700,0,
-6.6642,-15.6850,0.24717,0,
-6.5897,-15.6025,0.24733,0,
-6.4780,-15.5175,0.24750,0,
-6.4780,-15.4350,0.24767,0,
-6.4780,-15.3550,0.24783,0,
-6.5153,-15.2700,0.24800,0,
-6.4408,-15.1875,0.24817,0,
-6.4036,-15.1050,0.24833,0,
-6.4036,-15.0200,0.24850,0,
-6.4408,-14.9375,0.24867,0,
-6.4408,-14.8525,0.24883,0,
-6.4408,-14.7700,0.24900,0,
-6.4780,-14.6875,0.24917,0,
-6.4780,-14.6025,0.24933,0,
-6.4408,-14.5200,0.24950,0,
-6.4780,-14.4375,0.24967,0,
-6.4780,-14.3525,0.24983,0,
-6.5153,-14.2700,0.25000,0,
-6.5153,-14.1850,0.25017,0,
-6.5525,-14.1025,0.25033,0,
-6.5525,-14.0200,0.25050,0,
-6.5525,-13.9350,0.25067,0,
-6.5897,-13.8525,0.25083,0,
-6.6270,-13.7700,0.25100,0,
-6.6642,-13.6850,0.25117,0,
-6.6642,-13.6025,0.25133,0,
-6.7014,-13.5200,0.25150,0,
-6.7759,-13.4350,0.25167,0,
-6.8503,-13.3525,0.25183,0,
-6.8503,-13.2675,0.25200,0,
-6.9248,-13.1850,0.25217,0,
-7.0365,-13.1000,0.25233,0,
-7.1109,-13.0175,0.25250,0,
-7.1109,-12.9325,0.25267,0,
-7.1482,-12.8500,0.25283,0,
-7.1109,-12.7650,0.25300,0,
-7.1482,-12.6825,0.25317,0,
-7.2226,-12.5975,0.25333,0,
-7.3716,-12.5150,0.25350,0,
-7.4832,-12.4325,0.25367,0,
-7.5577,-12.3475,0.25383,0,
-7.6322,-12.2650,0.25400,0,
-7.6694,-12.1825,0.25417,0,
-7.7066,-12.0975,0.25433,0,
-7.7811,-12.0150,0.25450,0,
-7.8555,-11.9300,0.25467,0,
-7.8928,-11.8475,0.25483,0,
-7.9300,-11.7625,0.25500,0,
-8.0789,-11.6800,0.25517,0,
-8.1534,-11.5950,0.25533,0,
-8.2278,-11.5125,0.25550,0,
-8.3023,-11.4300,0.25567,0,
-8.1906,-11.3450,0.25583,0,
-8.2651,-11.2625,0.25600,0,
-8.4140,-11.1800,0.25617,0,
-8.5629,-11.0950,0.25633,0,
-8.6374,-11.0125,0.25650,0,
-8.7491,-10.9300,0.25667,0,
-8.7863,-10.8475,0.25683,0,
-8.7863,-10.7625,0.25700,0,
-9.1214,-10.6800,0.25717,0,
-9.1214,-10.5975,0.25733,0,
-9.2703,-10.5125,0.25750,0,
-9.3820,-10.4300,0.25767,0,
-9.3075,-10.3475,0.25783,0,
-9.4192,-10.2650,0.25800,0,
-9.6054,-10.1825,0.25817,0,
-9.7171,-10.0975,0.25833,0,
-9.7543,-10.0150,0.25850,0,
-9.6426,-9.9325,0.25867,0,
-9.8287,-9.8500,0.25883,0,
-9.9032,-9.7650,0.25900,0,
-9.9777,-9.6825,0.25917,0,
-10.1638,-9.5975,0.25933,0,
-10.1266,-9.5150,0.25950,0,
-10.2383,-9.4325,0.25967,0,
-10.2383,-9.3500,0.25983,0,
-10.4244,-9.2650,0.26000,0,
-10.6478,-9.1825,0.26017,0,
-10.8340,-9.1000,0.26033,0,
-10.9456,-9.0150,0.26050,0,
-11.1318,-8.9325,0.26067,0,
-11.3179,-8.8500,0.26083,0,
-11.3924,-8.7650,0.26100,0,
-11.3924,-8.6825,0.26117,0,
-11.5786,-8.6000,0.26133,0,
-11.7647,-8.5150,0.26150,0,
-11.8764,-8.4325,0.26167,0,
-11.9881,-8.3500,0.26183,0,
-12.0625,-8.2650,0.26200,0,
-12.1742,-8.1825,0.26217,0,
-12.1370,-8.1000,0.26233,0,
-12.1742,-8.0150,0.26250,0,
-12.3232,-7.9325,0.26267,0,
-12.4348,-7.8500,0.26283,0,
-12.5093,-7.7650,0.26300,0,
-12.5465,-7.6825,0.26317,0,
-12.6955,-7.5975,0.26333,0,
-12.6955,-7.5150,0.26350,0,
-12.6210,-7.4325,0.26367,0,
-12.6955,-7.3475,0.26383,0,
-12.7699,-7.2650,0.26400,0,
-12.9561,-7.1825,0.26417,0,
-13.2539,-7.0975,0.26433,0,
-13.3284,-7.0150,0.26450,0,
-13.4028,-6.9300,0.26467,0,
-13.4401,-6.8475,0.26483,0,
-13.6634,-6.7650,0.26500,0,
-13.6262,-6.6825,0.26517,0,
-13.7379,-6.5975,0.26533,0,
-13.5890,-6.5150,0.26550,0,
-13.7007,-6.4325,0.26567,0,
-13.7379,-6.3475,0.26583,0,
-13.7751,-6.2650,0.26600,0,
-13.8124,-6.1825,0.26617,0,
-13.8868,-6.0975,0.26633,0,
-13.8496,-6.0150,0.26650,0,
-13.9240,-5.9325,0.26667,0,
-14.0357,-5.8500,0.26683,0,
-14.1102,-5.7650,0.26700,0,
-14.1102,-5.6825,0.26717,0,
-14.1474,-5.5975,0.26733,0,
-14.1847,-5.5150,0.26750,0,
-13.9613,-5.4325,0.26767,0,
-13.8868,-5.3500,0.26783,0,
-13.7751,-5.2650,0.26800,0,
-13.8496,-5.1825,0.26817,0,
-13.8496,-5.0975,0.26833,0,
-13.8496,-5.0150,0.26850,0,
-13.7379,-4.9325,0.26867,0,
-13.7007,-4.8475,0.26883,0,
-13.6262,-4.7650,0.26900,0,
-13.5890,-4.6800,0.26917,0,
-13.5145,-4.5975,0.26933,0,
-13.3284,-4.5150,0.26950,0,
-13.2539,-4.4300,0.26967,0,
-13.1050,-4.3475,0.26983,0,
-13.1794,-4.2650,0.27000,0,
-12.9933,-4.1800,0.27017,0,
-12.8444,-4.0975,0.27033,0,
-12.6210,-4.0125,0.27050,0,
-12.3976,-3.9300,0.27067,0,
-12.1370,-3.8450,0.27083,0,
-11.9509,-3.7625,0.27100,0,
-11.6902,-3.6800,0.27117,0,
-11.4296,-3.5950,0.27133,0,
-11.2435,-3.5125,0.27150,0,
-10.9829,-3.4300,0.27167,0,
-10.6478,-3.3450,0.27183,0,
-10.3872,-3.2625,0.27200,0,
-10.0149,-3.1775,0.27217,0,
-9.7915,-3.0950,0.27233,0,
-9.4564,-3.0100,0.27250,0,
-9.0841,-2.9275,0.27267,0,
-8.6374,-2.8450,0.27283,0,
-8.2278,-2.7600,0.27300,0,
-7.8183,-2.6775,0.27317,0,
-7.4088,-2.5925,0.27333,0,
-6.9993,-2.5100,0.27350,0,
-6.5153,-2.4275,0.27367,0,
-6.1057,-2.3425,0.27383,0,
-5.6217,-2.2600,0.27400,0,
-5.1750,-2.1750,0.27417,0,
-4.6910,-2.0925,0.27433,0,
-4.1698,-2.0100,0.27450,0,
-3.6113,-1.9250,0.27467,0,
-3.0901,-1.8425,0.27483,0,
-2.5316,-1.7600,0.27500,0,
-2.0104,-1.6750,0.27517,0,
-1.4892,-1.5925,0.27533,0,
-0.8935,-1.5100,0.27550,0,
-0.3351,-1.4275,0.27567,0,
0.1862,-1.3475,0.27583,0,
0.7074,-1.2650,0.27600,0,
1.1169,-1.1875,0.27617,0,
1.0052,-1.1125,0.27633,0,
0.1117,-1.0375,0.27650,0,
0.0000,-0.9675,0.27667,0,
0.0000,-0.8950,0.27683,0,
0.0000,-0.8275,0.27700,0,
0.0000,-0.7625,0.27717,0,
0.0000,-0.6975,0.27733,0,
0.0000,-0.6350,0.27750,0,
0.0000,-0.5725,0.27767,0,
0.0000,-0.5150,0.27783,0,
0.0000,-0.4575,0.27800,0,
0.0000,-0.4050,0.27817,0,
0.0000,-0.3500,0.27833,0,
0.0000,-0.3000,0.27850,0,
-0.0372,-0.2500,0.27867,0,
0.0000,-0.2050,0.27883,0,
0.0000,-0.1600,0.27900,0,
0.0000,-0.1175,0.27917,0,
0.0000,-0.0775,0.27933,0,
0.0000,-0.0525,0.27950,0,
0.0000,-0.0425,0.27967,0,
0.0000,-0.0450,0.27983,0,
0.0000,-0.0475,0.28000,0,
0.0000,-0.0450,0.28017,0,
0.0000,-0.0350,0.28033,0,
0.0000,-0.0250,0.28050,0,
0.0000,-0.0200,0.28067,0,
0.0000,-0.0200,0.28083,0,
0.0000,-0.0175,0.28100,0,
0.0000,-0.0125,0.28117,0,
0.0000,-0.0050,0.28133,0,
0.0000,0.0025,0.28150,0,
0.0000,0.0050,0.28167,0,
0.0000,0.0050,0.28183,0,
0.0000,0.0050,0.28200,0,
0.0000,0.0050,0.28217,0,
0.0000,0.0050,0.28233,0,
0.0000,0.0050,0.28250,0,
0.0000,0.0050,0.28267,0,
0.0000,0.0050,0.28283,0,
0.0000,0.0050,0.28300,0,
0.0000,0.0050,0.28317,0,
0.0000,0.0050,0.28333,0,
0.0000,0.0050,0.28350,0,
0.0000,0.0050,0.28367,0,
0.0000,0.0050,0.28383,0,
0.0000,0.0050,0.28400,0,
0.0000,0.0050,0.28417,0,
0.0000,0.0050,0.28433,0,
0.0000,0.0000,0.28450,0,
-0.0372,-0.0175,0.28467,0,
0.0000,-0.0450,0.28483,0,
0.0000,-0.0750,0.28500,0,
0.0000,-0.1075,0.28517,0,
0.0000,-0.1400,0.28533,0,
0.0000,-0.1750,0.28550,0,
0.0000,-0.2100,0.28567,0,
0.0000,-0.2475,0.28583,0,
0.0000,-0.2850,0.28600,0,
0.0000,-0.3250,0.28617,0,
0.0000,-0.3675,0.28633,0,
0.0000,-0.4100,0.28650,0,
0.0000,-0.4550,0.28667,0,
0.0000,-0.5000,0.28683,0,
0.0000,-0.5475,0.28700,0,
0.0000,-0.5950,0.28717,0,
-0.0372,-0.6450,0.28733,0,
-0.0372,-0.6950,0.28750,0,
-0.1489,-0.7475,0.28767,0,
-0.4840,-0.8000,0.28783,0,
-1.0797,-0.8550,0.28800,0,
-1.8987,-0.9100,0.28817,0,
-2.8295,-0.9650,0.28833,0,
-3.7975,-1.0225,0.28850,0,
-4.6910,-1.0800,0.28867,0,
-5.3239,-1.1375,0.28883,0,
-5.9568,-1.1975,0.28900,0,
-6.5897,-1.2575,0.28917,0,
-7.5205,-1.3175,0.28933,0,
-8.4885,-1.3800,0.28950,0,
-9.4937,-1.4425,0.28967,0,
-10.4244,-1.5050,0.28983,0,
-11.3552,-1.5675,0.29000,0,
-12.2487,-1.6325,0.29017,0,
-13.2167,-1.6975,0.29033,0,
-13.9613,-1.7625,0.29050,0,
-14.7803,-1.8300,0.29067,0,
-15.5622,-1.8975,0.29083,0,
-16.2323,-1.9625,0.29100,0,
-16.8280,-2.0300,0.29117,0,
-17.4981,-2.1000,0.29133,0,
-18.1311,-2.1700,0.29150,0,
-18.7640,-2.2375,0.29167,0,
-19.3969,-2.3075,0.29183,0,
-19.9181,-2.3775,0.29200,0,
-20.4021,-2.4500,0.29217,0,
-20.9605,-2.5200,0.29233,0,
-21.5190,-2.5900,0.29250,0,
-22.1147,-2.6625,0.29267,0,
-22.7104,-2.7350,0.29283,0,
-22.9710,-2.8075,0.29300,0,
-23.3433,-2.8800,0.29317,0,
-23.7528,-2.9525,0.29333,0,
-24.1996,-3.0275,0.29350,0,
-24.5346,-3.1025,0.29367,0,
-24.8325,-3.1750,0.29383,0,
-25.3165,-3.2500,0.29400,0,
-25.5771,-3.3250,0.29417,0,
-25.7260,-3.4000,0.29433,0,
-26.1355,-3.4750,0.29450,0,
-26.3589,-3.5525,0.29467,0,
-26.5823,-3.6275,0.29483,0,
-26.5450,-3.7050,0.29500,0,
-26.6940,-3.7800,0.29517,0,
-26.7312,-3.8575,0.29533,0,
-26.7684,-3.9325,0.29550,0,
-26.8057,-4.0100,0.29567,0,
-26.7312,-4.0875,0.29583,0,
-27.1407,-4.1650,0.29600,0,
-27.5130,-4.2450,0.29617,0,
-27.5875,-4.3225,0.29633,0,
-27.3269,-4.4000,0.29650,0,
-27.3641,-4.4800,0.29667,0,
-27.1035,-4.5575,0.29683,0,
-27.1035,-4.6350,0.29700,0,
-27.0290,-4.7150,0.29717,0,
-26.8429,-4.7925,0.29733,0,
-26.8057,-4.8725,0.29750,0,
-26.8801,-4.9525,0.29767,0,
-27.0290,-5.0300,0.29783,0,
-27.0290,-5.1100,0.29800,0,
-27.2896,-5.1900,0.29817,0,
-27.2524,-5.2700,0.29833,0,
-27.5875,-5.3500,0.29850,0,
-27.7364,-5.4300,0.29867,0,
-27.2524,-5.5100,0.29883,0,
-26.9546,-5.5900,0.29900,0,
-26.9918,-5.6700,0.29917,0,
-26.5450,-5.7500,0.29933,0,
-26.5823,-5.8300,0.29950,0,
-26.5823,-5.9125,0.29967,0,
-26.3961,-5.9925,0.29983,0,
-26.1727,-6.0750,0.30000,0,
-25.7632,-6.1550,0.30017,0,
-25.9866,-6.2375,0.30033,0,
-25.9866,-6.3175,0.30050,0,
-25.9494,-6.3975,0.30067,0,
-25.7260,-6.4800,0.30083,0,
-25.4281,-6.5625,0.30100,0,
-25.0558,-6.6425,0.30117,0,
-24.5346,-6.7250,0.30133,0,
-24.2368,-6.8050,0.30150,0,
-24.5346,-6.8875,0.30167,0,
-24.3485,-6.9675,0.30183,0,
-24.3485,-7.0500,0.30200,0,
-24.4229,-7.1325,0.30217,0,
-24.3112,-7.2125,0.30233,0,
-24.2368,-7.2950,0.30250,0,
-23.9017,-7.3775,0.30267,0,
-23.8645,-7.4600,0.30283,0,
-23.8645,-7.5425,0.30300,0,
-23.8273,-7.6225,0.30317,0,
-23.7156,-7.7050,0.30333,0,
-23.3805,-7.7875,0.30350,0,
-23.3433,-7.8700,0.30367,0,
-23.3433,-7.9500,0.30383,0,
-22.7848,-8.0325,0.30400,0,
-22.4125,-8.1150,0.30417,0,
-22.2636,-8.2000,0.30433,0,
-22.1891,-8.2825,0.30450,0,
-22.2264,-8.3650,0.30467,0,
-22.1519,-8.4475,0.30483,0,
-21.9285,-8.5275,0.30500,0,
-21.5562,-8.6100,0.30517,0,
-21.1467,-8.6950,0.30533,0,
-20.3649,-8.7775,0.30550,0,
-20.2159,-8.8600,0.30567,0,
-20.1415,-8.9425,0.30583,0,
-20.0298,-9.0250,0.30600,0,
-19.8436,-9.1075,0.30617,0,
-19.7692,-9.1900,0.30633,0,
-19.6947,-9.2725,0.30650,0,
-19.3969,-9.3550,0.30667,0,
-19.1735,-9.4375,0.30683,0,
-19.0990,-9.5225,0.30700,0,
-18.6895,-9.6050,0.30717,0,
-18.6150,-9.6875,0.30733,0,
-18.5778,-9.7700,0.30750,0,
-18.5033,-9.8525,0.30767,0,
-18.5033,-9.9350,0.30783,0,
-18.5406,-10.0200,0.30800,0,
-18.5033,-10.1025,0.30817,0,
-18.2055,-10.1850,0.30833,0,
-17.9077,-10.2700,0.30850,0,
-17.5726,-10.3525,0.30867,0,
-17.4981,-10.4350,0.30883,0,
-17.2003,-10.5175,0.30900,0,
-17.1631,-10.6025,0.30917,0,
-17.2375,-10.6825,0.30933,0,
-17.4237,-10.7675,0.30950,0,
-17.2748,-10.8500,0.30967,0,
-17.1631,-10.9350,0.30983,0,
-17.0141,-11.0175,0.31000,0,
-16.9397,-11.1000,0.31017,0,
-16.9397,-11.1825,0.31033,0,
-16.7908,-11.2675,0.31050,0,
-16.5302,-11.3500,0.31067,0,
-16.3440,-11.4325,0.31083,0,
-16.1206,-11.5150,0.31100,0,
-15.8600,-11.6000,0.31117,0,
-15.6366,-11.6825,0.31133,0,
-15.5622,-11.7650,0.31150,0,
-15.5994,-11.8500,0.31167,0,
-15.5249,-11.9325,0.31183,0,
-15.3388,-12.0150,0.31200,0,
-15.0037,-12.1000,0.31217,0,
-14.8176,-12.1825,0.31233,0,
-14.7431,-12.2675,0.31250,0,
-14.6314,-12.3500,0.31267,0,
-14.5197,-12.4325,0.31283,0,
-14.4453,-12.5150,0.31300,0,
-14.3708,-12.5975,0.31317,0,
-14.2219,-12.6825,0.31333,0,
-14.1847,-12.7650,0.31350,0,
-14.1847,-12.8475,0.31367,0,
-14.1847,-12.9325,0.31383,0,
-13.9985,-13.0150,0.31400,0,
-13.8868,-13.0975,0.31417,0,
-13.9240,-13.1825,0.31433,0,
-13.8124,-13.2650,0.31450,0,
-13.7751,-13.3475,0.31467,0,
-13.7751,-13.4325,0.31483,0,
-13.6262,-13.5150,0.31500,0,
-13.6262,-13.5975,0.31517,0,
-13.5890,-13.6825,0.31533,0,
-13.4773,-13.7650,0.31550,0,
-13.4028,-13.8500,0.31567,0,
-13.2911,-13.9325,0.31583,0,
-13.2167,-14.0150,0.31600,0,
-13.2539,-14.1000,0.31617,0,
-13.2167,-14.1825,0.31633,0,
-13.2539,-14.2650,0.31650,0,
-13.2539,-14.3500,0.31667,0,
-13.1050,-14.4325,0.31683,0,
-13.1422,-14.5150,0.31700,0,
-13.1050,-14.6000,0.31717,0,
-13.0678,-14.6825,0.31733,0,
-13.1050,-14.7675,0.31750,0,
-13.1050,-14.8500,0.31767,0,
-13.1422,-14.9325,0.31783,0,
-13.1422,-15.0175,0.31800,0,
-13.0305,-15.1000,0.31817,0,
-12.9561,-15.1850,0.31833,0,
-12.8816,-15.2675,0.31850,0,
-12.8444,-15.3500,0.31867,0,
-12.8071,-15.4325,0.31883,0,
-12.8071,-15.5150,0.31900,0,
-12.8444,-15.5975,0.31917,0,
-12.8444,-15.6825,0.31933,0,
-12.8816,-15.7650,0.31950,0,
-12.8816,-15.8475,0.31967,0,
-12.8816,-15.9325,0.31983,0,
-12.8816,-16.0150,0.32000,0,
-12.8444,-16.1000,0.32017,0,
-12.8444,-16.1825,0.32033,0,
-12.8444,-16.2650,0.32050,0,
-12.8071,-16.3500,0.32067,0,
-12.8816,-16.4325,0.32083,0,
-12.8816,-16.5150,0.32100,0,
-12.8816,-16.6000,0.32117,0,
-12.8071,-16.6825,0.32133,0,
-12.7699,-16.7650,0.32150,0,
-12.8444,-16.8500,0.32167,0,
-12.8071,-16.9325,0.32183,0,
-12.8444,-17.0175,0.32200,0,
-12.8444,-17.1000,0.32217,0,
-12.8816,-17.1825,0.32233,0,
-12.9188,-17.2650,0.32250,0,
-12.9188,-17.3500,0.32267,0,
-12.8071,-17.4325,0.32283,0,
-12.8071,-17.5150,0.32300,0,
-12.8444,-17.6000,0.32317,0,
-12.8444,-17.6825,0.32333,0,
-12.8444,-17.7650,0.32350,0,
-12.9188,-17.8500,0.32367,0,
-12.9561,-17.9325,0.32383,0,
-13.0305,-18.0150,0.32400,0,
-13.0678,-18.0975,0.32417,0,
-13.0678,-18.1825,0.32433,0,
-13.0678,-18.2650,0.32450,0,
-13.1050,-18.3500,0.32467,0,
-13.1794,-18.4325,0.32483,0,
-13.1794,-18.5150,0.32500,0,
-13.1050,-18.5975,0.32517,0,
-13.1422,-18.6825,0.32533,0,
-13.1422,-18.7650,0.32550,0,
-13.2167,-18.8475,0.32567,0,
-13.2911,-18.9325,0.32583,0,
-13.3284,-19.0150,0.32600,0,
-13.3284,-19.1000,0.32617,0,
-13.3284,-19.1825,0.32633,0,
-13.3284,-19.2675,0.32650,0,
-13.4028,-19.3500,0.32667,0,
-13.4773,-19.4325,0.32683,0,
-13.4773,-19.5150,0.32700,0,
-13.4773,-19.6000,0.32717,0,
-13.5145,-19.6850,0.32733,0,
-13.5518,-19.7650,0.32750,0,
-13.5890,-19.8500,0.32767,0,
-13.6634,-19.9325,0.32783,0,
-13.7379,-20.0175,0.32800,0,
-13.8124,-20.1000,0.32817,0,
-13.8868,-20.1825,0.32833,0,
-13.9240,-20.2675,0.32850,0,
-14.0357,-20.3500,0.32867,0,
-14.0730,-20.4350,0.32883,0,
-14.1102,-20.5175,0.32900,0,
-14.1847,-20.6000,0.32917,0,
-14.2219,-20.6850,0.32933,0,
-14.2591,-20.7675,0.32950,0,
-14.2964,-20.8500,0.32967,0,
-14.2591,-20.9325,0.32983,0,
-14.2964,-21.0175,0.33000,0,
-14.3708,-21.1000,0.33017,0,
-14.3708,-21.1850,0.33033,0,
-14.4080,-21.2675,0.33050,0,
-14.4825,-21.3500,0.33067,0,
-14.5197,-21.4350,0.33083,0,
-14.5942,-21.5175,0.33100,0,
-14.6687,-21.6025,0.33117,0,
-14.7803,-21.6850,0.33133,0,
-14.8548,-21.7675,0.33150,0,
-14.9293,-21.8525,0.33167,0,
-14.9293,-21.9350,0.33183,0,
-14.9293,-22.0175,0.33200,0,
-14.9293,-22.1000,0.33217,0,
-15.0410,-22.1850,0.33233,0,
-15.1154,-22.2675,0.33250,0,
-15.1899,-22.3500,0.33267,0,
-15.2643,-22.4350,0.33283,0,
-15.3388,-22.5175,0.33300,0,
-15.4133,-22.6000,0.33317,0,
-15.4505,-22.6850,0.33333,0,
-15.5249,-22.7675,0.33350,0,
-15.5994,-22.8500,0.33367,0,
-15.7111,-22.9325,0.33383,0,
-15.8228,-23.0175,0.33400,0,
-15.9717,-23.1000,0.33417,0,
-16.0834,-23.1825,0.33433,0,
-16.1951,-23.2675,0.33450,0,
-16.3440,-23.3500,0.33467,0,
-16.4557,-23.4350,0.33483,0,
-16.6046,-23.5175,0.33500,0,
-16.7535,-23.6000,0.33517,0,
-16.8652,-23.6850,0.33533,0,
-16.9397,-23.7675,0.33550,0,
-17.0514,-23.8525,0.33567,0,
-17.1631,-23.9350,0.33583,0,
-17.1631,-24.0175,0.33600,0,
-17.2748,-24.1025,0.33617,0,
-17.3864,-24.1850,0.33633,0,
-17.4981,-24.2675,0.33650,0,
-17.6098,-24.3525,0.33667,0,
-17.7215,-24.4350,0.33683,0,
-17.8332,-24.5200,0.33700,0,
-17.9821,-24.6025,0.33717,0,
-18.1311,-24.6850,0.33733,0,
-18.2427,-24.7700,0.33750,0,
-18.4289,-24.8525,0.33767,0,
-18.6150,-24.9350,0.33783,0,
-18.8384,-25.0200,0.33800,0,
-19.0246,-25.1025,0.33817,0,
-19.2852,-25.1850,0.33833,0,
-19.5458,-25.2700,0.33850,0,
-19.7692,-25.3525,0.33867,0,
-19.9181,-25.4400,0.33883,0,
-20.1415,-25.5200,0.33900,0,
-20.4393,-25.6025,0.33917,0,
-20.7372,-25.6850,0.33933,0,
-21.0722,-25.7700,0.33950,0,
-21.3328,-25.8525,0.33967,0,
-21.6307,-25.9350,0.33983,0,
-21.9657,-26.0200,0.34000,0,
-22.2636,-26.1050,0.34017,0,
-22.5987,-26.1850,0.34033,0,
-22.8220,-26.2700,0.34050,0,
-23.1571,-26.3525,0.34067,0,
-23.4550,-26.4350,0.34083,0,
-23.7528,-26.5200,0.34100,0,
-24.0134,-26.6025,0.34117,0,
-24.2740,-26.6850,0.34133,0,
-24.5346,-26.7725,0.34150,0,
-24.8325,-26.8525,0.34167,0,
-25.0186,-26.9350,0.34183,0,
-25.2792,-27.0200,0.34200,0,
-25.5771,-27.1025,0.34217,0,
-25.8377,-27.1850,0.34233,0,
-26.0983,-27.2700,0.34250,0,
-26.3589,-27.3525,0.34267,0,
-26.5823,-27.4375,0.34283,0,
-26.8801,-27.5200,0.34300,0,
-27.1407,-27.6025,0.34317,0,
-27.4386,-27.6850,0.34333,0,
-27.6619,-27.7700,0.34350,0,
-27.9226,-27.8525,0.34367,0,
-28.1459,-27.9350,0.34383,0,
-28.4066,-28.0200,0.34400,0,
-28.5555,-28.1025,0.34417,0,
-28.7044,-28.1850,0.34433,0,
-28.9278,-28.2700,0.34450,0,
-29.1512,-28.3525,0.34467,0,
-29.3745,-28.4350,0.34483,0,
-29.5979,-28.5200,0.34500,0,
-29.8585,-28.6025,0.34517,0,
-30.0447,-28.6850,0.34533,0,
-30.1936,-28.7700,0.34550,0,
-30.3425,-28.8525,0.34567,0,
-30.4914,-28.9350,0.34583,0,
-30.6776,-29.0200,0.34600,0,
-30.8637,-29.1025,0.34617,0,
-31.0499,-29.1850,0.34633,0,
-31.2360,-29.2675,0.34650,0,
-31.4594,-29.3500,0.34667,0,
-31.6456,-29.4300,0.34683,0,
-31.8317,-29.5075,0.34700,0,
-31.9806,-29.5850,0.34717,0,
-32.0923,-29.6600,0.34733,0,
-32.2785,-29.7325,0.34750,0,
-32.3902,-29.8050,0.34767,0,
-32.5391,-29.8725,0.34783,0,
-32.6880,-29.9400,0.34800,0,
-32.7997,-30.0075,0.34817,0,
-32.9114,-30.0700,0.34833,0,
-32.9859,-30.1325,0.34850,0,
-33.0603,-30.1925,0.34867,0,
-33.1720,-30.2500,0.34883,0,
-33.2092,-30.3050,0.34900,0,
-33.3209,-30.3575,0.34917,0,
-33.3954,-30.4100,0.34933,0,
-33.4326,-30.4600,0.34950,0,
-33.5071,-30.5075,0.34967,0,
-33.5443,-30.5525,0.34983,0,
-33.5815,-30.5975,0.35000,0,
-33.6188,-30.6375,0.35017,0,
-33.5815,-30.6700,0.35033,0,
-33.4698,-30.6825,0.35050,0,
-33.3209,-30.6825,0.35067,0,
-33.1720,-30.6800,0.35083,0,
-32.9859,-30.6800,0.35100,0,
-32.9114,-30.6900,0.35117,0,
-32.8742,-30.7000,0.35133,0,
-32.7625,-30.7050,0.35150,0,
-32.6508,-30.7050,0.35167,0,
-32.5763,-30.7075,0.35183,0,
-32.5019,-30.7125,0.35200,0,
-32.4274,-30.7200,0.35217,0,
-32.3902,-30.7275,0.35233,0,
-32.3529,-30.7325,0.35250,0,
-32.2412,-30.7350,0.35267,0,
-32.1668,-30.7350,0.35283,0,
-32.0923,-30.7350,0.35300,0,
-32.0179,-30.7350,0.35317,0,
-31.9434,-30.7350,0.35333,0,
-31.8689,-30.7350,0.35350,0,
-31.7945,-30.7350,0.35367,0,
-31.7200,-30.7350,0.35383,0,
-31.6828,-30.7350,0.35400,0,
-31.6083,-30.7350,0.35417,0,
-31.5339,-30.7350,0.35433,0,
-31.4966,-30.7350,0.35450,0,
-31.4594,-30.7350,0.35467,0,
-31.3850,-30.7350,0.35483,0,
-31.3105,-30.7350,0.35500,0,
-31.2733,-30.7350,0.35517,0,
-31.2360,-30.7350,0.35533,0,
-31.1988,-30.7350,0.35550,0,
-31.1616,-30.7350,0.35567,0,
-31.1243,-30.7275,0.35583,0,
-30.9010,-30.7050,0.35600,0,
-30.6776,-30.6775,0.35617,0,
-30.4542,-30.6475,0.35633,0,
-30.1191,-30.6150,0.35650,0,
-29.8585,-30.5825,0.35667,0,
-29.6351,-30.5475,0.35683,0,
-29.3745,-30.5125,0.35700,0,
-29.0767,-30.4750,0.35717,0,
-28.8161,-30.4375,0.35733,0,
-28.5555,-30.3975,0.35750,0,
-28.2949,-30.3550,0.35767,0,
-28.0343,-30.3100,0.35783,0,
-27.7736,-30.2675,0.35800,0,
-27.5503,-30.2200,0.35817,0,
-27.3269,-30.1750,0.35833,0,
-27.1035,-30.1250,0.35850,0,
-26.9173,-30.0750,0.35867,0,
-26.6567,-30.0250,0.35883,0,
-26.4706,-29.9725,0.35900,0,
-26.2472,-29.9200,0.35917,0,
-26.0238,-29.8675,0.35933,0,
-25.8004,-29.8125,0.35950,0,
-25.5398,-29.7575,0.35967,0,
-25.3165,-29.7000,0.35983,0,
-25.0931,-29.6425,0.36000,0,
-24.8697,-29.5850,0.36017,0,
-24.6091,-29.5250,0.36033,0,
-24.3857,-29.4650,0.36050,0,
-24.1623,-29.4050,0.36067,0,
-23.9389,-29.3425,0.36083,0,
-23.7156,-29.2800,0.36100,0,
-23.4922,-29.2175,0.36117,0,
-23.3060,-29.1525,0.36133,0,
-23.0454,-29.0875,0.36150,0,
-22.7848,-29.0225,0.36167,0,
-22.5614,-28.9575,0.36183,0,
-22.3008,-28.8900,0.36200,0,
-22.0774,-28.8250,0.36217,0,
-21.8541,-28.7575,0.36233,0,
-21.6679,-28.6875,0.36250,0,
-21.4445,-28.6200,0.36267,0,
-21.2211,-28.5500,0.36283,0,
-20.9978,-28.4825,0.36300,0,
-20.7744,-28.4100,0.36317,0,
-20.5138,-28.3400,0.36333,0,
-20.2904,-28.2700,0.36350,0,
-20.0670,-28.2000,0.36367,0,
-19.8064,-28.1275,0.36383,0,
-19.5458,-28.0550,0.36400,0,
-19.3224,-27.9825,0.36417,0,
-19.0618,-27.9100,0.36433,0,
-18.8384,-27.8375,0.36450,0,
-18.6150,-27.7625,0.36467,0,
-18.3544,-27.6900,0.36483,0,
-18.1311,-27.6150,0.36500,0,
-17.8704,-27.5400,0.36517,0,
-17.6098,-27.4650,0.36533,0,
-17.3492,-27.3900,0.36550,0,
-17.1258,-27.3150,0.36567,0,
-16.9025,-27.2400,0.36583,0,
-16.6418,-27.1625,0.36600,0,
-16.4185,-27.0875,0.36617,0,
-16.1951,-27.0100,0.36633,0,
-15.9345,-26.9325,0.36650,0,
-15.7111,-26.8550,0.36667,0,
-15.4505,-26.7800,0.36683,0,
-15.1899,-26.7025,0.36700,0,
-14.9665,-26.6250,0.36717,0,
-14.7059,-26.5475,0.36733,0,
-14.4825,-26.4700,0.36750,0,
-14.2591,-26.3900,0.36767,0,
-14.0730,-26.3125,0.36783,0,
-13.9613,-26.2350,0.36800,0,
-13.7379,-26.1550,0.36817,0,
-13.5518,-26.0775,0.36833,0,
-13.3656,-26.0000,0.36850,0,
-13.2539,-25.9200,0.36867,0,
-13.0678,-25.8400,0.36883,0,
-12.9561,-25.7600,0.36900,0,
-12.8444,-25.6825,0.36917,0,
-12.7699,-25.6025,0.36933,0,
-12.6582,-25.5225,0.36950,0,
-12.5838,-25.4425,0.36967,0,
-12.4721,-25.3625,0.36983,0,
-12.3232,-25.2825,0.37000,0,
-12.2115,-25.2025,0.37017,0,
-12.0998,-25.1225,0.37033,0,
-11.9881,-25.0425,0.37050,0,
-11.8764,-24.9625,0.37067,0,
-11.7647,-24.8825,0.37083,0,
-11.6158,-24.8000,0.37100,0,
-11.4669,-24.7200,0.37117,0,
-11.3552,-24.6400,0.37133,0,
-11.3179,-24.5575,0.37150,0,
-11.2435,-24.4775,0.37167,0,
-11.1318,-24.3950,0.37183,0,
-11.0201,-24.3150,0.37200,0,
-10.9456,-24.2325,0.37217,0,
-10.9084,-24.1525,0.37233,0,
-10.8340,-24.0700,0.37250,0,
-10.7967,-23.9875,0.37267,0,
-10.7223,-23.9075,0.37283,0,
-10.6850,-23.8250,0.37300,0,
-10.6478,-23.7425,0.37317,0,
-10.5733,-23.6600,0.37333,0,
-10.5733,-23.5775,0.37350,0,
-10.4989,-23.4975,0.37367,0,
-10.4244,-23.4150,0.37383,0,
-10.3500,-23.3325,0.37400,0,
-10.2755,-23.2500,0.37417,0,
-10.2010,-23.1675,0.37433,0,
-10.0894,-23.0850,0.37450,0,
-10.0149,-23.0025,0.37467,0,
-9.9777,-22.9200,0.37483,0,
-9.9032,-22.8375,0.37500,0,
-9.8660,-22.7550,0.37517,0,
-9.7915,-22.6725,0.37533,0,
-9.7543,-22.5900,0.37550,0,
-9.7171,-22.5075,0.37567,0,
-9.6798,-22.4250,0.37583,0,
-9.6054,-22.3425,0.37600,0,
-9.6054,-22.2600,0.37617,0,
-9.4937,-22.1775,0.37633,0,
-9.4937,-22.0950,0.37650,0,
-9.3820,-22.0125,0.37667,0,
-9.3447,-21.9300,0.37683,0,
-9.3447,-21.8475,0.37700,0,
-9.1958,-21.7650,0.37717,0,
-9.1586,-21.6800,0.37733,0,
-9.1214,-21.5975,0.37750,0,
-9.0469,-21.5150,0.37767,0,
-9.0469,-21.4325,0.37783,0,
-8.9352,-21.3500,0.37800,0,
-8.8980,-21.2675,0.37817,0,
-8.8235,-21.1850,0.37833,0,
-8.8235,-21.1025,0.37850,0,
-8.7863,-21.0200,0.37867,0,
-8.6374,-20.9375,0.37883,0,
-8.6001,-20.8550,0.37900,0,
-8.5257,-20.7725,0.37917,0,
-8.4512,-20.6875,0.37933,0,
-8.4140,-20.6050,0.37950,0,
-8.3023,-20.5225,0.37967,0,
-8.2278,-20.4400,0.37983,0,
-8.1534,-20.3575,0.38000,0,
-8.0789,-20.2750,0.38017,0,
-8.0045,-20.1900,0.38033,0,
-7.9300,-20.1075,0.38050,0,
-7.8555,-20.0250,0.38067,0,
-7.8183,-19.9425,0.38083,0,
-7.7811,-19.8600,0.38100,0,
-7.7439,-19.7775,0.38117,0,
-7.6694,-19.6925,0.38133,0,
-7.6322,-19.6100,0.38150,0,
-7.6694,-19.5275,0.38167,0,
-7.5577,-19.4450,0.38183,0,
-7.5577,-19.3625,0.38200,0,
-7.5577,-19.2775,0.38217,0,
-7.5205,-19.1950,0.38233,0,
-7.5205,-19.1125,0.38250,0,
-7.4460,-19.0300,0.38267,0,
-7.4460,-18.9450,0.38283,0,
-7.4088,-18.8625,0.38300,0,
-7.3716,-18.7800,0.38317,0,
-7.3343,-18.6975,0.38333,0,
-7.3343,-18.6125,0.38350,0,
-7.2971,-18.5300,0.38367,0,
-7.2971,-18.4475,0.38383,0,
-7.2226,-18.3625,0.38400,0,
-7.1854,-18.2800,0.38417,0,
-7.1482,-18.1975,0.38433,0,
-7.0737,-18.1150,0.38450,0,
-7.0365,-18.0300,0.38467,0,
-6.9248,-17.9475,0.38483,0,
-6.9620,-17.8650,0.38500,0,
-6.8876,-17.7800,0.38517,0,
-6.8876,-17.6975,0.38533,0,
-6.8503,-17.6150,0.38550,0,
-6.8131,-17.5300,0.38567,0,
-6.7386,-17.4475,0.38583,0,
-6.7014,-17.3650,0.38600,0,
-6.6270,-17.2800,0.38617,0,
-6.6270,-17.1975,0.38633,0,
-6.5525,-17.1150,0.38650,0,
-6.5153,-17.0300,0.38667,0,
-6.4780,-16.9475,0.38683,0,
-6.5153,-16.8650,0.38700,0,
-6.4036,-16.7800,0.38717,0,
-6.4036,-16.6975,0.38733,0,
-6.3663,-16.6150,0.38750,0,
-6.3291,-16.5300,0.38767,0,
-6.3291,-16.4475,0.38783,0,
-6.2919,-16.3650,0.38800,0,
-6.2919,-16.2800,0.38817,0,
-6.3663,-16.1975,0.38833,0,
-6.3291,-16.1150,0.38850,0,
-6.3663,-16.0325,0.38867,0,
-6.2919,-15.9475,0.38883,0,
-6.3291,-15.8650,0.38900,0,
-6.4036,-15.7800,0.38917,0,
-6.4036,-15.6975,0.38933,0,
-6.4036,-15.6150,0.38950,0,
-6.3663,-15.5325,0.38967,0,
-6.2919,-15.4475,0.38983,0,
-6.2174,-15.3675,0.39000,0,
-6.2547,-15.2825,0.39017,0,
-6.2919,-15.2000,0.39033,0,
-6.3291,-15.1175,0.39050,0,
-6.2919,-15.0350,0.39067,0,
-6.4036,-14.9500,0.39083,0,
-6.4036,-14.8675,0.39100,0,
-6.3663,-14.7825,0.39117,0,
-6.4408,-14.7000,0.39133,0,
-6.4408,-14.6150,0.39150,0,
-6.5153,-14.5325,0.39167,0,
-6.5153,-14.4475,0.39183,0,
-6.4408,-14.3650,0.39200,0,
-6.4036,-14.2800,0.39217,0,
-6.4036,-14.1975,0.39233,0,
-6.4036,-14.1150,0.39250,0,
-6.4408,-14.0300,0.39267,0,
-6.4780,-13.9475,0.39283,0,
-6.5153,-13.8650,0.39300,0,
-6.5525,-13.7800,0.39317,0,
-6.5897,-13.6975,0.39333,0,
-6.6270,-13.6125,0.39350,0,
-6.6642,-13.5300,0.39367,0,
-6.6270,-13.4475,0.39383,0,
-6.7014,-13.3625,0.39400,0,
-6.6642,-13.2800,0.39417,0,
-6.6642,-13.1950,0.39433,0,
-6.7014,-13.1125,0.39450,0,
-6.7759,-13.0275,0.39467,0,
-6.8131,-12.9450,0.39483,0,
-6.8131,-12.8600,0.39500,0,
-6.9620,-12.7775,0.39517,0,
-6.9993,-12.6950,0.39533,0,
-6.8503,-12.6100,0.39550,0,
-6.9248,-12.5275,0.39567,0,
-7.1109,-12.4450,0.39583,0,
-7.1854,-12.3600,0.39600,0,
-7.1854,-12.2775,0.39617,0,
-7.2599,-12.1925,0.39633,0,
-7.2971,-12.1100,0.39650,0,
-7.2971,-12.0250,0.39667,0,
-7.4088,-11.9425,0.39683,0,
-7.4832,-11.8575,0.39700,0,
-7.4460,-11.7750,0.39717,0,
-7.6322,-11.6900,0.39733,0,
-7.7066,-11.6075,0.39750,0,
-7.6694,-11.5250,0.39767,0,
-7.6694,-11.4425,0.39783,0,
-7.6694,-11.3575,0.39800,0,
-7.7439,-11.2750,0.39817,0,
-8.0417,-11.1925,0.39833,0,
-8.1162,-11.1075,0.39850,0,
-8.0789,-11.0250,0.39867,0,
-8.2651,-10.9425,0.39883,0,
-8.1906,-10.8600,0.39900,0,
-8.1906,-10.7750,0.39917,0,
-8.2278,-10.6925,0.39933,0,
-8.2278,-10.6100,0.39950,0,
-8.3395,-10.5250,0.39967,0,
-8.4140,-10.4425,0.39983,0,
-8.4885,-10.3600,0.40000,0,
-8.5629,-10.2775,0.40017,0,
-8.6746,-10.1925,0.40033,0,
-8.7491,-10.1100,0.40050,0,
-8.7863,-10.0275,0.40067,0,
-8.9352,-9.9425,0.40083,0,
-9.0097,-9.8600,0.40100,0,
-9.1214,-9.7775,0.40117,0,
-9.1958,-9.6925,0.40133,0,
-9.2703,-9.6100,0.40150,0,
-9.4192,-9.5275,0.40167,0,
-9.4192,-9.4425,0.40183,0,
-9.5681,-9.3600,0.40200,0,
-9.6426,-9.2775,0.40217,0,
-9.7543,-9.1925,0.40233,0,
-9.7915,-9.1100,0.40250,0,
-9.9032,-9.0275,0.40267,0,
-9.9777,-8.9425,0.40283,0,
-10.0521,-8.8600,0.40300,0,
-10.2383,-8.7775,0.40317,0,
-10.2755,-8.6925,0.40333,0,
-10.3500,-8.6100,0.40350,0,
-10.4617,-8.5275,0.40367,0,
-10.5361,-8.4425,0.40383,0,
-10.6478,-8.3600,0.40400,0,
-10.7223,-8.2775,0.40417,0,
-10.8340,-8.1925,0.40433,0,
-10.9084,-8.1100,0.40450,0,
-11.0573,-8.0275,0.40467,0,
-11.2063,-7.9425,0.40483,0,
-11.5413,-7.8600,0.40500,0,
-11.8019,-7.7775,0.40517,0,
-11.9136,-7.6925,0.40533,0,
-11.9881,-7.6100,0.40550,0,
-12.1742,-7.5250,0.40567,0,
-12.3604,-7.4425,0.40583,0,
-12.2859,-7.3600,0.40600,0,
-12.5465,-7.2750,0.40617,0,
-12.6955,-7.1925,0.40633,0,
-12.7699,-7.1100,0.40650,0,
-12.8071,-7.0250,0.40667,0,
-12.8816,-6.9425,0.40683,0,
-12.9933,-6.8600,0.40700,0,
-12.9561,-6.7750,0.40717,0,
-13.1422,-6.6925,0.40733,0,
-13.1794,-6.6100,0.40750,0,
-13.1050,-6.5250,0.40767,0,
-13.0678,-6.4425,0.40783,0,
-13.1422,-6.3600,0.40800,0,
-12.9188,-6.2750,0.40817,0,
-12.8071,-6.1925,0.40833,0,
-12.7327,-6.1100,0.40850,0,
-12.7699,-6.0250,0.40867,0,
-12.9188,-5.9425,0.40883,0,
-12.9188,-5.8600,0.40900,0,
-13.0305,-5.7775,0.40917,0,
-12.8816,-5.6925,0.40933,0,
-12.5465,-5.6100,0.40950,0,
-12.8071,-5.5275,0.40967,0,
-12.6955,-5.4425,0.40983,0,
-13.0678,-5.3600,0.41000,0,
-13.1050,-5.2775,0.41017,0,
-12.9561,-5.1925,0.41033,0,
-12.9188,-5.1100,0.41050,0,
-12.7699,-5.0250,0.41067,0,
-12.6210,-4.9425,0.41083,0,
-12.6210,-4.8600,0.41100,0,
-12.6582,-4.7750,0.41117,0,
-12.6955,-4.6925,0.41133,0,
-12.6210,-4.6100,0.41150,0,
-12.6210,-4.5250,0.41167,0,
-12.5093,-4.4425,0.41183,0,
-12.2859,-4.3600,0.41200,0,
-12.2115,-4.2750,0.41217,0,
-12.0998,-4.1925,0.41233,0,
-11.9881,-4.1075,0.41250,0,
-11.7647,-4.0250,0.41267,0,
-11.5786,-3.9400,0.41283,0,
-11.3179,-3.8575,0.41300,0,
-10.9829,-3.7750,0.41317,0,
-10.7967,-3.6900,0.41333,0,
-10.6478,-3.6075,0.41350,0,
-10.4989,-3.5225,0.41367,0,
-10.2383,-3.4400,0.41383,0,
-10.0149,-3.3550,0.41400,0,
-9.6426,-3.2725,0.41417,0,
-9.1958,-3.1900,0.41433,0,
-8.8608,-3.1050,0.41450,0,
-8.4885,-3.0225,0.41467,0,
-8.1534,-2.9375,0.41483,0,
-7.8928,-2.8550,0.41500,0,
-7.4832,-2.7725,0.41517,0,
-7.1482,-2.6875,0.41533,0,
-6.7386,-2.6050,0.41550,0,
-6.3291,-2.5200,0.41567,0,
-5.9568,-2.4375,0.41583,0,
-5.5101,-2.3525,0.41600,0,
-4.9888,-2.2700,0.41617,0,
-4.5048,-2.1850,0.41633,0,
-3.9464,-2.1025,0.41650,0,
-3.4252,-2.0200,0.41667,0,
-2.8295,-1.9350,0.41683,0,
-2.3455,-1.8525,0.41700,0,
-1.7870,-1.7700,0.41717,0,
-1.2286,-1.6850,0.41733,0,
-0.7074,-1.6025,0.41750,0,
-0.1861,-1.5200,0.41767,0,
0.3723,-1.4375,0.41783,0,
0.8563,-1.3550,0.41800,0,
1.2286,-1.2750,0.41817,0,
1.0424,-1.1975,0.41833,0,
0.1489,-1.1225,0.41850,0,
0.0000,-1.0475,0.41867,0,
0.0000,-0.9750,0.41883,0,
0.0000,-0.9050,0.41900,0,
0.0000,-0.8350,0.41917,0,
0.0000,-0.7675,0.41933,0,
0.0000,-0.7050,0.41950,0,
0.0000,-0.6400,0.41967,0,
0.0000,-0.5800,0.41983,0,
0.0000,-0.5200,0.42000,0,
0.0000,-0.4650,0.42017,0,
0.0000,-0.4100,0.42033,0,
0.0000,-0.3575,0.42050,0,
0.0000,-0.3050,0.42067,0,
0.0000,-0.2575,0.42083,0,
0.0000,-0.2100,0.42100,0,
0.0000,-0.1650,0.42117,0,
0.0000,-0.1225,0.42133,0,
0.0000,-0.0800,0.42150,0,
-0.0372,-0.0550,0.42167,0,
0.0000,-0.0450,0.42183,0,
0.0000,-0.0475,0.42200,0,
0.0000,-0.0525,0.42217,0,
0.0000,-0.0475,0.42233,0,
0.0000,-0.0375,0.42250,0,
0.0000,-0.0275,0.42267,0,
0.0000,-0.0225,0.42283,0,
0.0000,-0.0225,0.42300,0,
0.0000,-0.0225,0.42317,0,
0.0000,-0.0150,0.42333,0,
0.0000,-0.0075,0.42350,0,
0.0000,-0.0000,0.42367,0,
0.0000,0.0050,0.42383,0,
0.0000,0.0050,0.42400,0,
0.0000,0.0050,0.42417,0,
0.0000,0.0050,0.42433,0,
0.0000,0.0050,0.42450,0,
0.0000,0.0050,0.42467,0,
0.0000,0.0050,0.42483,0,
0.0000,0.0050,0.42500,0,
0.0000,0.0050,0.42517,0,
0.0000,0.0050,0.42533,0,
0.0000,0.0050,0.42550,0,
0.0000,0.0050,0.42567,0,
0.0000,0.0050,0.42583,0,
0.0000,0.0050,0.42600,0,
0.0000,0.0050,0.42617,0,
0.0000,0.0050,0.42633,0,
0.0000,0.0050,0.42650,0,
0.0000,0.0050,0.42667,0,
0.0000,0.0050,0.42683,0,
0.0000,0.0050,0.42700,0,
0.0000,0.0050,0.42717,0,
0.0000,-0.0025,0.42733,0,
-0.0372,-0.0250,0.42750,0,
0.0000,-0.0525,0.42767,0,
0.0000,-0.0825,0.42783,0,
0.0000,-0.1150,0.42800,0,
0.0000,-0.1500,0.42817,0,
0.0000,-0.1850,0.42833,0,
0.0000,-0.2225,0.42850,0,
0.0000,-0.2600,0.42867,0,
0.0000,-0.2975,0.42883,0,
0.0000,-0.3400,0.42900,0,
0.0000,-0.3825,0.42917,0,
0.0000,-0.4250,0.42933,0,
0.0000,-0.4700,0.42950,0,
0.0000,-0.5175,0.42967,0,
0.0000,-0.5650,0.42983,0,
0.0000,-0.6125,0.43000,0,
0.0000,-0.6625,0.43017,0,
-0.0372,-0.7125,0.43033,0,
-0.0372,-0.7650,0.43050,0,
-0.1489,-0.8200,0.43067,0,
-0.4468,-0.8725,0.43083,0,
-1.0424,-0.9275,0.43100,0,
-1.8243,-0.9850,0.43117,0,
-2.7178,-1.0425,0.43133,0,
-3.6485,-1.1000,0.43150,0,
-4.5421,-1.1575,0.43167,0,
-5.2494,-1.2175,0.43183,0,
-5.7707,-1.2775,0.43200,0,
-6.4780,-1.3400,0.43217,0,
-7.3343,-1.4025,0.43233,0,
-8.1534,-1.4650,0.43250,0,
-9.1214,-1.5275,0.43267,0,
-10.1266,-1.5925,0.43283,0,
-11.0201,-1.6575,0.43300,0,
-11.8764,-1.7225,0.43317,0,
-12.6210,-1.7875,0.43333,0,
-13.4028,-1.8550,0.43350,0,
-14.1474,-1.9200,0.43367,0,
-14.8920,-1.9875,0.43383,0,
-15.6366,-2.0575,0.43400,0,
-16.4185,-2.1250,0.43417,0,
-17.2375,-2.1950,0.43433,0,
-17.9077,-2.2625,0.43450,0,
-18.4289,-2.3325,0.43467,0,
-18.9501,-2.4050,0.43483,0,
-19.6203,-2.4750,0.43500,0,
-20.4021,-2.5450,0.43517,0,
-20.8116,-2.6175,0.43533,0,
-21.1839,-2.6900,0.43550,0,
-21.3701,-2.7600,0.43567,0,
-21.9657,-2.8325,0.43583,0,
-22.3380,-2.9050,0.43600,0,
-22.8965,-2.9800,0.43617,0,
-23.1571,-3.0525,0.43633,0,
-23.5666,-3.1275,0.43650,0,
-23.8645,-3.2025,0.43667,0,
-23.9762,-3.2800,0.43683,0,
-24.5346,-3.3500,0.43700,0,
-24.4602,-3.4250,0.43717,0,
-24.7952,-3.5025,0.43733,0,
-25.0558,-3.5775,0.43750,0,
-25.7260,-3.6525,0.43767,0,
-26.2844,-3.7300,0.43783,0,
-26.2472,-3.8050,0.43800,0,
-26.2844,-3.8850,0.43817,0,
-26.8057,-3.9600,0.43833,0,
-27.1780,-4.0350,0.43850,0,
-27.6992,-4.1125,0.43867,0,
-27.6619,-4.1900,0.43883,0,
-27.9226,-4.2675,0.43900,0,
-27.9598,-4.3475,0.43917,0,
-27.8853,-4.4250,0.43933,0,
-27.5875,-4.5050,0.43950,0,
-26.8429,-4.5800,0.43967,0,
-26.8057,-4.6600,0.43983,0,
-26.6195,-4.7375,0.44000,0,
-26.5823,-4.8175,0.44017,0,
-26.4706,-4.8975,0.44033,0,
-26.5450,-4.9750,0.44050,0,
-27.0290,-5.0550,0.44067,0,
-27.4758,-5.1350,0.44083,0,
-27.8109,-5.2150,0.44100,0,
-27.9970,-5.2925,0.44117,0,
-27.9970,-5.3725,0.44133,0,
-27.8481,-5.4525,0.44150,0,
-27.5503,-5.5325,0.44167,0,
-27.5875,-5.6125,0.44183,0,
-27.5503,-5.6925,0.44200,0,
-27.3269,-5.7750,0.44217,0,
-27.1780,-5.8550,0.44233,0,
-26.7684,-5.9350,0.44250,0,
-26.3589,-6.0150,0.44267,0,
-25.7632,-6.0950,0.44283,0,
-25.0558,-6.1775,0.44300,0,
-25.2420,-6.2575,0.44317,0,
-25.3165,-6.3400,0.44333,0,
-24.9442,-6.4225,0.44350,0,
-24.8325,-6.5025,0.44367,0,
-24.5719,-6.5825,0.44383,0,
-24.4602,-6.6650,0.44400,0,
-24.0506,-6.7450,0.44417,0,
-24.4229,-6.8275,0.44433,0,
-24.6835,-6.9075,0.44450,0,
-24.4602,-6.9900,0.44467,0,
-23.6039,-7.0725,0.44483,0,
-23.4177,-7.1550,0.44500,0,
-23.1199,-7.2350,0.44517,0,
-22.7848,-7.3175,0.44533,0,
-22.7104,-7.4000,0.44550,0,
-22.5242,-7.4825,0.44567,0,
-22.6359,-7.5625,0.44583,0,
-22.4125,-7.6450,0.44600,0,
-22.6731,-7.7275,0.44617,0,
-22.3753,-7.8100,0.44633,0,
-22.0402,-7.8925,0.44650,0,
-21.7424,-7.9725,0.44667,0,
-21.5190,-8.0550,0.44683,0,
-21.2211,-8.1375,0.44700,0,
-21.0350,-8.2200,0.44717,0,
-20.3649,-8.3025,0.44733,0,
-20.3649,-8.3850,0.44750,0,
-20.2904,-8.4675,0.44767,0,
-20.3649,-8.5500,0.44783,0,
-20.4393,-8.6325,0.44800,0,
-20.2904,-8.7150,0.44817,0,
-20.1415,-8.7975,0.44833,0,
-19.8809,-8.8825,0.44850,0,
-19.5830,-8.9650,0.44867,0,
-19.6575,-9.0475,0.44883,0,
-19.5830,-9.1300,0.44900,0,
-19.4341,-9.2125,0.44917,0,
-19.0618,-9.2950,0.44933,0,
-18.9873,-9.3775,0.44950,0,
-18.6523,-9.4600,0.44967,0,
-18.3172,-9.5425,0.44983,0,
-18.2427,-9.6275,0.45000,0,
-18.0938,-9.7100,0.45017,0,
-18.0566,-9.7925,0.45033,0,
-17.9449,-9.8750,0.45050,0,
-17.6471,-9.9575,0.45067,0,
-17.4609,-10.0400,0.45083,0,
-17.3120,-10.1250,0.45100,0,
-17.2003,-10.2075,0.45117,0,
-17.0886,-10.2900,0.45133,0,
-17.0514,-10.3725,0.45150,0,
-16.8652,-10.4575,0.45167,0,
-16.5674,-10.5400,0.45183,0,
-16.4557,-10.6225,0.45200,0,
-16.4185,-10.7050,0.45217,0,
-16.3068,-10.7875,0.45233,0,
-16.2323,-10.8725,0.45250,0,
-16.1951,-10.9550,0.45267,0,
-16.0462,-11.0375,0.45283,0,
-15.8228,-11.1225,0.45300,0,
-15.6739,-11.2050,0.45317,0,
-15.5994,-11.2875,0.45333,0,
-15.4505,-11.3725,0.45350,0,
-15.2643,-11.4550,0.45367,0,
-15.1526,-11.5375,0.45383,0,
-15.0782,-11.6200,0.45400,0,
-15.0037,-11.7050,0.45417,0,
-14.9665,-11.7875,0.45433,0,
-14.7803,-11.8700,0.45450,0,
-14.5942,-11.9550,0.45467,0,
-14.5942,-12.0375,0.45483,0,
-14.5197,-12.1200,0.45500,0,
-14.3708,-12.2050,0.45517,0,
-14.3708,-12.2875,0.45533,0,
-14.3336,-12.3700,0.45550,0,
-14.3336,-12.4550,0.45567,0,
-14.2591,-12.5375,0.45583,0,
-14.1474,-12.6200,0.45600,0,
-13.9985,-12.7050,0.45617,0,
-13.9240,-12.7875,0.45633,0,
-13.8496,-12.8700,0.45650,0,
-13.7007,-12.9550,0.45667,0,
-13.6262,-13.0375,0.45683,0,
-13.5518,-13.1200,0.45700,0,
-13.4028,-13.2050,0.45717,0,
-13.4028,-13.2875,0.45733,0,
-13.4401,-13.3700,0.45750,0,
-13.4401,-13.4550,0.45767,0,
-13.3284,-13.5375,0.45783,0,
-13.3656,-13.6200,0.45800,0,
-13.2911,-13.7050,0.45817,0,
-13.1422,-13.7875,0.45833,0,
-13.0678,-13.8725,0.45850,0,
-13.0678,-13.9550,0.45867,0,
-12.9188,-14.0375,0.45883,0,
-12.8071,-14.1225,0.45900,0,
-12.7699,-14.2050,0.45917,0,
-12.7699,-14.2875,0.45933,0,
-12.7327,-14.3725,0.45950,0,
-12.6582,-14.4550,0.45967,0,
-12.6210,-14.5375,0.45983,0,
-12.5838,-14.6225,0.46000,0,
-12.6582,-14.7050,0.46017,0,
-12.6582,-14.7900,0.46033,0,
-12.6210,-14.8725,0.46050,0,
-12.6210,-14.9550,0.46067,0,
-12.6955,-15.0400,0.46083,0,
-12.6582,-15.1225,0.46100,0,
-12.5838,-15.2050,0.46117,0,
-12.5465,-15.2875,0.46133,0,
-12.5465,-15.3725,0.46150,0,
-12.5093,-15.4525,0.46167,0,
-12.5093,-15.5350,0.46183,0,
-12.4348,-15.6200,0.46200,0,
-12.4348,-15.7025,0.46217,0,
-12.3604,-15.7875,0.46233,0,
-12.2859,-15.8700,0.46250,0,
-12.3232,-15.9550,0.46267,0,
-12.2859,-16.0375,0.46283,0,
-12.3232,-16.1200,0.46300,0,
-12.3232,-16.2050,0.46317,0,
-12.3232,-16.2875,0.46333,0,
-12.2859,-16.3700,0.46350,0,
-12.2859,-16.4550,0.46367,0,
-12.3232,-16.5375,0.46383,0,
-12.3604,-16.6200,0.46400,0,
-12.3976,-16.7050,0.46417,0,
-12.3976,-16.7875,0.46433,0,
-12.4721,-16.8700,0.46450,0,
-12.5093,-16.9550,0.46467,0,
-12.5093,-17.0375,0.46483,0,
-12.5465,-17.1200,0.46500,0,
-12.6582,-17.2050,0.46517,0,
-12.6582,-17.2875,0.46533,0,
-12.7327,-17.3700,0.46550,0,
-12.8071,-17.4550,0.46567,0,
-12.8444,-17.5375,0.46583,0,
-12.8444,-17.6200,0.46600,0,
-12.8071,-17.7050,0.46617,0,
-12.8071,-17.7875,0.46633,0,
-12.7699,-17.8725,0.46650,0,
-12.8071,-17.9550,0.46667,0,
-12.8444,-18.0375,0.46683,0,
-12.8816,-18.1225,0.46700,0,
-12.9188,-18.2050,0.46717,0,
-12.9188,-18.2875,0.46733,0,
-12.9188,-18.3725,0.46750,0,
-12.9188,-18.4550,0.46767,0,
-12.9561,-18.5375,0.46783,0,
-12.8816,-18.6225,0.46800,0,
-12.9188,-18.7050,0.46817,0,
-12.9188,-18.7900,0.46833,0,
-12.9188,-18.8725,0.46850,0,
-12.9933,-18.9550,0.46867,0,
-12.9933,-19.0375,0.46883,0,
-13.0678,-19.1225,0.46900,0,
-13.1422,-19.2050,0.46917,0,
-13.2167,-19.2900,0.46933,0,
-13.2539,-19.3725,0.46950,0,
-13.2911,-19.4550,0.46967,0,
-13.3656,-19.5400,0.46983,0,
-13.4401,-19.6225,0.47000,0,
-13.5145,-19.7050,0.47017,0,
-13.6262,-19.7900,0.47033,0,
-13.6262,-19.8725,0.47050,0,
-13.7007,-19.9575,0.47067,0,
-13.8124,-20.0400,0.47083,0,
-13.8868,-20.1225,0.47100,0,
-13.9240,-20.2050,0.47117,0,
-13.9613,-20.2900,0.47133,0,
-14.0357,-20.3725,0.47150,0,
-14.0730,-20.4575,0.47167,0,
-14.1102,-20.5400,0.47183,0,
-14.1474,-20.6225,0.47200,0,
-14.2591,-20.7075,0.47217,0,
-14.2591,-20.7900,0.47233,0,
-14.3336,-20.8725,0.47250,0,
-14.3708,-20.9575,0.47267,0,
-14.4080,-21.0400,0.47283,0,
-14.4453,-21.1250,0.47300,0,
-14.4453,-21.2075,0.47317,0,
-14.4453,-21.2900,0.47333,0,
-14.4453,-21.3750,0.47350,0,
-14.4453,-21.4575,0.47367,0,
-14.4825,-21.5400,0.47383,0,
-14.5570,-21.6250,0.47400,0,
-14.6314,-21.7075,0.47417,0,
-14.7059,-21.7900,0.47433,0,
-14.7803,-21.8750,0.47450,0,
-14.8176,-21.9575,0.47467,0,
-14.8548,-22.0400,0.47483,0,
-14.9665,-22.1250,0.47500,0,
-15.0037,-22.2075,0.47517,0,
-15.0782,-22.2900,0.47533,0,
-15.1899,-22.3750,0.47550,0,
-15.1899,-22.4575,0.47567,0,
-15.3016,-22.5425,0.47583,0,
-15.3388,-22.6250,0.47600,0,
-15.4505,-22.7075,0.47617,0,
-15.4505,-22.7925,0.47633,0,
-15.5622,-22.8750,0.47650,0,
-15.6366,-22.9575,0.47667,0,
-15.7483,-23.0400,0.47683,0,
-15.8600,-23.1250,0.47700,0,
-15.9717,-23.2075,0.47717,0,
-16.0462,-23.2900,0.47733,0,
-16.1579,-23.3750,0.47750,0,
-16.2695,-23.4575,0.47767,0,
-16.4185,-23.5425,0.47783,0,
-16.5674,-23.6250,0.47800,0,
-16.7163,-23.7075,0.47817,0,
-16.8280,-23.7925,0.47833,0,
-16.9397,-23.8750,0.47850,0,
-17.0141,-23.9575,0.47867,0,
-17.1258,-24.0425,0.47883,0,
-17.2003,-24.1250,0.47900,0,
-17.3120,-24.2075,0.47917,0,
-17.3864,-24.2925,0.47933,0,
-17.4609,-24.3750,0.47950,0,
-17.5354,-24.4600,0.47967,0,
-17.6843,-24.5425,0.47983,0,
-17.8704,-24.6250,0.48000,0,
-18.0194,-24.7100,0.48017,0,
-18.1683,-24.7925,0.48033,0,
-18.3172,-24.8750,0.48050,0,
-18.5406,-24.9600,0.48067,0,
-18.7640,-25.0425,0.48083,0,
-18.9501,-25.1275,0.48100,0,
-19.0990,-25.2100,0.48117,0,
-19.3224,-25.2925,0.48133,0,
-19.5086,-25.3775,0.48150,0,
-19.7319,-25.4600,0.48167,0,
-19.8809,-25.5425,0.48183,0,
-20.1042,-25.6275,0.48200,0,
-20.4393,-25.7100,0.48217,0,
-20.7372,-25.7925,0.48233,0,
-21.0722,-25.8775,0.48250,0,
-21.3701,-25.9600,0.48267,0,
-21.6679,-26.0425,0.48283,0,
-21.9285,-26.1275,0.48300,0,
-22.1891,-26.2100,0.48317,0,
-22.4870,-26.2925,0.48333,0,
-22.7848,-26.3750,0.48350,0,
-23.1199,-26.4600,0.48367,0,
-23.4177,-26.5425,0.48383,0,
-23.7900,-26.6250,0.48400,0,
-24.1623,-26.7100,0.48417,0,
-24.3857,-26.7925,0.48433,0,
-24.5719,-26.8775,0.48450,0,
-24.8325,-26.9600,0.48467,0,
-25.0558,-27.0425,0.48483,0,
-25.3537,-27.1275,0.48500,0,
-25.6515,-27.2100,0.48517,0,
-25.9121,-27.2925,0.48533,0,
-26.1727,-27.3750,0.48550,0,
-26.3961,-27.4600,0.48567,0,
-26.5450,-27.5425,0.48583,0,
-26.7684,-27.6250,0.48600,0,
-26.9173,-27.7075,0.48617,0,
-27.1780,-27.7925,0.48633,0,
-27.3641,-27.8750,0.48650,0,
-27.6247,-27.9575,0.48667,0,
-27.8481,-28.0425,0.48683,0,
-28.0715,-28.1250,0.48700,0,
-28.3693,-28.2075,0.48717,0,
-28.5182,-28.2900,0.48733,0,
-28.7416,-28.3750,0.48750,0,
-28.9650,-28.4575,0.48767,0,
-29.1139,-28.5425,0.48783,0,
-29.3373,-28.6250,0.48800,0,
-29.5607,-28.7075,0.48817,0,
-29.7841,-28.7900,0.48833,0,
-29.9702,-28.8750,0.48850,0,
-30.1191,-28.9575,0.48867,0,
-30.3425,-29.0400,0.48883,0,
-30.4914,-29.1225,0.48900,0,
-30.6776,-29.2050,0.48917,0,
-30.9010,-29.2875,0.48933,0,
-31.0127,-29.3700,0.48950,0,
-31.1988,-29.4500,0.48967,0,
-31.3105,-29.5275,0.48983,0,
-31.4594,-29.6025,0.49000,0,
-31.6456,-29.6775,0.49017,0,
-31.8317,-29.7500,0.49033,0,
-31.9806,-29.8200,0.49050,0,
-32.1296,-29.8900,0.49067,0,
-32.2785,-29.9575,0.49083,0,
-32.3529,-30.0225,0.49100,0,
-32.4274,-30.0850,0.49117,0,
-32.5391,-30.1450,0.49133,0,
-32.6508,-30.2050,0.49150,0,
-32.7625,-30.2625,0.49167,0,
-32.8742,-30.3175,0.49183,0,
-32.9486,-30.3700,0.49200,0,
-33.0231,-30.4200,0.49217,0,
-33.0975,-30.4700,0.49233,0,
-33.0975,-30.5175,0.49250,0,
-33.1348,-30.5625,0.49267,0,
-33.1720,-30.6050,0.49283,0,
-33.2092,-30.6475,0.49300,0,
-33.2465,-30.6850,0.49317,0,
-33.2092,-30.7100,0.49333,0,
-33.0975,-30.7200,0.49350,0,
-32.9486,-30.7225,0.49367,0,
-32.7997,-30.7200,0.49383,0,
-32.6508,-30.7175,0.49400,0,
-32.5391,-30.7225,0.49417,0,
-32.4646,-30.7275,0.49433,0,
-32.3902,-30.7325,0.49450,0,
-32.2785,-30.7325,0.49467,0,
-32.2040,-30.7325,0.49483,0,
-32.0923,-30.7325,0.49500,0,
-32.0179,-30.7325,0.49517,0,
-31.9434,-30.7325,0.49533,0,
-31.8689,-30.7325,0.49550,0,
-31.7945,-30.7325,0.49567,0,
-31.7200,-30.7325,0.49583,0,
-31.6456,-30.7325,0.49600,0,
-31.5711,-30.7325,0.49617,0,
-31.5339,-30.7325,0.49633,0,
-31.4594,-30.7325,0.49650,0,
-31.3850,-30.7325,0.49667,0,
-31.3477,-30.7325,0.49683,0,
-31.2733,-30.7325,0.49700,0,
-31.2360,-30.7325,0.49717,0,
-31.1616,-30.7325,0.49733,0,
-31.1243,-30.7325,0.49750,0,
-31.0871,-30.7325,0.49767,0,
-31.0127,-30.7250,0.49783,0,
-30.8265,-30.7025,0.49800,0,
-30.6031,-30.6750,0.49817,0,
-30.3425,-30.6425,0.49833,0,
-30.0447,-30.6125,0.49850,0,
-29.7841,-30.5775,0.49867,0,
-29.5235,-30.5450,0.49883,0,
-29.2256,-30.5075,0.49900,0,
-28.9650,-30.4700,0.49917,0,
-28.7044,-30.4325,0.49933,0,
-28.4066,-30.3900,0.49950,0,
-28.1459,-30.3500,0.49967,0,
-27.8481,-30.3050,0.49983,0,
-27.6247,-30.2625,0.50000,0,
-27.4386,-30.2150,0.50017,0,
-27.2152,-30.1675,0.50033,0,
-27.0290,-30.1200,0.50050,0,
-26.8429,-30.0700,0.50067,0,
-26.6195,-30.0200,0.50083,0,
-26.4334,-29.9675,0.50100,0,
-26.2100,-29.9150,0.50117,0,
-25.9866,-29.8600,0.50133,0,
-25.7632,-29.8050,0.50150,0,
-25.5026,-29.7500,0.50167,0,
-25.2792,-29.6925,0.50183,0,
-25.0558,-29.6350,0.50200,0,
-24.8325,-29.5775,0.50217,0,
-24.6463,-29.5175,0.50233,0,
-24.4229,-29.4575,0.50250,0,
-24.1623,-29.3975,0.50267,0,
-23.9389,-29.3350,0.50283,0,
-23.7156,-29.2725,0.50300,0,
-23.4922,-29.2075,0.50317,0,
-23.2316,-29.1450,0.50333,0,
-22.9710,-29.0800,0.50350,0,
-22.7476,-29.0150,0.50367,0,
-22.4870,-28.9475,0.50383,0,
-22.2264,-28.8825,0.50400,0,
-21.9657,-28.8150,0.50417,0,
-21.7424,-28.7475,0.50433,0,
-21.4818,-28.6800,0.50450,0,
-21.2584,-28.6100,0.50467,0,
-20.9605,-28.5400,0.50483,0,
-20.7372,-28.4725,0.50500,0,
-20.4765,-28.4025,0.50517,0,
-20.2532,-28.3300,0.50533,0,
-19.9553,-28.2600,0.50550,0,
-19.6947,-28.1875,0.50567,0,
-19.4341,-28.1175,0.50583,0,
-19.1363,-28.0450,0.50600,0,
-18.8384,-27.9725,0.50617,0,
-18.6150,-27.8975,0.50633,0,
-18.3917,-27.8250,0.50650,0,
-18.2055,-27.7525,0.50667,0,
-17.9449,-27.6775,0.50683,0,
-17.6843,-27.6025,0.50700,0,
-17.4981,-27.5275,0.50717,0,
-17.2375,-27.4525,0.50733,0,
-17.0141,-27.3775,0.50750,0,
-16.7908,-27.3025,0.50767,0,
-16.5302,-27.2275,0.50783,0,
-16.3068,-27.1500,0.50800,0,
-16.0462,-27.0750,0.50817,0,
-15.8600,-26.9975,0.50833,0,
-15.6366,-26.9200,0.50850,0,
-15.4133,-26.8450,0.50867,0,
-15.1154,-26.7675,0.50883,0,
-14.8920,-26.6900,0.50900,0,
-14.6314,-26.6125,0.50917,0,
-14.3708,-26.5350,0.50933,0,
-14.1474,-26.4575,0.50950,0,
-13.9613,-26.3800,0.50967,0,
-13.7379,-26.3000,0.50983,0,
-13.5890,-26.2225,0.51000,0,
-13.4028,-26.1450,0.51017,0,
-13.3656,-26.0650,0.51033,0,
-13.2167,-25.9850,0.51050,0,
-13.0678,-25.9075,0.51067,0,
-12.9933,-25.8275,0.51083,0,
-12.8444,-25.7500,0.51100,0,
-12.6955,-25.6700,0.51117,0,
-12.5838,-25.5900,0.51133,0,
-12.4721,-25.5100,0.51150,0,
-12.3604,-25.4300,0.51167,0,
-12.2859,-25.3500,0.51183,0,
-12.1742,-25.2700,0.51200,0,
-12.0625,-25.1900,0.51217,0,
-11.9881,-25.1100,0.51233,0,
-11.8764,-25.0300,0.51250,0,
-11.7275,-24.9475,0.51267,0,
-11.6158,-24.8675,0.51283,0,
-11.5413,-24.7875,0.51300,0,
-11.4669,-24.7075,0.51317,0,
-11.3179,-24.6250,0.51333,0,
-11.2807,-24.5450,0.51350,0,
-11.2063,-24.4625,0.51367,0,
-11.0946,-24.3825,0.51383,0,
-11.0573,-24.3000,0.51400,0,
-10.9456,-24.2200,0.51417,0,
-10.8712,-24.1375,0.51433,0,
-10.7967,-24.0550,0.51450,0,
-10.7595,-23.9750,0.51467,0,
-10.6850,-23.8925,0.51483,0,
-10.6478,-23.8100,0.51500,0,
-10.5361,-23.7300,0.51517,0,
-10.4989,-23.6475,0.51533,0,
-10.4244,-23.5650,0.51550,0,
-10.3872,-23.4825,0.51567,0,
-10.3127,-23.4000,0.51583,0,
-10.2755,-23.3175,0.51600,0,
-10.2383,-23.2350,0.51617,0,
-10.1638,-23.1525,0.51633,0,
-10.0521,-23.0725,0.51650,0,
-10.0521,-22.9900,0.51667,0,
-9.9777,-22.9075,0.51683,0,
-9.9404,-22.8250,0.51700,0,
-9.8660,-22.7425,0.51717,0,
-9.7915,-22.6600,0.51733,0,
-9.7543,-22.5775,0.51750,0,
-9.6798,-22.4950,0.51767,0,
-9.6054,-22.4125,0.51783,0,
-9.5309,-22.3300,0.51800,0,
-9.4937,-22.2450,0.51817,0,
-9.4192,-22.1625,0.51833,0,
-9.3820,-22.0800,0.51850,0,
-9.3075,-21.9975,0.51867,0,
-9.2703,-21.9150,0.51883,0,
-9.1586,-21.8325,0.51900,0,
-9.1586,-21.7500,0.51917,0,
-9.0841,-21.6675,0.51933,0,
-8.9725,-21.5850,0.51950,0,
-8.9352,-21.5000,0.51967,0,
-8.8235,-21.4175,0.51983,0,
-8.8235,-21.3350,0.52000,0,
-8.7491,-21.2525,0.52017,0,
-8.6374,-21.1700,0.52033,0,
-8.6374,-21.0875,0.52050,0,
-8.6001,-21.0050,0.52067,0,
-8.5257,-20.9225,0.52083,0,
-8.4512,-20.8375,0.52100,0,
-8.4512,-20.7550,0.52117,0,
-8.3395,-20.6725,0.52133,0,
-8.3395,-20.5900,0.52150,0,
-8.2278,-20.5075,0.52167,0,
-8.1534,-20.4225,0.52183,0,
-8.0789,-20.3400,0.52200,0,
-8.0789,-20.2575,0.52217,0,
-8.0045,-20.1750,0.52233,0,
-7.9672,-20.0925,0.52250,0,
-7.9300,-20.0100,0.52267,0,
-7.8928,-19.9275,0.52283,0,
-7.8928,-19.8450,0.52300,0,
-7.8183,-19.7625,0.52317,0,
-7.7811,-19.6775,0.52333,0,
-7.7439,-19.5950,0.52350,0,
-7.7066,-19.5125,0.52367,0,
-7.6694,-19.4300,0.52383,0,
-7.5949,-19.3475,0.52400,0,
-7.5577,-19.2625,0.52417,0,
-7.5205,-19.1800,0.52433,0,
-7.4460,-19.0975,0.52450,0,
-7.4088,-19.0125,0.52467,0,
-7.4088,-18.9300,0.52483,0,
-7.3343,-18.8475,0.52500,0,
-7.3343,-18.7650,0.52517,0,
-7.2599,-18.6825,0.52533,0,
-7.2226,-18.5975,0.52550,0,
-7.2226,-18.5150,0.52567,0,
-7.1482,-18.4325,0.52583,0,
-7.0737,-18.3475,0.52600,0,
-7.1109,-18.2650,0.52617,0,
-7.0737,-18.1825,0.52633,0,
-6.9993,-18.0975,0.52650,0,
-6.9993,-18.0150,0.52667,0,
-6.9248,-17.9325,0.52683,0,
-6.9248,-17.8475,0.52700,0,
-6.8131,-17.7650,0.52717,0,
-6.8131,-17.6825,0.52733,0,
-6.7386,-17.5975,0.52750,0,
-6.7759,-17.5150,0.52767,0,
-6.6270,-17.4325,0.52783,0,
-6.6642,-17.3500,0.52800,0,
-6.6270,-17.2650,0.52817,0,
-6.5897,-17.1825,0.52833,0,
-6.5525,-17.1000,0.52850,0,
-6.5525,-17.0150,0.52867,0,
-6.5153,-16.9325,0.52883,0,
-6.5153,-16.8500,0.52900,0,
-6.4780,-16.7650,0.52917,0,
-6.4780,-16.6825,0.52933,0,
-6.4780,-16.6000,0.52950,0,
-6.4408,-16.5150,0.52967,0,
-6.3663,-16.4325,0.52983,0,
-6.3291,-16.3500,0.53000,0,
-6.3663,-16.2650,0.53017,0,
-6.3291,-16.1850,0.53033,0,
-6.2919,-16.1000,0.53050,0,
-6.2919,-16.0175,0.53067,0,
-6.2547,-15.9350,0.53083,0,
-6.2547,-15.8500,0.53100,0,
-6.2174,-15.7675,0.53117,0,
-6.2174,-15.6850,0.53133,0,
-6.2174,-15.6025,0.53150,0,
-6.2174,-15.5175,0.53167,0,
-6.2174,-15.4350,0.53183,0,
-6.1802,-15.3550,0.53200,0,
-6.1802,-15.2700,0.53217,0,
-6.2174,-15.1875,0.53233,0,
-6.1802,-15.1050,0.53250,0,
-6.1802,-15.0200,0.53267,0,
-6.2174,-14.9375,0.53283,0,
-6.1802,-14.8550,0.53300,0,
-6.2174,-14.7700,0.53317,0,
-6.2174,-14.6875,0.53333,0,
-6.2547,-14.6050,0.53350,0,
-6.2174,-14.5200,0.53367,0,
-6.1802,-14.4375,0.53383,0,
-6.2547,-14.3550,0.53400,0,
-6.2919,-14.2700,0.53417,0,
-6.2547,-14.1875,0.53433,0,
-6.3291,-14.1050,0.53450,0,
-6.3291,-14.0200,0.53467,0,
-6.2547,-13.9350,0.53483,0,
-6.3291,-13.8525,0.53500,0,
-6.3291,-13.7700,0.53517,0,
-6.3663,-13.6850,0.53533,0,
-6.4408,-13.6025,0.53550,0,
-6.4408,-13.5200,0.53567,0,
-6.4408,-13.4350,0.53583,0,
-6.4036,-13.3525,0.53600,0,
-6.4408,-13.2650,0.53617,0,
-6.4408,-13.1850,0.53633,0,
-6.4408,-13.1025,0.53650,0,
-6.4780,-13.0175,0.53667,0,
-6.5153,-12.9350,0.53683,0,
-6.5525,-12.8500,0.53700,0,
-6.6642,-12.7675,0.53717,0,
-6.7014,-12.6825,0.53733,0,
-6.7014,-12.5975,0.53750,0,
-6.7014,-12.5150,0.53767,0,
-6.8131,-12.4325,0.53783,0,
-6.9993,-12.3475,0.53800,0,
-7.1109,-12.2650,0.53817,0,
-7.1482,-12.1800,0.53833,0,
-7.1854,-12.0975,0.53850,0,
-7.2226,-12.0125,0.53867,0,
-7.2971,-11.9275,0.53883,0,
-7.3343,-11.8450,0.53900,0,
-7.4088,-11.7625,0.53917,0,
-7.4460,-11.6800,0.53933,0,
-7.5205,-11.5950,0.53950,0,
-7.5949,-11.5125,0.53967,0,
-7.6322,-11.4275,0.53983,0,
-7.6694,-11.3450,0.54000,0,
-7.8183,-11.2600,0.54017,0,
-7.7811,-11.1775,0.54033,0,
-7.8928,-11.0950,0.54050,0,
-8.0789,-11.0125,0.54067,0,
-8.0417,-10.9275,0.54083,0,
-8.1906,-10.8450,0.54100,0,
-8.3023,-10.7625,0.54117,0,
-8.2278,-10.6775,0.54133,0,
-8.2278,-10.5925,0.54150,0,
-8.4140,-10.5125,0.54167,0,
-8.4512,-10.4300,0.54183,0,
-8.6001,-10.3450,0.54200,0,
-8.6001,-10.2625,0.54217,0,
-8.7118,-10.1800,0.54233,0,
-8.8235,-10.0950,0.54250,0,
-8.8980,-10.0125,0.54267,0,
-9.0097,-9.9300,0.54283,0,
-9.1214,-9.8475,0.54300,0,
-9.0469,-9.7625,0.54317,0,
-9.1214,-9.6800,0.54333,0,
-9.1958,-9.5975,0.54350,0,
-9.3447,-9.5150,0.54367,0,
-9.3820,-9.4300,0.54383,0,
-9.4564,-9.3475,0.54400,0,
-9.6054,-9.2650,0.54417,0,
-9.6798,-9.1800,0.54433,0,
-9.8660,-9.0975,0.54450,0,
-9.9777,-9.0150,0.54467,0,
-10.1638,-8.9325,0.54483,0,
-10.2755,-8.8475,0.54500,0,
-10.3872,-8.7650,0.54517,0,
-10.3872,-8.6825,0.54533,0,
-10.4244,-8.5975,0.54550,0,
-10.3872,-8.5150,0.54567,0,
-10.3872,-8.4325,0.54583,0,
-10.5733,-8.3475,0.54600,0,
-10.6106,-8.2650,0.54617,0,
-10.6850,-8.1825,0.54633,0,
-10.8340,-8.0975,0.54650,0,
-10.9084,-8.0150,0.54667,0,
-11.0201,-7.9300,0.54683,0,
-10.9829,-7.8475,0.54700,0,
-10.9829,-7.7650,0.54717,0,
-11.1690,-7.6825,0.54733,0,
-11.3179,-7.5975,0.54750,0,
-11.4296,-7.5150,0.54767,0,
-11.4669,-7.4325,0.54783,0,
-11.6158,-7.3475,0.54800,0,
-11.7275,-7.2650,0.54817,0,
-12.0253,-7.1800,0.54833,0,
-12.2115,-7.0975,0.54850,0,
-12.2115,-7.0150,0.54867,0,
-12.2859,-6.9300,0.54883,0,
-12.1370,-6.8475,0.54900,0,
-12.3232,-6.7650,0.54917,0,
-12.2487,-6.6800,0.54933,0,
-12.3232,-6.5975,0.54950,0,
-12.5465,-6.5150,0.54967,0,
-12.4348,-6.4300,0.54983,0,
-12.5093,-6.3475,0.55000,0,
-12.5838,-6.2650,0.55017,0,
-12.7327,-6.1800,0.55033,0,
-12.6955,-6.0975,0.55050,0,
-12.6210,-6.0150,0.55067,0,
-12.6210,-5.9300,0.55083,0,
-12.6210,-5.8475,0.55100,0,
-12.6210,-5.7650,0.55117,0,
-12.5465,-5.6800,0.55133,0,
-12.5093,-5.5975,0.55150,0,
-12.3976,-5.5150,0.55167,0,
-12.6210,-5.4300,0.55183,0,
-12.4348,-5.3475,0.55200,0,
-12.4348,-5.2650,0.55217,0,
-12.4721,-5.1800,0.55233,0,
-12.2859,-5.0975,0.55250,0,
-12.1742,-5.0150,0.55267,0,
-12.0625,-4.9300,0.55283,0,
-12.0253,-4.8475,0.55300,0,
-11.9509,-4.7650,0.55317,0,
-11.8764,-4.6800,0.55333,0,
-11.6158,-4.5975,0.55350,0,
-11.6158,-4.5150,0.55367,0,
-11.6530,-4.4300,0.55383,0,
-11.5413,-4.3475,0.55400,0,
-11.5041,-4.2650,0.55417,0,
-11.4669,-4.1800,0.55433,0,
-11.2807,-4.0975,0.55450,0,
-11.0946,-4.0125,0.55467,0,
-10.8340,-3.9300,0.55483,0,
-10.6106,-3.8450,0.55500,0,
-10.4989,-3.7625,0.55517,0,
-10.2383,-3.6800,0.55533,0,
-10.2010,-3.5950,0.55550,0,
-9.8660,-3.5125,0.55567,0,
-9.6054,-3.4300,0.55583,0,
-9.3820,-3.3450,0.55600,0,
-9.0469,-3.2625,0.55617,0,
-8.5629,-3.1775,0.55633,0,
-8.2651,-3.0950,0.55650,0,
-8.0045,-3.0100,0.55667,0,
-7.7439,-2.9275,0.55683,0,
-7.4088,-2.8425,0.55700,0,
-7.0365,-2.7600,0.55717,0,
-6.6270,-2.6750,0.55733,0,
-6.1430,-2.5925,0.55750,0,
-5.7334,-2.5075,0.55767,0,
-5.2494,-2.4250,0.55783,0,
-4.8027,-2.3400,0.55800,0,
-4.2815,-2.2575,0.55817,0,
-3.7602,-2.1750,0.55833,0,
-3.2390,-2.0900,0.55850,0,
-2.7178,-2.0075,0.55867,0,
-2.1966,-1.9225,0.55883,0,
-1.6754,-1.8400,0.55900,0,
-1.1541,-1.7575,0.55917,0,
-0.6329,-1.6725,0.55933,0,
-0.1117,-1.5900,0.55950,0,
0.4095,-1.5075,0.55967,0,
0.9308,-1.4250,0.55983,0,
1.2658,-1.3425,0.56000,0,
1.0797,-1.2650,0.56017,0,
0.1489,-1.1850,0.56033,0,
0.0000,-1.1100,0.56050,0,
0.0000,-1.0350,0.56067,0,
0.0000,-0.9650,0.56083,0,
0.0000,-0.8925,0.56100,0,
0.0000,-0.8250,0.56117,0,
0.0000,-0.7575,0.56133,0,
0.0000,-0.6950,0.56150,0,
0.0000,-0.6325,0.56167,0,
0.0000,-0.5700,0.56183,0,
0.0000,-0.5125,0.56200,0,
0.0000,-0.4550,0.56217,0,
0.0000,-0.4025,0.56233,0,
0.0000,-0.3500,0.56250,0,
0.0000,-0.2975,0.56267,0,
0.0000,-0.2500,0.56283,0,
0.0000,-0.2025,0.56300,0,
0.0000,-0.1575,0.56317,0,
0.0000,-0.1150,0.56333,0,
0.0000,-0.0750,0.56350,0,
0.0000,-0.0500,0.56367,0,
0.0000,-0.0425,0.56383,0,
0.0000,-0.0450,0.56400,0,
0.0000,-0.0475,0.56417,0,
0.0000,-0.0425,0.56433,0,
0.0000,-0.0325,0.56450,0,
0.0000,-0.0250,0.56467,0,
0.0000,-0.0200,0.56483,0,
0.0000,-0.0200,0.56500,0,
0.0000,-0.0175,0.56517,0,
0.0000,-0.0125,0.56533,0,
0.0000,-0.0025,0.56550,0,
0.0000,0.0025,0.56567,0,
0.0000,0.0075,0.56583,0,
0.0000,0.0050,0.56600,0,
0.0000,0.0050,0.56617,0,
0.0000,0.0050,0.56633,0,
0.0000,0.0050,0.56650,0,
0.0000,0.0050,0.56667,0,
0.0000,0.0050,0.56683,0,
0.0000,0.0050,0.56700,0,
0.0000,0.0050,0.56717,0,
0.0000,0.0050,0.56733,0,
0.0000,0.0050,0.56750,0,
0.0000,0.0050,0.56767,0,
0.0000,0.0050,0.56783,0,
0.0000,0.0050,0.56800,0,
0.0000,0.0050,0.56817,0,
0.0000,0.0050,0.56833,0,
0.0000,0.0050,0.56850,0,
0.0000,0.0050,0.56867,0,
0.0000,0.0050,0.56883,0,
0.0000,0.0050,0.56900,0,
0.0000,0.0050,0.56917,0,
0.0000,-0.0075,0.56933,0,
0.0000,-0.0325,0.56950,0,
0.0000,-0.0625,0.56967,0,
0.0000,-0.0925,0.56983,0,
0.0000,-0.1250,0.57000,0,
0.0000,-0.1600,0.57017,0,
0.0000,-0.1950,0.57033,0,
0.0000,-0.2300,0.57050,0,
0.0000,-0.2700,0.57067,0,
0.0000,-0.3100,0.57083,0,
0.0000,-0.3500,0.57100,0,
0.0000,-0.3925,0.57117,0,
0.0000,-0.4375,0.57133,0,
0.0000,-0.4825,0.57150,0,
0.0000,-0.5300,0.57167,0,
0.0000,-0.5775,0.57183,0,
0.0000,-0.6250,0.57200,0,
0.0000,-0.6750,0.57217,0,
0.0000,-0.7275,0.57233,0,
0.0000,-0.7800,0.57250,0,
-0.0372,-0.8325,0.57267,0,
-0.1489,-0.8875,0.57283,0,
-0.4840,-0.9425,0.57300,0,
-1.0797,-0.9975,0.57317,0,
-1.8615,-1.0550,0.57333,0,
-2.7550,-1.1150,0.57350,0,
-3.6858,-1.1725,0.57367,0,
-4.5421,-1.2325,0.57383,0,
-5.2494,-1.2925,0.57400,0,
-5.7707,-1.3550,0.57417,0,
-6.5897,-1.4175,0.57433,0,
-7.4460,-1.4800,0.57450,0,
-8.3768,-1.5425,0.57467,0,
-9.2331,-1.6075,0.57483,0,
-10.0894,-1.6725,0.57500,0,
-11.0573,-1.7375,0.57517,0,
-11.8392,-1.8025,0.57533,0,
-12.6582,-1.8700,0.57550,0,
-13.3284,-1.9350,0.57567,0,
-14.0357,-2.0025,0.57583,0,
-14.6687,-2.0725,0.57600,0,
-15.4877,-2.1400,0.57617,0,
-16.0834,-2.2100,0.57633,0,
-16.6046,-2.2800,0.57650,0,
-17.1631,-2.3500,0.57667,0,
-17.8332,-2.4200,0.57683,0,
-18.4661,-2.4900,0.57700,0,
-18.9873,-2.5625,0.57717,0,
-19.5086,-2.6325,0.57733,0,
-20.0298,-2.7050,0.57750,0,
-20.5882,-2.7775,0.57767,0,
-20.8488,-2.8500,0.57783,0,
-21.0722,-2.9225,0.57800,0,
-21.4073,-2.9975,0.57817,0,
-21.7796,-3.0700,0.57833,0,
-22.3753,-3.1450,0.57850,0,
-23.3433,-3.2175,0.57867,0,
-24.1251,-3.2950,0.57883,0,
-24.3112,-3.3700,0.57900,0,
-24.1996,-3.4450,0.57917,0,
-24.0506,-3.5200,0.57933,0,
-24.2368,-3.5950,0.57950,0,
-24.8325,-3.6725,0.57967,0,
-25.0931,-3.7475,0.57983,0,
-25.4654,-3.8250,0.58000,0,
-25.6888,-3.9000,0.58017,0,
-26.1355,-3.9775,0.58033,0,
-26.0611,-4.0550,0.58050,0,
-26.2100,-4.1325,0.58067,0,
-26.2844,-4.2100,0.58083,0,
-26.1727,-4.2875,0.58100,0,
-26.1727,-4.3650,0.58117,0,
-26.4334,-4.4450,0.58133,0,
-26.8057,-4.5225,0.58150,0,
-26.7312,-4.6025,0.58167,0,
-26.6195,-4.6800,0.58183,0,
-26.4706,-4.7600,0.58200,0,
-25.9121,-4.8375,0.58217,0,
-25.8749,-4.9175,0.58233,0,
-25.6888,-4.9975,0.58250,0,
-26.2100,-5.0775,0.58267,0,
-26.2100,-5.1550,0.58283,0,
-26.0983,-5.2350,0.58300,0,
-26.0238,-5.3150,0.58317,0,
-25.7632,-5.3950,0.58333,0,
-25.6888,-5.4750,0.58350,0,
-25.6515,-5.5575,0.58367,0,
-25.8377,-5.6375,0.58383,0,
-25.8377,-5.7175,0.58400,0,
-25.6888,-5.7975,0.58417,0,
-25.9121,-5.8775,0.58433,0,
-25.8749,-5.9600,0.58450,0,
-25.3537,-6.0400,0.58467,0,
-25.2048,-6.1225,0.58483,0,
-25.1675,-6.2025,0.58500,0,
-24.5346,-6.2825,0.58517,0,
-24.1996,-6.3650,0.58533,0,
-24.3112,-6.4450,0.58550,0,
-24.2740,-6.5275,0.58567,0,
-24.0506,-6.6075,0.58583,0,
-23.9017,-6.6900,0.58600,0,
-24.1623,-6.7725,0.58617,0,
-23.7156,-6.8525,0.58633,0,
-23.3060,-6.9350,0.58650,0,
-23.4177,-7.0175,0.58667,0,
-22.9710,-7.0975,0.58683,0,
-22.5987,-7.1800,0.58700,0,
-22.1519,-7.2625,0.58717,0,
-22.1147,-7.3450,0.58733,0,
-22.0402,-7.4250,0.58750,0,
-21.8541,-7.5100,0.58767,0,
-21.7051,-7.5900,0.58783,0,
-21.5190,-7.6725,0.58800,0,
-21.2584,-7.7550,0.58817,0,
-21.2584,-7.8375,0.58833,0,
-21.0350,-7.9200,0.58850,0,
-21.0350,-8.0025,0.58867,0,
-20.9978,-8.0850,0.58883,0,
-20.9978,-8.1675,0.58900,0,
-20.6627,-8.2500,0.58917,0,
-20.7372,-8.3325,0.58933,0,
-20.5510,-8.4150,0.58950,0,
-20.5138,-8.4975,0.58967,0,
-20.2904,-8.5800,0.58983,0,
-20.1415,-8.6625,0.59000,0,
-19.9553,-8.7450,0.59017,0,
-19.8436,-8.8275,0.59033,0,
-19.5086,-8.9100,0.59050,0,
-19.1363,-8.9925,0.59067,0,
-18.9501,-9.0750,0.59083,0,
-18.6523,-9.1575,0.59100,0,
-18.5778,-9.2400,0.59117,0,
-18.3917,-9.3250,0.59133,0,
-18.2427,-9.4075,0.59150,0,
-18.2800,-9.4900,0.59167,0,
-18.0566,-9.5725,0.59183,0,
-17.8332,-9.6550,0.59200,0,
-17.7215,-9.7375,0.59217,0,
-17.7587,-9.8225,0.59233,0,
-17.6843,-9.9050,0.59250,0,
-17.4237,-9.9875,0.59267,0,
-17.3120,-10.0725,0.59283,0,
-17.0141,-10.1550,0.59300,0,
-16.8652,-10.2375,0.59317,0,
-16.7535,-10.3200,0.59333,0,
-16.4557,-10.4025,0.59350,0,
-16.3812,-10.4875,0.59367,0,
-16.2695,-10.5700,0.59383,0,
-16.3068,-10.6525,0.59400,0,
-16.1951,-10.7350,0.59417,0,
-15.8600,-10.8200,0.59433,0,
-15.8972,-10.9025,0.59450,0,
-15.9345,-10.9850,0.59467,0,
-15.8972,-11.0700,0.59483,0,
-15.5994,-11.1525,0.59500,0,
-15.4505,-11.2350,0.59517,0,
-15.3016,-11.3200,0.59533,0,
-15.1899,-11.4025,0.59550,0,
-15.0410,-11.4850,0.59567,0,
-14.8920,-11.5675,0.59583,0,
-14.8176,-11.6525,0.59600,0,
-14.6687,-11.7350,0.59617,0,
-14.6314,-11.8175,0.59633,0,
-14.4453,-11.9000,0.59650,0,
-14.4453,-11.9850,0.59667,0,
-14.3708,-12.0675,0.59683,0,
-14.3708,-12.1500,0.59700,0,
-14.2964,-12.2325,0.59717,0,
-14.2591,-12.3175,0.59733,0,
-14.1474,-12.4000,0.59750,0,
-13.9985,-12.4825,0.59767,0,
-13.9240,-12.5650,0.59783,0,
-13.8124,-12.6500,0.59800,0,
-13.8124,-12.7325,0.59817,0,
-13.7007,-12.8150,0.59833,0,
-13.5518,-12.8975,0.59850,0,
-13.4401,-12.9825,0.59867,0,
-13.3656,-13.0650,0.59883,0,
-13.2911,-13.1500,0.59900,0,
-13.3284,-13.2325,0.59917,0,
-13.3284,-13.3150,0.59933,0,
-13.2539,-13.3975,0.59950,0,
-13.1422,-13.4825,0.59967,0,
-13.1422,-13.5650,0.59983,0,
-13.1794,-13.6475,0.60000,0,
-13.0678,-13.7325,0.60017,0,
-12.9561,-13.8150,0.60033,0,
-12.8816,-13.8975,0.60050,0,
-12.8071,-13.9825,0.60067,0,
-12.7699,-14.0650,0.60083,0,
-12.7699,-14.1475,0.60100,0,
-12.6582,-14.2325,0.60117,0,
-12.5093,-14.3150,0.60133,0,
-12.5465,-14.4000,0.60150,0,
-12.5093,-14.4825,0.60167,0,
-12.4721,-14.5650,0.60183,0,
-12.4721,-14.6500,0.60200,0,
-12.3976,-14.7325,0.60217,0,
-12.4348,-14.8175,0.60233,0,
-12.4348,-14.9000,0.60250,0,
-12.3232,-14.9825,0.60267,0,
-12.2859,-15.0650,0.60283,0,
-12.2859,-15.1500,0.60300,0,
-12.3232,-15.2325,0.60317,0,
-12.3604,-15.3150,0.60333,0,
-12.2859,-15.4000,0.60350,0,
-12.2859,-15.4800,0.60367,0,
-12.2487,-15.5625,0.60383,0,
-12.2859,-15.6475,0.60400,0,
-12.2487,-15.7300,0.60417,0,
-12.2487,-15.8150,0.60433,0,
-12.3232,-15.8975,0.60450,0,
-12.3604,-15.9800,0.60467,0,
-12.3604,-16.0650,0.60483,0,
-12.3976,-16.1475,0.60500,0,
-12.3976,-16.2300,0.60517,0,
-12.4348,-16.3150,0.60533,0,
-12.4721,-16.3975,0.60550,0,
-12.3976,-16.4800,0.60567,0,
-12.3976,-16.5650,0.60583,0,
-12.3976,-16.6475,0.60600,0,
-12.4348,-16.7300,0.60617,0,
-12.3976,-16.8150,0.60633,0,
-12.3976,-16.8975,0.60650,0,
-12.3604,-16.9800,0.60667,0,
-12.3976,-17.0650,0.60683,0,
-12.4348,-17.1475,0.60700,0,
-12.3604,-17.2300,0.60717,0,
-12.3232,-17.3150,0.60733,0,
-12.3232,-17.3975,0.60750,0,
-12.3232,-17.4800,0.60767,0,
-12.3604,-17.5650,0.60783,0,
-12.3604,-17.6475,0.60800,0,
-12.3976,-17.7300,0.60817,0,
-12.4348,-17.8150,0.60833,0,
-12.4721,-17.8975,0.60850,0,
-12.4721,-17.9800,0.60867,0,
-12.4348,-18.0650,0.60883,0,
-12.4721,-18.1475,0.60900,0,
-12.4348,-18.2300,0.60917,0,
-12.5465,-18.3150,0.60933,0,
-12.5838,-18.3975,0.60950,0,
-12.6210,-18.4800,0.60967,0,
-12.7327,-18.5650,0.60983,0,
-12.7327,-18.6475,0.61000,0,
-12.8071,-18.7325,0.61017,0,
-12.7699,-18.8150,0.61033,0,
-12.8816,-18.9000,0.61050,0,
-12.9188,-18.9825,0.61067,0,
-12.9933,-19.0650,0.61083,0,
-13.0305,-19.1475,0.61100,0,
-13.0678,-19.2325,0.61117,0,
-13.1050,-19.3150,0.61133,0,
-13.1422,-19.4000,0.61150,0,
-13.1422,-19.4825,0.61167,0,
-13.1050,-19.5650,0.61183,0,
-13.1422,-19.6500,0.61200,0,
-13.1422,-19.7325,0.61217,0,
-13.2539,-19.8150,0.61233,0,
-13.2911,-19.9000,0.61250,0,
-13.3284,-19.9825,0.61267,0,
-13.3656,-20.0675,0.61283,0,
-13.4401,-20.1500,0.61300,0,
-13.4773,-20.2325,0.61317,0,
-13.4773,-20.3175,0.61333,0,
-13.5145,-20.4000,0.61350,0,
-13.5145,-20.4825,0.61367,0,
-13.5890,-20.5675,0.61383,0,
-13.5890,-20.6500,0.61400,0,
-13.6634,-20.7325,0.61417,0,
-13.7007,-20.8175,0.61433,0,
-13.7379,-20.9000,0.61450,0,
-13.8124,-20.9825,0.61467,0,
-13.8496,-21.0675,0.61483,0,
-13.9240,-21.1500,0.61500,0,
-13.9613,-21.2325,0.61517,0,
-14.0357,-21.3175,0.61533,0,
-14.0730,-21.4000,0.61550,0,
-14.1474,-21.4850,0.61567,0,
-14.1847,-21.5675,0.61583,0,
-14.2591,-21.6500,0.61600,0,
-14.3708,-21.7350,0.61617,0,
-14.4453,-21.8175,0.61633,0,
-14.4453,-21.9000,0.61650,0,
-14.5197,-21.9850,0.61667,0,
-14.5942,-22.0675,0.61683,0,
-14.7431,-22.1500,0.61700,0,
-14.8176,-22.2325,0.61717,0,
-14.8548,-22.3175,0.61733,0,
-14.9293,-22.4025,0.61750,0,
-15.0410,-22.4850,0.61767,0,
-15.1154,-22.5675,0.61783,0,
-15.1526,-22.6500,0.61800,0,
-15.2271,-22.7350,0.61817,0,
-15.2643,-22.8175,0.61833,0,
-15.3016,-22.9000,0.61850,0,
-15.3388,-22.9850,0.61867,0,
-15.3760,-23.0675,0.61883,0,
-15.4877,-23.1500,0.61900,0,
-15.5622,-23.2350,0.61917,0,
-15.5994,-23.3175,0.61933,0,
-15.7483,-23.4000,0.61950,0,
-15.8600,-23.4850,0.61967,0,
-16.0462,-23.5675,0.61983,0,
-16.2695,-23.6525,0.62000,0,
-16.3812,-23.7350,0.62017,0,
-16.5302,-23.8175,0.62033,0,
-16.6791,-23.9025,0.62050,0,
-16.7908,-23.9850,0.62067,0,
-16.8652,-24.0700,0.62083,0,
-16.9397,-24.1525,0.62100,0,
-17.0514,-24.2350,0.62117,0,
-17.1631,-24.3200,0.62133,0,
-17.3120,-24.4025,0.62150,0,
-17.4237,-24.4875,0.62167,0,
-17.5726,-24.5700,0.62183,0,
-17.7587,-24.6525,0.62200,0,
-17.9077,-24.7350,0.62217,0,
-18.0566,-24.8200,0.62233,0,
-18.2055,-24.9025,0.62250,0,
-18.3917,-24.9875,0.62267,0,
-18.6150,-25.0700,0.62283,0,
-18.7640,-25.1525,0.62300,0,
-18.9873,-25.2375,0.62317,0,
-19.2107,-25.3200,0.62333,0,
-19.3969,-25.4025,0.62350,0,
-19.6203,-25.4875,0.62367,0,
-19.8064,-25.5700,0.62383,0,
-20.0670,-25.6525,0.62400,0,
-20.3649,-25.7375,0.62417,0,
-20.6627,-25.8200,0.62433,0,
-20.9605,-25.9025,0.62450,0,
-21.3328,-25.9875,0.62467,0,
-21.6307,-26.0700,0.62483,0,
-21.9657,-26.1525,0.62500,0,
-22.2636,-26.2375,0.62517,0,
-22.5987,-26.3200,0.62533,0,
-22.8593,-26.4025,0.62550,0,
-23.0826,-26.4850,0.62567,0,
-23.3433,-26.5700,0.62583,0,
-23.5294,-26.6525,0.62600,0,
-23.7900,-26.7350,0.62617,0,
-24.0879,-26.8200,0.62633,0,
-24.3857,-26.9025,0.62650,0,
-24.6835,-26.9850,0.62667,0,
-24.9069,-27.0675,0.62683,0,
-25.1675,-27.1525,0.62700,0,
-25.4654,-27.2350,0.62717,0,
-25.7632,-27.3175,0.62733,0,
-25.9866,-27.4000,0.62750,0,
-26.2100,-27.4825,0.62767,0,
-26.4334,-27.5675,0.62783,0,
-26.6195,-27.6500,0.62800,0,
-26.8801,-27.7325,0.62817,0,
-27.1035,-27.8150,0.62833,0,
-27.3269,-27.9000,0.62850,0,
-27.5503,-27.9825,0.62867,0,
-27.7736,-28.0650,0.62883,0,
-27.9970,-28.1500,0.62900,0,
-28.1832,-28.2325,0.62917,0,
-28.4438,-28.3150,0.62933,0,
-28.6672,-28.4000,0.62950,0,
-28.8161,-28.4825,0.62967,0,
-28.9278,-28.5650,0.62983,0,
-29.1884,-28.6500,0.63000,0,
-29.4118,-28.7325,0.63017,0,
-29.5979,-28.8150,0.63033,0,
-29.8213,-28.8975,0.63050,0,
-30.0819,-28.9825,0.63067,0,
-30.3425,-29.0650,0.63083,0,
-30.5659,-29.1475,0.63100,0,
-30.7520,-29.2325,0.63117,0,
-30.9754,-29.3125,0.63133,0,
-31.1616,-29.3950,0.63150,0,
-31.2733,-29.4725,0.63167,0,
-31.4222,-29.5500,0.63183,0,
-31.5339,-29.6250,0.63200,0,
-31.6828,-29.7000,0.63217,0,
-31.8317,-29.7725,0.63233,0,
-31.9806,-29.8425,0.63250,0,
-32.0923,-29.9100,0.63267,0,
-32.2040,-29.9775,0.63283,0,
-32.2412,-30.0425,0.63300,0,
-32.3157,-30.1025,0.63317,0,
-32.3902,-30.1650,0.63333,0,
-32.5019,-30.2225,0.63350,0,
-32.5763,-30.2800,0.63367,0,
-32.6880,-30.3325,0.63383,0,
-32.7625,-30.3875,0.63400,0,
-32.8369,-30.4375,0.63417,0,
-32.9114,-30.4850,0.63433,0,
-32.9859,-30.5325,0.63450,0,
-33.0231,-30.5750,0.63467,0,
-33.0975,-30.6175,0.63483,0,
-33.1348,-30.6600,0.63500,0,
-33.1348,-30.6950,0.63517,0,
-33.0603,-30.7150,0.63533,0,
-32.9486,-30.7225,0.63550,0,
-32.7997,-30.7225,0.63567,0,
-32.6508,-30.7200,0.63583,0,
-32.5019,-30.7225,0.63600,0,
-32.4274,-30.7250,0.63617,0,
-32.3157,-30.7300,0.63633,0,
-32.2412,-30.7325,0.63650,0,
-32.1296,-30.7325,0.63667,0,
-32.0179,-30.7325,0.63683,0,
-31.9434,-30.7325,0.63700,0,
-31.8689,-30.7325,0.63717,0,
-31.7945,-30.7325,0.63733,0,
-31.7200,-30.7325,0.63750,0,
-31.6456,-30.7325,0.63767,0,
-31.5711,-30.7325,0.63783,0,
-31.4966,-30.7325,0.63800,0,
-31.4222,-30.7325,0.63817,0,
-31.3850,-30.7325,0.63833,0,
-31.3105,-30.7325,0.63850,0,
-31.2360,-30.7325,0.63867,0,
-31.1988,-30.7325,0.63883,0,
-31.1616,-30.7325,0.63900,0,
-31.0871,-30.7325,0.63917,0,
-31.0499,-30.7325,0.63933,0,
-30.9754,-30.7325,0.63950,0,
-30.9382,-30.7325,0.63967,0,
-30.8637,-30.7225,0.63983,0,
-30.7148,-30.7000,0.64000,0,
-30.4542,-30.6700,0.64017,0,
-30.1564,-30.6400,0.64033,0,
-29.8585,-30.6075,0.64050,0,
-29.5979,-30.5750,0.64067,0,
-29.3373,-30.5375,0.64083,0,
-29.0767,-30.5025,0.64100,0,
-28.7789,-30.4650,0.64117,0,
-28.5182,-30.4250,0.64133,0,
-28.2204,-30.3850,0.64150,0,
-27.9598,-30.3425,0.64167,0,
-27.6619,-30.3000,0.64183,0,
-27.4386,-30.2550,0.64200,0,
-27.2152,-30.2075,0.64217,0,
-26.9918,-30.1625,0.64233,0,
-26.8057,-30.1125,0.64250,0,
-26.6195,-30.0625,0.64267,0,
-26.3961,-30.0125,0.64283,0,
-26.1727,-29.9600,0.64300,0,
-25.9494,-29.9075,0.64317,0,
-25.7260,-29.8550,0.64333,0,
-25.5026,-29.7975,0.64350,0,
-25.2420,-29.7425,0.64367,0,
-24.9814,-29.6875,0.64383,0,
-24.7580,-29.6275,0.64400,0,
-24.4974,-29.5700,0.64417,0,
-24.2368,-29.5100,0.64433,0,
-24.0134,-29.4500,0.64450,0,
-23.7900,-29.3900,0.64467,0,
-23.5666,-29.3250,0.64483,0,
-23.3060,-29.2650,0.64500,0,
-23.0454,-29.2025,0.64517,0,
-22.8220,-29.1375,0.64533,0,
-22.5614,-29.0725,0.64550,0,
-22.3008,-29.0075,0.64567,0,
-22.0774,-28.9425,0.64583,0,
-21.7796,-28.8750,0.64600,0,
-21.5562,-28.8075,0.64617,0,
-21.3328,-28.7400,0.64633,0,
-21.0350,-28.6725,0.64650,0,
-20.8116,-28.6050,0.64667,0,
-20.5882,-28.5350,0.64683,0,
-20.3649,-28.4650,0.64700,0,
-20.1415,-28.3950,0.64717,0,
-19.9181,-28.3250,0.64733,0,
-19.6947,-28.2525,0.64750,0,
-19.4341,-28.1825,0.64767,0,
-19.2107,-28.1100,0.64783,0,
-19.0246,-28.0375,0.64800,0,
-18.7640,-27.9650,0.64817,0,
-18.5778,-27.8925,0.64833,0,
-18.3544,-27.8200,0.64850,0,
-18.0938,-27.7450,0.64867,0,
-17.8704,-27.6700,0.64883,0,
-17.6471,-27.5975,0.64900,0,
-17.3864,-27.5225,0.64917,0,
-17.1258,-27.4475,0.64933,0,
-16.9025,-27.3725,0.64950,0,
-16.6791,-27.2975,0.64967,0,
-16.4185,-27.2225,0.64983,0,
-16.1951,-27.1450,0.65000,0,
-15.9717,-27.0700,0.65017,0,
-15.7856,-26.9925,0.65033,0,
-15.5622,-26.9150,0.65050,0,
-15.3016,-26.8400,0.65067,0,
-15.0782,-26.7625,0.65083,0,
-14.7803,-26.6850,0.65100,0,
-14.5570,-26.6075,0.65117,0,
-14.3336,-26.5300,0.65133,0,
-14.1474,-26.4525,0.65150,0,
-13.9985,-26.3750,0.65167,0,
-13.8124,-26.2950,0.65183,0,
-13.6262,-26.2175,0.65200,0,
-13.4773,-26.1400,0.65217,0,
-13.2911,-26.0600,0.65233,0,
-13.1422,-25.9825,0.65250,0,
-12.9561,-25.9025,0.65267,0,
-12.8071,-25.8225,0.65283,0,
-12.6582,-25.7450,0.65300,0,
-12.5465,-25.6650,0.65317,0,
-12.4721,-25.5850,0.65333,0,
-12.3232,-25.5050,0.65350,0,
-12.1742,-25.4250,0.65367,0,
-12.0625,-25.3450,0.65383,0,
-11.9881,-25.2650,0.65400,0,
-11.8392,-25.1850,0.65417,0,
-11.7275,-25.1050,0.65433,0,
-11.6158,-25.0250,0.65450,0,
-11.5413,-24.9450,0.65467,0,
-11.4296,-24.8625,0.65483,0,
-11.2807,-24.7825,0.65500,0,
-11.2063,-24.7025,0.65517,0,
-11.0573,-24.6225,0.65533,0,
-10.9456,-24.5400,0.65550,0,
-10.8712,-24.4600,0.65567,0,
-10.8340,-24.3775,0.65583,0,
-10.7967,-24.2975,0.65600,0,
-10.7223,-24.2150,0.65617,0,
-10.7223,-24.1350,0.65633,0,
-10.6850,-24.0525,0.65650,0,
-10.5733,-23.9700,0.65667,0,
-10.5361,-23.8900,0.65683,0,
-10.4617,-23.8075,0.65700,0,
-10.4244,-23.7250,0.65717,0,
-10.3872,-23.6425,0.65733,0,
-10.3500,-23.5625,0.65750,0,
-10.2755,-23.4800,0.65767,0,
-10.2010,-23.3975,0.65783,0,
-10.1266,-23.3150,0.65800,0,
-10.0894,-23.2325,0.65817,0,
-10.0149,-23.1525,0.65833,0,
-9.9404,-23.0700,0.65850,0,
-9.8287,-22.9875,0.65867,0,
-9.7915,-22.9050,0.65883,0,
-9.7171,-22.8225,0.65900,0,
-9.6798,-22.7400,0.65917,0,
-9.5309,-22.6575,0.65933,0,
-9.5681,-22.5750,0.65950,0,
-9.5309,-22.4925,0.65967,0,
-9.4937,-22.4100,0.65983,0,
-9.4192,-22.3275,0.66000,0,
-9.3447,-22.2450,0.66017,0,
-9.3075,-22.1625,0.66033,0,
-9.2331,-22.0800,0.66050,0,
-9.1958,-21.9975,0.66067,0,
-9.1214,-21.9150,0.66083,0,
-9.0469,-21.8300,0.66100,0,
-9.0097,-21.7475,0.66117,0,
-8.9725,-21.6650,0.66133,0,
-8.8980,-21.5825,0.66150,0,
-8.8235,-21.5000,0.66167,0,
-8.7863,-21.4175,0.66183,0,
-8.6746,-21.3350,0.66200,0,
-8.6374,-21.2525,0.66217,0,
-8.6001,-21.1675,0.66233,0,
-8.5257,-21.0850,0.66250,0,
-8.4512,-21.0025,0.66267,0,
-8.4140,-20.9200,0.66283,0,
-8.3768,-20.8375,0.66300,0,
-8.3023,-20.7550,0.66317,0,
-8.3023,-20.6725,0.66333,0,
-8.1906,-20.5900,0.66350,0,
-8.1906,-20.5075,0.66367,0,
-8.0789,-20.4250,0.66383,0,
-8.0789,-20.3425,0.66400,0,
-8.0045,-20.2575,0.66417,0,
-7.9672,-20.1750,0.66433,0,
-7.8928,-20.0925,0.66450,0,
-7.8555,-20.0100,0.66467,0,
-7.7439,-19.9275,0.66483,0,
-7.7439,-19.8450,0.66500,0,
-7.6694,-19.7625,0.66517,0,
-7.6694,-19.6775,0.66533,0,
-7.5949,-19.5950,0.66550,0,
-7.5949,-19.5125,0.66567,0,
-7.5205,-19.4300,0.66583,0,
-7.4832,-19.3475,0.66600,0,
-7.4460,-19.2625,0.66617,0,
-7.4088,-19.1800,0.66633,0,
-7.3716,-19.0975,0.66650,0,
-7.3343,-19.0150,0.66667,0,
-7.2971,-18.9325,0.66683,0,
-7.2599,-18.8475,0.66700,0,
-7.2226,-18.7650,0.66717,0,
-7.2226,-18.6825,0.66733,0,
-7.1109,-18.6000,0.66750,0,
-7.0737,-18.5150,0.66767,0,
-6.9993,-18.4325,0.66783,0,
-6.9620,-18.3475,0.66800,0,
-6.9620,-18.2650,0.66817,0,
-6.9620,-18.1825,0.66833,0,
-6.8503,-18.1000,0.66850,0,
-6.8876,-18.0175,0.66867,0,
-6.8131,-17.9325,0.66883,0,
-6.7759,-17.8500,0.66900,0,
-6.7014,-17.7675,0.66917,0,
-6.7014,-17.6825,0.66933,0,
-6.6642,-17.6000,0.66950,0,
-6.5897,-17.5175,0.66967,0,
-6.5525,-17.4325,0.66983,0,
-6.5153,-17.3500,0.67000,0,
-6.5153,-17.2675,0.67017,0,
-6.5525,-17.1825,0.67033,0,
-6.4780,-17.1000,0.67050,0,
-6.4408,-17.0150,0.67067,0,
-6.4780,-16.9325,0.67083,0,
-6.3663,-16.8500,0.67100,0,
-6.3663,-16.7650,0.67117,0,
-6.4036,-16.6825,0.67133,0,
-6.2919,-16.6000,0.67150,0,
-6.2919,-16.5150,0.67167,0,
-6.2919,-16.4325,0.67183,0,
-6.2919,-16.3500,0.67200,0,
-6.1802,-16.2650,0.67217,0,
-6.2174,-16.1825,0.67233,0,
-6.1802,-16.1000,0.67250,0,
-6.1802,-16.0175,0.67267,0,
-6.1802,-15.9325,0.67283,0,
-6.1802,-15.8500,0.67300,0,
-6.1430,-15.7675,0.67317,0,
-6.2174,-15.6825,0.67333,0,
-6.2174,-15.6000,0.67350,0,
-6.1430,-15.5150,0.67367,0,
-6.1430,-15.4325,0.67383,0,
-6.1057,-15.3525,0.67400,0,
-6.1057,-15.2675,0.67417,0,
-6.1430,-15.1850,0.67433,0,
-6.1430,-15.1025,0.67450,0,
-6.1057,-15.0175,0.67467,0,
-5.9940,-14.9350,0.67483,0,
-5.9940,-14.8500,0.67500,0,
-5.9940,-14.7675,0.67517,0,
-5.9940,-14.6850,0.67533,0,
-5.9940,-14.6000,0.67550,0,
-6.0313,-14.5175,0.67567,0,
-6.1057,-14.4350,0.67583,0,
-6.1057,-14.3500,0.67600,0,
-6.1057,-14.2650,0.67617,0,
-6.1430,-14.1825,0.67633,0,
-6.1430,-14.1000,0.67650,0,
-6.1057,-14.0175,0.67667,0,
-6.0313,-13.9325,0.67683,0,
-6.1057,-13.8500,0.67700,0,
-6.1057,-13.7650,0.67717,0,
-6.1430,-13.6825,0.67733,0,
-6.1802,-13.6000,0.67750,0,
-6.2174,-13.5150,0.67767,0,
-6.2547,-13.4325,0.67783,0,
-6.3291,-13.3475,0.67800,0,
-6.2919,-13.2650,0.67817,0,
-6.4036,-13.1825,0.67833,0,
-6.4408,-13.0975,0.67850,0,
-6.4036,-13.0150,0.67867,0,
-6.4408,-12.9300,0.67883,0,
-6.4780,-12.8475,0.67900,0,
-6.5525,-12.7625,0.67917,0,
-6.5525,-12.6800,0.67933,0,
-6.5153,-12.5950,0.67950,0,
-6.5897,-12.5125,0.67967,0,
-6.6642,-12.4275,0.67983,0,
-6.6642,-12.3450,0.68000,0,
-6.8131,-12.2625,0.68017,0,
-6.8876,-12.1775,0.68033,0,
-6.9993,-12.0950,0.68050,0,
-7.1109,-12.0100,0.68067,0,
-7.1854,-11.9275,0.68083,0,
-7.2226,-11.8425,0.68100,0,
-7.2599,-11.7600,0.68117,0,
-7.3716,-11.6750,0.68133,0,
-7.2971,-11.5925,0.68150,0,
-7.4088,-11.5075,0.68167,0,
-7.4832,-11.4250,0.68183,0,
-7.5205,-11.3425,0.68200,0,
-7.5949,-11.2575,0.68217,0,
-7.6694,-11.1750,0.68233,0,
-7.7811,-11.0925,0.68250,0,
-7.9300,-11.0075,0.68267,0,
-8.0417,-10.9250,0.68283,0,
-8.0789,-10.8425,0.68300,0,
-8.0789,-10.7575,0.68317,0,
-8.1906,-10.6750,0.68333,0,
-8.1534,-10.5925,0.68350,0,
-8.1162,-10.5100,0.68367,0,
-8.1906,-10.4275,0.68383,0,
-8.2278,-10.3425,0.68400,0,
-8.3395,-10.2600,0.68417,0,
-8.5257,-10.1750,0.68433,0,
-8.7118,-10.0925,0.68450,0,
-8.9352,-10.0100,0.68467,0,
-8.9725,-9.9250,0.68483,0,
-8.9725,-9.8425,0.68500,0,
-8.9725,-9.7600,0.68517,0,
-9.1214,-9.6775,0.68533,0,
-9.0841,-9.5925,0.68550,0,
-9.3075,-9.5100,0.68567,0,
-9.4564,-9.4275,0.68583,0,
-9.5309,-9.3450,0.68600,0,
-9.5681,-9.2600,0.68617,0,
-9.6798,-9.1775,0.68633,0,
-9.8660,-9.0925,0.68650,0,
-9.9777,-9.0100,0.68667,0,
-9.9777,-8.9275,0.68683,0,
-9.9777,-8.8425,0.68700,0,
-9.9404,-8.7600,0.68717,0,
-9.9032,-8.6775,0.68733,0,
-10.1638,-8.5925,0.68750,0,
-10.4244,-8.5100,0.68767,0,
-10.5733,-8.4275,0.68783,0,
-10.6106,-8.3425,0.68800,0,
-10.6850,-8.2600,0.68817,0,
-10.7223,-8.1775,0.68833,0,
-10.7595,-8.0925,0.68850,0,
-10.7967,-8.0100,0.68867,0,
-10.8712,-7.9275,0.68883,0,
-10.9456,-7.8425,0.68900,0,
-11.2807,-7.7600,0.68917,0,
-11.2807,-7.6775,0.68933,0,
-11.1690,-7.5925,0.68950,0,
-11.2063,-7.5100,0.68967,0,
-11.2435,-7.4275,0.68983,0,
-11.3552,-7.3425,0.69000,0,
-11.3179,-7.2600,0.69017,0,
-11.3552,-7.1750,0.69033,0,
-11.4669,-7.0925,0.69050,0,
-11.3552,-7.0100,0.69067,0,
-11.4669,-6.9250,0.69083,0,
-11.4296,-6.8425,0.69100,0,
-11.5041,-6.7600,0.69117,0,
-11.4669,-6.6750,0.69133,0,
-11.5413,-6.5925,0.69150,0,
-11.5413,-6.5100,0.69167,0,
-11.5786,-6.4275,0.69183,0,
-11.5786,-6.3425,0.69200,0,
-11.6158,-6.2600,0.69217,0,
-11.7275,-6.1775,0.69233,0,
-11.6902,-6.0925,0.69250,0,
-11.6530,-6.0100,0.69267,0,
-11.6902,-5.9250,0.69283,0,
-11.6902,-5.8425,0.69300,0,
-11.7275,-5.7600,0.69317,0,
-11.6530,-5.6750,0.69333,0,
-11.5786,-5.5925,0.69350,0,
-11.6158,-5.5100,0.69367,0,
-11.5786,-5.4250,0.69383,0,
-11.5041,-5.3425,0.69400,0,
-11.4296,-5.2575,0.69417,0,
-11.4296,-5.1750,0.69433,0,
-11.3552,-5.0925,0.69450,0,
-11.2807,-5.0075,0.69467,0,
-11.2807,-4.9250,0.69483,0,
-11.1318,-4.8425,0.69500,0,
-11.0946,-4.7575,0.69517,0,
-11.0201,-4.6750,0.69533,0,
-10.9456,-4.5925,0.69550,0,
-10.9829,-4.5075,0.69567,0,
-10.8712,-4.4250,0.69583,0,
-10.8340,-4.3400,0.69600,0,
-10.7595,-4.2575,0.69617,0,
-10.6106,-4.1750,0.69633,0,
-10.4989,-4.0900,0.69650,0,
-10.4989,-4.0075,0.69667,0,
-10.4244,-3.9225,0.69683,0,
-9.9777,-3.8400,0.69700,0,
-9.8287,-3.7575,0.69717,0,
-9.6798,-3.6725,0.69733,0,
-9.4564,-3.5900,0.69750,0,
-9.2331,-3.5075,0.69767,0,
-8.9352,-3.4225,0.69783,0,
-8.6374,-3.3400,0.69800,0,
-8.4140,-3.2550,0.69817,0,
-8.0417,-3.1725,0.69833,0,
-7.5949,-3.0875,0.69850,0,
-7.1482,-3.0050,0.69867,0,
-6.7759,-2.9200,0.69883,0,
-6.5525,-2.8375,0.69900,0,
-6.1802,-2.7550,0.69917,0,
-5.8079,-2.6700,0.69933,0,
-5.4728,-2.5875,0.69950,0,
-5.1005,-2.5025,0.69967,0,
-4.6165,-2.4175,0.69983,0,
-4.1325,-2.3350,0.70000,0,
-3.6485,-2.2525,0.70017,0,
-3.1273,-2.1675,0.70033,0,
-2.6433,-2.0850,0.70050,0,
-2.1593,-2.0000,0.70067,0,
-1.6381,-1.9175,0.70083,0,
-1.1914,-1.8350,0.70100,0,
-0.6701,-1.7500,0.70117,0,
-0.1489,-1.6675,0.70133,0,
0.3723,-1.5850,0.70150,0,
0.8563,-1.5000,0.70167,0,
1.2658,-1.4175,0.70183,0,
1.2286,-1.3375,0.70200,0,
0.3351,-1.2575,0.70217,0,
0.0000,-1.1800,0.70233,0,
0.0000,-1.1050,0.70250,0,
0.0000,-1.0300,0.70267,0,
0.0000,-0.9600,0.70283,0,
0.0000,-0.8875,0.70300,0,
0.0000,-0.8200,0.70317,0,
0.0000,-0.7525,0.70333,0,
0.0000,-0.6900,0.70350,0,
0.0000,-0.6275,0.70367,0,
0.0000,-0.5650,0.70383,0,
0.0000,-0.5075,0.70400,0,
0.0000,-0.4500,0.70417,0,
0.0000,-0.3975,0.70433,0,
0.0000,-0.3450,0.70450,0,
0.0000,-0.2925,0.70467,0,
0.0000,-0.2450,0.70483,0,
0.0000,-0.1975,0.70500,0,
0.0000,-0.1550,0.70517,0,
0.0000,-0.1125,0.70533,0,
0.0000,-0.0725,0.70550,0,
-0.0372,-0.0475,0.70567,0,
0.0000,-0.0375,0.70583,0,
0.0000,-0.0400,0.70600,0,
0.0000,-0.0425,0.70617,0,
0.0000,-0.0400,0.70633,0,
0.0000,-0.0300,0.70650,0,
0.0000,-0.0225,0.70667,0,
0.0000,-0.0175,0.70683,0,
0.0000,-0.0175,0.70700,0,
0.0000,-0.0150,0.70717,0,
0.0000,-0.0075,0.70733,0,
0.0000,0.0000,0.70750,0,
0.0000,0.0075,0.70767,0,
0.0000,0.0075,0.70783,0,
0.0000,0.0075,0.70800,0,
0.0000,0.0075,0.70817,0,
0.0000,0.0075,0.70833,0,
0.0000,0.0075,0.70850,0,
0.0000,0.0075,0.70867,0,
0.0000,0.0075,0.70883,0,
0.0000,0.0075,0.70900,0,
0.0000,0.0075,0.70917,0,
0.0000,0.0075,0.70933,0,
0.0000,0.0075,0.70950,0,
0.0000,0.0075,0.70967,0,
0.0000,0.0075,0.70983,0,
0.0000,0.0075,0.71000,0,
0.0000,0.0075,0.71017,0,
0.0000,0.0075,0.71033,0,
0.0000,0.0075,0.71050,0,
0.0000,0.0075,0.71067,0,
0.0000,0.0075,0.71083,0,
0.0000,0.0075,0.71100,0,
0.0000,0.0075,0.71117,0,
0.0000,0.0075,0.71133,0,
0.0000,0.0075,0.71150,0,
0.0000,0.0075,0.71167,0,
0.0000,0.0075,0.71183,0,
0.0000,0.0075,0.71200,0,
0.0000,0.0075,0.71217,0,
0.0000,0.0075,0.71233,0,
0.0000,0.0075,0.71250,0,
0.0000,0.0075,0.71267,0,
0.0000,0.0075,0.71283,0,
0.0000,0.0075,0.71300,0,
0.0000,0.0075,0.71317,0,
0.0000,0.0075,0.71333,0,
0.0000,0.0075,0.71350,0,
0.0000,0.0075,0.71367,0,
0.0000,0.0075,0.71383,0,
0.0000,0.0075,0.71400,0,
0.0000,0.0075,0.71417,0,
0.0000,0.0075,0.71433,0,
0.0000,0.0075,0.71450,0,
0.0000,0.0075,0.71467,0,
0.0000,0.0075,0.71483,0,
0.0000,0.0075,0.71500,0,
0.0000,0.0075,0.71517,0,
0.0000,0.0075,0.71533,0,
0.0000,0.0075,0.71550,0,
0.0000,0.0075,0.71567,0,
0.0000,0.0075,0.71583,0,
0.0000,0.0075,0.71600,0,
0.0000,0.0075,0.71617,0,
0.0000,0.0075,0.71633,0,
0.0000,0.0075,0.71650,0,
0.0000,0.0075,0.71667,0,
0.0000,0.0075,0.71683,0,
0.0000,0.0075,0.71700,0,
0.0000,0.0075,0.71717,0,
0.0000,0.0075,0.71733,0,
0.0000,0.0075,0.71750,0,
0.0000,0.0075,0.71767,0,
0.0000,0.0075,0.71783,0,
0.0000,0.0075,0.71800,0,
0.0000,0.0075,0.71817,0,
0.0000,0.0075,0.71833,0,
0.0000,0.0075,0.71850,0,
0.0000,0.0075,0.71867,0,
0.0000,0.0075,0.71883,0,
0.0000,0.0075,0.71900,0,
0.0000,0.0075,0.71917,0,
0.0000,0.0075,0.71933,0,
0.0000,0.0075,0.71950,0,
0.0000,0.0075,0.71967,0,
0.0000,0.0075,0.71983,0,
0.0000,0.0075,0.72000,0,
0.0000,0.0075,0.72017,0,
0.0000,0.0075,0.72033,0,
0.0000,0.0075,0.72050,0,
0.0000,0.0075,0.72067,0,
0.0000,0.0075,0.72083,0,
0.0000,0.0075,0.72100,0,
0.0000,0.0075,0.72117,0,
0.0000,0.0075,0.72133,0,
0.0000,0.0075,0.72150,0,
0.0000,0.0075,0.72167,0,
0.0000,0.0075,0.72183,0,
0.0000,0.0075,0.72200,0,
0.0000,0.0075,0.72217,0,
0.0000,0.0075,0.72233,0,
0.0000,0.0075,0.72250,0,
0.0000,0.0075,0.72267,0,
0.0000,0.0075,0.72283,0,
0.0000,0.0075,0.72300,0,
0.0000,0.0075,0.72317,0,
0.0000,0.0075,0.72333,0,
0.0000,0.0075,0.72350,0,
0.0000,0.0075,0.72367,0,
0.0000,0.0075,0.72383,0,
0.0000,0.0075,0.72400,0,
0.0000,0.0075,0.72417,0,
0.0000,0.0075,0.72433,0,
0.0000,0.0075,0.72450,0,
0.0000,0.0075,0.72467,0,
0.0000,0.0075,0.72483,0,
0.0000,0.0075,0.72500,0,
0.0000,0.0075,0.72517,0,
0.0000,0.0075,0.72533,0,
0.0000,0.0075,0.72550,0,
0.0000,0.0075,0.72567,0,
0.0000,0.0075,0.72583,0,
0.0000,0.0075,0.72600,0,
0.0000,0.0075,0.72617,0,
0.0000,0.0075,0.72633,0,
0.0000,0.0075,0.72650,0,
0.0000,0.0075,0.72667,0,
0.0000,0.0075,0.72683,0,
0.0000,0.0075,0.72700,0,
0.0000,0.0075,0.72717,0,
0.0000,0.0075,0.72733,0,
0.0000,0.0075,0.72750,0,
0.0000,0.0075,0.72767,0,
0.0000,0.0075,0.72783,0,
0.0000,0.0075,0.72800,0,
0.0000,0.0075,0.72817,0,
0.0000,0.0075,0.72833,0,
0.0000,0.0075,0.72850,0,
0.0000,0.0075,0.72867,0,
0.0000,0.0075,0.72883,0,
0.0000,0.0075,0.72900,0,
0.0000,0.0075,0.72917,0,
0.0000,0.0075,0.72933,0,
0.0000,0.0075,0.72950,0,
0.0000,0.0075,0.72967,0,
0.0000,0.0075,0.72983,0,
0.0000,0.0075,0.73000,0,
0.0000,0.0075,0.73017,0,
0.0000,0.0075,0.73033,0,
0.0000,0.0075,0.73050,0,
0.0000,0.0075,0.73067,0,
0.0000,0.0075,0.73083,0,
0.0000,0.0075,0.73100,0,
0.0000,0.0075,0.73117,0,
0.0000,0.0075,0.73133,0,
0.0000,0.0075,0.73150,0,
0.0000,0.0075,0.73167,0,
0.0000,0.0075,0.73183,0,
0.0000,0.0075,0.73200,0,
0.0000,0.0075,0.73217,0,
0.0000,0.0075,0.73233,0,
0.0000,0.0075,0.73250,0,
0.0000,0.0075,0.73267,0,
0.0000,0.0075,0.73283,0,
0.0000,0.0075,0.73300,0,
0.0000,0.0075,0.73317,0,
0.0000,0.0075,0.73333,0,
0.0000,0.0075,0.73350,0,
0.0000,0.0075,0.73367,0,
0.0000,0.0075,0.73383,0,
0.0000,0.0075,0.73400,0,
0.0000,0.0075,0.73417,0,
0.0000,0.0075,0.73433,0,
0.0000,0.0075,0.73450,0,
0.0000,0.0075,0.73467,0,
0.0000,0.0075,0.73483,0,
0.0000,0.0075,0.73500,0,
0.0000,0.0075,0.73517,0,
0.0000,0.0075,0.73533,0,
0.0000,0.0075,0.73550,0,
0.0000,0.0075,0.73567,0,
0.0000,0.0075,0.73583,0,
0.0000,0.0075,0.73600,0,
0.0000,0.0075,0.73617,0,
0.0000,0.0075,0.73633,0,
0.0000,0.0075,0.73650,0,
0.0000,0.0075,0.73667,0,
0.0000,0.0075,0.73683,0,
0.0000,0.0075,0.73700,0,
0.0000,0.0075,0.73717,0,
0.0000,0.0075,0.73733,0,
0.0000,0.0075,0.73750,0,
0.0000,0.0075,0.73767,0,
0.0000,0.0075,0.73783,0,
0.0000,0.0075,0.73800,0,
0.0000,0.0075,0.73817,0,
0.0000,0.0075,0.73833,0,
0.0000,0.0075,0.73850,0,
0.0000,0.0075,0.73867,0,
0.0000,0.0075,0.73883,0,
0.0000,0.0075,0.73900,0,
0.0000,0.0075,0.73917,0,
0.0000,0.0075,0.73933,0,
0.0000,0.0075,0.73950,0,
0.0000,0.0075,0.73967,0,
0.0000,0.0075,0.73983,0,
0.0000,0.0075,0.74000,0,
0.0000,0.0075,0.74017,0,
0.0000,0.0075,0.74033,0,
0.0000,0.0075,0.74050,0,
0.0000,0.0075,0.74067,0,
0.0000,0.0075,0.74083,0,
0.0000,0.0075,0.74100,0,
0.0000,0.0075,0.74117,0,
0.0000,0.0075,0.74133,0,
0.0000,0.0075,0.74150,0,
0.0000,0.0075,0.74167,0,
0.0000,0.0075,0.74183,0,
0.0000,0.0075,0.74200,0,
0.0000,0.0075,0.74217,0,
0.0000,0.0075,0.74233,0,
0.0000,0.0075,0.74250,0,
0.0000,0.0075,0.74267,0,
0.0000,0.0075,0.74283,0,
0.0000,0.0075,0.74300,0,
0.0000,0.0075,0.74317,0,
0.0000,0.0075,0.74333,0,
0.0000,0.0075,0.74350,0,
0.0000,0.0075,0.74367,0,
0.0000,0.0075,0.74383,0,
0.0000,0.0075,0.74400,0,
0.0000,0.0075,0.74417,0,
0.0000,0.0075,0.74433,0,
0.0000,0.0075,0.74450,0,
0.0000,0.0075,0.74467,0,
0.0000,0.0075,0.74483,0,
0.0000,0.0075,0.74500,0,
0.0000,0.0075,0.74517,0,
0.0000,0.0075,0.74533,0,
0.0000,0.0075,0.74550,0,
0.0000,0.0075,0.74567,0,
0.0000,0.0075,0.74583,0,
0.0000,0.0075,0.74600,0,
0.0000,0.0075,0.74617,0,
0.0000,0.0075,0.74633,0,
0.0000,0.0075,0.74650,0,
0.0000,0.0075,0.74667,0,
0.0000,0.0075,0.74683,0,
0.0000,0.0075,0.74700,0,
0.0000,0.0075,0.74717,0,
0.0000,0.0075,0.74733,0,
0.0000,0.0075,0.74750,0,
0.0000,0.0075,0.74767,0,
0.0000,0.0075,0.74783,0,
0.0000,0.0075,0.74800,0,
0.0000,0.0075,0.74817,0,
0.0000,0.0075,0.74833,0,
0.0000,0.0075,0.74850,0,
0.0000,0.0075,0.74867,0,
0.0000,0.0075,0.74883,0,
0.0000,0.0075,0.74900,0,
0.0000,0.0075,0.74917,0,
0.0000,0.0075,0.74933,0,
0.0000,0.0075,0.74950,0,
0.0000,0.0075,0.74967,0,
0.0000,0.0075,0.74983,0,
0.0000,0.0075,0.75000,0,
0.0000,0.0075,0.75017,0,
0.0000,0.0075,0.75033,0,
0.0000,0.0075,0.75050,0,
0.0000,0.0075,0.75067,0,
0.0000,0.0075,0.75083,0,
0.0000,0.0075,0.75100,0,
0.0000,0.0075,0.75117,0,
0.0000,0.0075,0.75133,0,
0.0000,0.0075,0.75150,0,
0.0000,0.0075,0.75167,0,
0.0000,0.0075,0.75183,0,
0.0000,0.0075,0.75200,0,
0.0000,0.0075,0.75217,0,
0.0000,0.0075,0.75233,0,
0.0000,0.0075,0.75250,0,
0.0000,0.0075,0.75267,0,
0.0000,0.0075,0.75283,0,
0.0000,0.0075,0.75300,0,
0.0000,0.0075,0.75317,0,
0.0000,0.0075,0.75333,0,
0.0000,0.0075,0.75350,0,
0.0000,0.0075,0.75367,0,
0.0000,0.0075,0.75383,0,
0.0000,0.0075,0.75400,0,
0.0000,0.0075,0.75417,0,
0.0000,0.0075,0.75433,0,
0.0000,0.0075,0.75450,0,
0.0000,0.0075,0.75467,0,
0.0000,0.0075,0.75483,0,
0.0000,0.0075,0.75500,0,
0.0000,0.0075,0.75517,0,
0.0000,0.0075,0.75533,0,
0.0000,0.0075,0.75550,0,
0.0000,0.0075,0.75567,0,
0.0000,0.0075,0.75583,0,
0.0000,0.0075,0.75600,0,
0.0000,0.0075,0.75617,0,
0.0000,0.0075,0.75633,0,
0.0000,0.0075,0.75650,0,
0.0000,0.0075,0.75667,0,
0.0000,0.0075,0.75683,0,
0.0000,0.0075,0.75700,0,
0.0000,0.0075,0.75717,0,
0.0000,0.0075,0.75733,0,
0.0000,0.0075,0.75750,0,
0.0000,0.0075,0.75767,0,
0.0000,0.0075,0.75783,0,
0.0000,0.0075,0.75800,0,
0.0000,0.0075,0.75817,0,
0.0000,0.0075,0.75833,0,
0.0000,0.0075,0.75850,0,
0.0000,0.0075,0.75867,0,
0.0000,0.0075,0.75883,0,
0.0000,0.0075,0.75900,0,
0.0000,0.0075,0.75917,0,
0.0000,0.0075,0.75933,0,
0.0000,0.0075,0.75950,0,
0.0000,0.0075,0.75967,0,
0.0000,0.0075,0.75983,0,
0.0000,0.0075,0.76000,0,
0.0000,0.0075,0.76017,0,
0.0000,0.0075,0.76033,0,
0.0000,0.0075,0.76050,0,
0.0000,0.0075,0.76067,0,
0.0000,0.0075,0.76083,0,
0.0000,0.0075,0.76100,0,
0.0000,0.0075,0.76117,0,
0.0000,0.0075,0.76133,0,
0.0000,0.0075,0.76150,0,
0.0000,0.0075,0.76167,0,
0.0000,0.0075,0.76183,0,
0.0000,0.0075,0.76200,0,
0.0000,0.0075,0.76217,0,
0.0000,0.0075,0.76233,0,
0.0000,0.0075,0.76250,0,
0.0000,0.0075,0.76267,0,
0.0000,0.0075,0.76283,0,
0.0000,0.0075,0.76300,0,
0.0000,0.0075,0.76317,0,
0.0000,0.0075,0.76333,0,
0.0000,0.0075,0.76350,0,
0.0000,0.0075,0.76367,0,
0.0000,0.0075,0.76383,0,
0.0000,0.0075,0.76400,0,
0.0000,0.0075,0.76417,0,
0.0000,0.0075,0.76433,0,
0.0000,0.0075,0.76450,0,
0.0000,0.0075,0.76467,0,
0.0000,0.0075,0.76483,0,
0.0000,0.0075,0.76500,0,
0.0000,0.0075,0.76517,0,
0.0000,0.0075,0.76533,0,
0.0000,0.0075,0.76550,0,
0.0000,0.0075,0.76567,0,
0.0000,0.0075,0.76583,0,
0.0000,0.0075,0.76600,0,
0.0000,0.0075,0.76617,0,
0.0000,0.0075,0.76633,0,
0.0000,0.0075,0.76650,0,
0.0000,0.0075,0.76667,0,
0.0000,0.0075,0.76683,0,
0.0000,0.0075,0.76700,0,
0.0000,0.0075,0.76717,0,
0.0000,0.0075,0.76733,0,
0.0000,0.0075,0.76750,0,
0.0000,0.0075,0.76767,0,
0.0000,0.0075,0.76783,0,
0.0000,0.0075,0.76800,0,
0.0000,0.0075,0.76817,0,
0.0000,0.0075,0.76833,0,
0.0000,0.0075,0.76850,0,
0.0000,0.0075,0.76867,0,
0.0000,0.0075,0.76883,0,
0.0000,0.0075,0.76900,0,
0.0000,0.0075,0.76917,0,
0.0000,0.0075,0.76933,0,
0.0000,0.0075,0.76950,0,
0.0000,0.0075,0.76967,0,
0.0000,0.0075,0.76983,0,
0.0000,0.0075,0.77000,0,
0.0000,0.0075,0.77017,0,
0.0000,0.0075,0.77033,0,
0.0000,0.0075,0.77050,0,
0.0000,0.0075,0.77067,0,
0.0000,0.0075,0.77083,0,
0.0000,0.0075,0.77100,0,
0.0000,0.0075,0.77117,0,
0.0000,0.0075,0.77133,0,
0.0000,0.0075,0.77150,0,
0.0000,0.0075,0.77167,0,
0.0000,0.0075,0.77183,0,
0.0000,0.0075,0.77200,0,
0.0000,0.0075,0.77217,0,
0.0000,0.0075,0.77233,0,
0.0000,0.0075,0.77250,0,
0.0000,0.0075,0.77267,0,
0.0000,0.0075,0.77283,0,
0.0000,0.0075,0.77300,0,
0.0000,0.0075,0.77317,0,
0.0000,0.0075,0.77333,0,
0.0000,0.0075,0.77350,0,
0.0000,0.0075,0.77367,0,
0.0000,0.0075,0.77383,0,
0.0000,0.0075,0.77400,0,
0.0000,0.0075,0.77417,0,
0.0000,0.0075,0.77433,0,
0.0000,0.0075,0.77450,0,
0.0000,0.0075,0.77467,0,
0.0000,0.0075,0.77483,0,
0.0000,0.0075,0.77500,0,
0.0000,0.0075,0.77517,0,
0.0000,0.0075,0.77533,0,
0.0000,0.0075,0.77550,0,
0.0000,0.0075,0.77567,0,
0.0000,0.0075,0.77583,0,
0.0000,0.0075,0.77600,0,
0.0000,0.0075,0.77617,0,
0.0000,0.0075,0.77633,0,
0.0000,0.0075,0.77650,0,
0.0000,0.0075,0.77667,0,
0.0000,0.0075,0.77683,0,
0.0000,0.0075,0.77700,0,
0.0000,0.0075,0.77717,0,
0.0000,0.0075,0.77733,0,
0.0000,0.0075,0.77750,0,
0.0000,0.0075,0.77767,0,
0.0000,0.0075,0.77783,0,
0.0000,0.0075,0.77800,0,
0.0000,0.0075,0.77817,0,
0.0000,0.0075,0.77833,0,
0.0000,0.0075,0.77850,0,
0.0000,0.0075,0.77867,0,
0.0000,0.0075,0.77883,0,
0.0000,0.0075,0.77900,0,
0.0000,0.0075,0.77917,0,
0.0000,0.0075,0.77933,0,
0.0000,0.0075,0.77950,0,
0.0000,0.0075,0.77967,0,
0.0000,0.0075,0.77983,0,
0.0000,0.0075,0.78000,0,
0.0000,0.0075,0.78017,0,
0.0000,0.0075,0.78033,0,
0.0000,0.0075,0.78050,0,
0.0000,0.0075,0.78067,0,
0.0000,0.0075,0.78083,0,
0.0000,0.0075,0.78100,0,
0.0000,0.0075,0.78117,0,
0.0000,0.0075,0.78133,0,
0.0000,0.0075,0.78150,0,
0.0000,0.0075,0.78167,0,
0.0000,0.0075,0.78183,0,
0.0000,0.0075,0.78200,0,
0.0000,0.0075,0.78217,0,
0.0000,0.0075,0.78233,0,
0.0000,0.0075,0.78250,0,
0.0000,0.0075,0.78267,0,
0.0000,0.0075,0.78283,0,
0.0000,0.0075,0.78300,0,
0.0000,0.0075,0.78317,0,
0.0000,0.0075,0.78333,0,
0.0000,0.0075,0.78350,0,
0.0000,0.0075,0.78367,0,
0.0000,0.0075,0.78383,0,
0.0000,0.0075,0.78400,0,
0.0000,0.0075,0.78417,0,
0.0000,0.0075,0.78433,0,
0.0000,0.0075,0.78450,0,
0.0000,0.0075,0.78467,0,
0.0000,0.0075,0.78483,0,
0.0000,0.0075,0.78500,0,
0.0000,0.0075,0.78517,0,
0.0000,0.0075,0.78533,0,
0.0000,0.0075,0.78550,0,
0.0000,0.0075,0.78567,0,
0.0000,0.0075,0.78583,0,
0.0000,0.0075,0.78600,0,
0.0000,0.0075,0.78617,0,
0.0000,0.0075,0.78633,0,
0.0000,0.0075,0.78650,0,
0.0000,0.0075,0.78667,0,
0.0000,0.0075,0.78683,0,
0.0000,0.0075,0.78700,0,
0.0000,0.0075,0.78717,0,
0.0000,0.0075,0.78733,0,
0.0000,0.0075,0.78750,0,
0.0000,0.0075,0.78767,0,
0.0000,0.0075,0.78783,0,
0.0000,0.0075,0.78800,0,
0.0000,0.0075,0.78817,0,
0.0000,0.0075,0.78833,0,
0.0000,0.0075,0.78850,0,
0.0000,0.0075,0.78867,0,
0.0000,0.0075,0.78883,0,
0.0000,0.0075,0.78900,0,
0.0000,0.0075,0.78917,0,
0.0000,0.0075,0.78933,0,
0.0000,0.0075,0.78950,0,
0.0000,0.0075,0.78967,0,
0.0000,0.0075,0.78983,0,
0.0000,0.0075,0.79000,0,
0.0000,0.0075,0.79017,0,
0.0000,0.0075,0.79033,0,
0.0000,0.0075,0.79050,0,
0.0000,0.0075,0.79067,0,
0.0000,0.0075,0.79083,0,
0.0000,0.0075,0.79100,0,
0.0000,0.0075,0.79117,0,
0.0000,0.0075,0.79133,0,
0.0000,0.0075,0.79150,0,
0.0000,0.0075,0.79167,0,
0.0000,0.0075,0.79183,0,
0.0000,0.0075,0.79200,0,
0.0000,0.0075,0.79217,0,
0.0000,0.0075,0.79233,0,
0.0000,0.0075,0.79250,0,
0.0000,0.0075,0.79267,0,
0.0000,0.0075,0.79283,0,
0.0000,0.0075,0.79300,0,
0.0000,0.0075,0.79317,0,
0.0000,0.0075,0.79333,0,
0.0000,0.0075,0.79350,0,
0.0000,0.0075,0.79367,0,
0.0000,0.0075,0.79383,0,
0.0000,0.0075,0.79400,0,
0.0000,0.0075,0.79417,0,
0.0000,0.0075,0.79433,0,
0.0000,0.0075,0.79450,0,
0.0000,0.0075,0.79467,0,
0.0000,0.0075,0.79483,0,
0.0000,0.0075,0.79500,0,
0.0000,0.0075,0.79517,0,
0.0000,0.0075,0.79533,0,
0.0000,0.0075,0.79550,0,
0.0000,0.0075,0.79567,0,
0.0000,0.0075,0.79583,0,
0.0000,0.0075,0.79600,0,
0.0000,0.0075,0.79617,0,
0.0000,0.0075,0.79633,0,
0.0000,0.0075,0.79650,0,
0.0000,0.0075,0.79667,0,
0.0000,0.0075,0.79683,0,
0.0000,0.0075,0.79700,0,
0.0000,0.0075,0.79717,0,
0.0000,0.0075,0.79733,0,
0.0000,0.0075,0.79750,0,
0.0000,0.0075,0.79767,0,
0.0000,0.0075,0.79783,0,
0.0000,0.0075,0.79800,0,
0.0000,0.0075,0.79817,0,
0.0000,0.0075,0.79833,0,
0.0000,0.0075,0.79850,0,
0.0000,0.0075,0.79867,0,
0.0000,0.0075,0.79883,0,
0.0000,0.0075,0.79900,0,
0.0000,0.0075,0.79917,0,
0.0000,0.0075,0.79933,0,
0.0000,0.0075,0.79950,0,
0.0000,0.0075,0.79967,0,
0.0000,0.0075,0.79983,0,
0.0000,0.0075,0.80000,0,
0.0000,0.0075,0.80017,0,
0.0000,0.0075,0.80033,0,
0.0000,0.0075,0.80050,0,
0.0000,0.0075,0.80067,0,
0.0000,0.0075,0.80083,0,
0.0000,0.0075,0.80100,0,
0.0000,0.0075,0.80117,0,
0.0000,0.0075,0.80133,0,
0.0000,0.0075,0.80150,0,
0.0000,0.0075,0.80167,0,
0.0000,0.0075,0.80183,0,
0.0000,0.0075,0.80200,0,
0.0000,0.0075,0.80217,0,
0.0000,0.0075,0.80233,0,
0.0000,0.0075,0.80250,0,
0.0000,0.0075,0.80267,0,
0.0000,0.0075,0.80283,0,
0.0000,0.0075,0.80300,0,
0.0000,0.0075,0.80317,0,
0.0000,0.0075,0.80333,0,
0.0000,0.0075,0.80350,0,
0.0000,0.0075,0.80367,0,
0.0000,0.0075,0.80383,0,
0.0000,0.0075,0.80400,0,
0.0000,0.0075,0.80417,0,
0.0000,0.0075,0.80433,0,
0.0000,0.0075,0.80450,0,
0.0000,0.0075,0.80467,0,
0.0000,0.0075,0.80483,0,
0.0000,0.0075,0.80500,0,
0.0000,0.0075,0.80517,0,
0.0000,0.0075,0.80533,0,
0.0000,0.0075,0.80550,0,
0.0000,0.0075,0.80567,0,
0.0000,0.0075,0.80583,0,
0.0000,0.0075,0.80600,0,
0.0000,0.0075,0.80617,0,
0.0000,0.0075,0.80633,0,
0.0000,0.0075,0.80650,0,
0.0000,0.0075,0.80667,0,
0.0000,0.0075,0.80683,0,
0.0000,0.0075,0.80700,0,
0.0000,0.0075,0.80717,0,
0.0000,0.0075,0.80733,0,
0.0000,0.0075,0.80750,0,
0.0000,0.0075,0.80767,0,
0.0000,0.0075,0.80783,0,
0.0000,0.0075,0.80800,0,
0.0000,0.0075,0.80817,0,
0.0000,0.0075,0.80833,0,
0.0000,0.0075,0.80850,0,
0.0000,0.0075,0.80867,0,
0.0000,0.0075,0.80883,0,
0.0000,0.0075,0.80900,0,
0.0000,0.0075,0.80917,0,
0.0000,0.0075,0.80933,0,
0.0000,0.0075,0.80950,0,
0.0000,0.0075,0.80967,0,
0.0000,0.0075,0.80983,0,
0.0000,0.0075,0.81000,0,
0.0000,0.0075,0.81017,0,
0.0000,0.0075,0.81033,0,
0.0000,0.0075,0.81050,0,
0.0000,0.0075,0.81067,0,
0.0000,0.0075,0.81083,0,
0.0000,0.0075,0.81100,0,
0.0000,0.0075,0.81117,0,
0.0000,0.0075,0.81133,0,
0.0000,0.0075,0.81150,0,
0.0000,0.0075,0.81167,0,
0.0000,0.0075,0.81183,0,
0.0000,0.0075,0.81200,0,
0.0000,0.0075,0.81217,0,
0.0000,0.0075,0.81233,0,
0.0000,0.0075,0.81250,0,
0.0000,0.0075,0.81267,0,
0.0000,0.0075,0.81283,0,
0.0000,0.0075,0.81300,0,
0.0000,0.0075,0.81317,0,
0.0000,0.0075,0.81333,0,
0.0000,0.0075,0.81350,0,
0.0000,0.0075,0.81367,0,
0.0000,0.0075,0.81383,0,
0.0000,0.0075,0.81400,0,
0.0000,0.0075,0.81417,0,
0.0000,0.0075,0.81433,0,
0.0000,0.0075,0.81450,0,
0.0000,0.0075,0.81467,0,
0.0000,0.0075,0.81483,0,
0.0000,0.0075,0.81500,0,
0.0000,0.0075,0.81517,0,
0.0000,0.0075,0.81533,0,
0.0000,0.0075,0.81550,0,
0.0000,0.0075,0.81567,0,
0.0000,0.0075,0.81583,0,
0.0000,0.0075,0.81600,0,
0.0000,0.0075,0.81617,0,
0.0000,0.0075,0.81633,0,
0.0000,0.0075,0.81650,0,
0.0000,0.0075,0.81667,0,
0.0000,0.0075,0.81683,0,
0.0000,0.0075,0.81700,0,
0.0000,0.0075,0.81717,0,
0.0000,0.0075,0.81733,0,
0.0000,0.0075,0.81750,0,
0.0000,0.0075,0.81767,0,
0.0000,0.0075,0.81783,0,
0.0000,0.0075,0.81800,0,
0.0000,0.0075,0.81817,0,
0.0000,0.0075,0.81833,0,
0.0000,0.0075,0.81850,0,
0.0000,0.0075,0.81867,0,
0.0000,0.0075,0.81883,0,
0.0000,0.0075,0.81900,0,
0.0000,0.0075,0.81917,0,
0.0000,0.0075,0.81933,0,
0.0000,0.0075,0.81950,0,
0.0000,0.0075,0.81967,0,
0.0000,0.0075,0.81983,0,
0.0000,0.0075,0.82000,0,
0.0000,0.0075,0.82017,0,
0.0000,0.0075,0.82033,0,
0.0000,0.0075,0.82050,0,
0.0000,0.0075,0.82067,0,
0.0000,0.0075,0.82083,0,
0.0000,0.0075,0.82100,0,
0.0000,0.0075,0.82117,0,
0.0000,0.0075,0.82133,0,
0.0000,0.0075,0.82150,0,
0.0000,0.0075,0.82167,0,
0.0000,0.0075,0.82183,0,
0.0000,0.0075,0.82200,0,
0.0000,0.0075,0.82217,0,
0.0000,0.0075,0.82233,0,
0.0000,0.0075,0.82250,0,
0.0000,0.0075,0.82267,0,
0.0000,0.0075,0.82283,0,
0.0000,0.0075,0.82300,0,
0.0000,0.0075,0.82317,0,
0.0000,0.0075,0.82333,0,
0.0000,0.0075,0.82350,0,
0.0000,0.0075,0.82367,0,
0.0000,0.0075,0.82383,0,
0.0000,0.0075,0.82400,0,
0.0000,0.0075,0.82417,0,
0.0000,0.0075,0.82433,0,
0.0000,0.0075,0.82450,0,
0.0000,0.0075,0.82467,0,
0.0000,0.0075,0.82483,0,
0.0000,0.0075,0.82500,0,
0.0000,0.0075,0.82517,0,
0.0000,0.0075,0.82533,0,
0.0000,0.0075,0.82550,0,
0.0000,0.0075,0.82567,0,
0.0000,0.0075,0.82583,0,
0.0000,0.0075,0.82600,0,
0.0000,0.0075,0.82617,0,
0.0000,0.0075,0.82633,0,
0.0000,0.0075,0.82650,0,
0.0000,0.0075,0.82667,0,
0.0000,0.0075,0.82683,0,
0.0000,0.0075,0.82700,0,
0.0000,0.0075,0.82717,0,
0.0000,0.0075,0.82733,0,
0.0000,0.0075,0.82750,0,
0.0000,0.0075,0.82767,0,
0.0000,0.0075,0.82783,0,
0.0000,0.0075,0.82800,0,
0.0000,0.0075,0.82817,0,
0.0000,0.0075,0.82833,0,
0.0000,0.0075,0.82850,0,
0.0000,0.0075,0.82867,0,
0.0000,0.0075,0.82883,0,
0.0000,0.0075,0.82900,0,
0.0000,0.0075,0.82917,0,
0.0000,0.0075,0.82933,0,
0.0000,0.0075,0.82950,0,
0.0000,0.0075,0.82967,0,
0.0000,0.0075,0.82983,0,
0.0000,0.0075,0.83000,0,
0.0000,0.0075,0.83017,0,
0.0000,0.0075,0.83033,0,
0.0000,0.0075,0.83050,0,
0.0000,0.0075,0.83067,0,
0.0000,0.0075,0.83083,0,
0.0000,0.0075,0.83100,0,
0.0000,0.0075,0.83117,0,
0.0000,0.0075,0.83133,0,
0.0000,0.0075,0.83150,0,
0.0000,0.0075,0.83167,0,
0.0000,0.0075,0.83183,0,
0.0000,0.0075,0.83200,0,
0.0000,0.0075,0.83217,0,
0.0000,0.0075,0.83233,0,
0.0000,0.0075,0.83250,0,
0.0000,0.0075,0.83267,0,
0.0000,0.0075,0.83283,0,
0.0000,0.0075,0.83300,0,
0.0000,0.0075,0.83317,0,
0.0000,0.0075,0.83333,0,
0.0000,0.0075,0.83350,0,
0.0000,0.0075,0.83367,0,
0.0000,0.0075,0.83383,0,
0.0000,0.0075,0.83400,0,
0.0000,0.0075,0.83417,0,
0.0000,0.0075,0.83433,0,
0.0000,0.0075,0.83450,0,
0.0000,0.0075,0.83467,0,
0.0000,0.0075,0.83483,0,
0.0000,0.0075,0.83500,0,
0.0000,0.0075,0.83517,0,
0.0000,0.0075,0.83533,0,
0.0000,0.0075,0.83550,0,
0.0000,0.0075,0.83567,0,
0.0000,0.0075,0.83583,0,
0.0000,0.0075,0.83600,0,
0.0000,0.0075,0.83617,0,
0.0000,0.0075,0.83633,0,
0.0000,0.0075,0.83650,0,
0.0000,0.0075,0.83667,0,
0.0000,0.0075,0.83683,0,
0.0000,0.0075,0.83700,0,
0.0000,0.0075,0.83717,0,
0.0000,0.0075,0.83733,0,
0.0000,0.0075,0.83750,0,
0.0000,0.0075,0.83767,0,
0.0000,0.0075,0.83783,0,
0.0000,0.0075,0.83800,0,
0.0000,0.0075,0.83817,0,
0.0000,0.0075,0.83833,0,
0.0000,0.0075,0.83850,0,
0.0000,0.0075,0.83867,0,
0.0000,0.0075,0.83883,0,
0.0000,0.0075,0.83900,0,
0.0000,0.0075,0.83917,0,
0.0000,0.0075,0.83933,0,
0.0000,0.0075,0.83950,0,
0.0000,0.0075,0.83967,0,
0.0000,0.0075,0.83983,0,
0.0000,0.0075,0.84000,0,
0.0000,0.0075,0.84017,0,
0.0000,0.0075,0.84033,0,
0.0000,0.0075,0.84050,0,
0.0000,0.0075,0.84067,0,
0.0000,0.0075,0.84083,0,
0.0000,0.0075,0.84100,0,
0.0000,0.0075,0.84117,0,
0.0000,0.0075,0.84133,0,
0.0000,0.0075,0.84150,0,
0.0000,0.0075,0.84167,0,
0.0000,0.0075,0.84183,0,
0.0000,0.0075,0.84200,0,
0.0000,0.0075,0.84217,0,
0.0000,0.0075,0.84233,0,
0.0000,0.0075,0.84250,0,
0.0000,0.0075,0.84267,0,
0.0000,0.0075,0.84283,0,
0.0000,0.0075,0.84300,0,
0.0000,0.0075,0.84317,0,
0.0000,0.0075,0.84333,0,
0.0000,0.0075,0.84350,0,
0.0000,0.0075,0.84367,0,
0.0000,0.0075,0.84383,0,
0.0000,0.0075,0.84400,0,
0.0000,0.0075,0.84417,0,
0.0000,0.0075,0.84433,0,
0.0000,0.0075,0.84450,0,
0.0000,0.0075,0.84467,0,
0.0000,0.0075,0.84483,0,
0.0000,0.0075,0.84500,0,
0.0000,0.0075,0.84517,0,
0.0000,0.0075,0.84533,0,
0.0000,0.0075,0.84550,0,
0.0000,0.0075,0.84567,0,
0.0000,0.0075,0.84583,0,
0.0000,0.0075,0.84600,0,
0.0000,0.0075,0.84617,0,
0.0000,0.0075,0.84633,0,
0.0000,0.0075,0.84650,0,
0.0000,0.0075,0.84667,0,
0.0000,0.0075,0.84683,0,
0.0000,0.0075,0.84700,0,
0.0000,0.0075,0.84717,0,
0.0000,0.0075,0.84733,0,
0.0000,0.0075,0.84750,0,
0.0000,0.0075,0.84767,0,
0.0000,0.0075,0.84783,0,
0.0000,0.0075,0.84800,0,
0.0000,0.0075,0.84817,0,
0.0000,0.0075,0.84833,0,
0.0000,0.0075,0.84850,0,
0.0000,0.0075,0.84867,0,
0.0000,0.0075,0.84883,0,
0.0000,0.0075,0.84900,0,
0.0000,0.0075,0.84917,0,
0.0000,0.0075,0.84933,0,
0.0000,0.0075,0.84950,0,
0.0000,0.0075,0.84967,0,
0.0000,0.0075,0.84983,0,
0.0000,0.0075,0.85000,0,
0.0000,0.0075,0.85017,0,
0.0000,0.0075,0.85033,0,
0.0000,0.0075,0.85050,0,
0.0000,0.0075,0.85067,0,
0.0000,0.0075,0.85083,0,
0.0000,0.0075,0.85100,0,
0.0000,0.0075,0.85117,0,
0.0000,0.0075,0.85133,0,
0.0000,0.0075,0.85150,0,
0.0000,0.0075,0.85167,0,
0.0000,0.0075,0.85183,0,
0.0000,0.0075,0.85200,0,
0.0000,0.0075,0.85217,0,
0.0000,0.0075,0.85233,0,
0.0000,0.0075,0.85250,0,
0.0000,0.0075,0.85267,0,
0.0000,0.0075,0.85283,0,
0.0000,0.0075,0.85300,0,
0.0000,0.0075,0.85317,0,
0.0000,0.0075,0.85333,0,
0.0000,0.0075,0.85350,0,
0.0000,0.0075,0.85367,0,
0.0000,0.0075,0.85383,0,
0.0000,0.0075,0.85400,0,
0.0000,0.0075,0.85417,0,
0.0000,0.0075,0.85433,0,
0.0000,0.0075,0.85450,0,
0.0000,0.0075,0.85467,0,
0.0000,0.0075,0.85483,0,
0.0000,0.0075,0.85500,0,
0.0000,0.0075,0.85517,0,
0.0000,0.0075,0.85533,0,
0.0000,0.0075,0.85550,0,
0.0000,0.0075,0.85567,0,
0.0000,0.0075,0.85583,0,
0.0000,0.0075,0.85600,0,
0.0000,0.0075,0.85617,0,
0.0000,0.0075,0.85633,0,
0.0000,0.0075,0.85650,0,
0.0000,0.0075,0.85667,0,
0.0000,0.0075,0.85683,0,
0.0000,0.0075,0.85700,0,
0.0000,0.0075,0.85717,0,
0.0000,0.0075,0.85733,0,
0.0000,0.0075,0.85750,0,
0.0000,0.0075,0.85767,0,
0.0000,0.0075,0.85783,0,
0.0000,0.0075,0.85800,0,
0.0000,0.0075,0.85817,0,
0.0000,0.0075,0.85833,0,
0.0000,0.0075,0.85850,0,
0.0000,0.0075,0.85867,0,
0.0000,0.0075,0.85883,0,
0.0000,0.0075,0.85900,0,
0.0000,0.0075,0.85917,0,
0.0000,0.0075,0.85933,0,
0.0000,0.0075,0.85950,0,
0.0000,0.0075,0.85967,0,
0.0000,0.0075,0.85983,0,
0.0000,0.0075,0.86000,0,
0.0000,0.0075,0.86017,0,
0.0000,0.0075,0.86033,0,
0.0000,0.0075,0.86050,0,
0.0000,0.0075,0.86067,0,
0.0000,0.0075,0.86083,0,
0.0000,0.0075,0.86100,0,
0.0000,0.0075,0.86117,0,
0.0000,0.0075,0.86133,0,
0.0000,0.0075,0.86150,0,
0.0000,0.0075,0.86167,0,
0.0000,0.0075,0.86183,0,
0.0000,0.0075,0.86200,0,
0.0000,0.0075,0.86217,0,
0.0000,0.0075,0.86233,0,
0.0000,0.0075,0.86250,0,
0.0000,0.0075,0.86267,0,
0.0000,0.0075,0.86283,0,
0.0000,0.0075,0.86300,0,
0.0000,0.0075,0.86317,0,
0.0000,0.0075,0.86333,0,
0.0000,0.0075,0.86350,0,
0.0000,0.0075,0.86367,0,
0.0000,0.0075,0.86383,0,
0.0000,0.0075,0.86400,0,
0.0000,0.0075,0.86417,0,
0.0000,0.0075,0.86433,0,
0.0000,0.0075,0.86450,0,
0.0000,0.0075,0.86467,0,
0.0000,0.0075,0.86483,0,
0.0000,0.0075,0.86500,0,
0.0000,0.0075,0.86517,0,
0.0000,0.0075,0.86533,0,
0.0000,0.0075,0.86550,0,
0.0000,0.0075,0.86567,0,
0.0000,0.0075,0.86583,0,
0.0000,0.0075,0.86600,0,
0.0000,0.0075,0.86617,0,
0.0000,0.0075,0.86633,0,
0.0000,0.0075,0.86650,0,
0.0000,0.0075,0.86667,0,
0.0000,0.0075,0.86683,0,
0.0000,0.0075,0.86700,0,
0.0000,0.0075,0.86717,0,
0.0000,0.0075,0.86733,0,
0.0000,0.0075,0.86750,0,
0.0000,0.0075,0.86767,0,
0.0000,0.0075,0.86783,0,
0.0000,0.0075,0.86800,0,
0.0000,0.0075,0.86817,0,
0.0000,0.0075,0.86833,0,
0.0000,0.0075,0.86850,0,
0.0000,0.0075,0.86867,0,
0.0000,0.0075,0.86883,0,
0.0000,0.0075,0.86900,0,
0.0000,0.0075,0.86917,0,
0.0000,0.0075,0.86933,0,
0.0000,0.0075,0.86950,0,
0.0000,0.0075,0.86967,0,
0.0000,0.0075,0.86983,0,
0.0000,0.0075,0.87000,0,
0.0000,0.0075,0.87017,0,
0.0000,0.0075,0.87033,0,
0.0000,0.0075,0.87050,0,
0.0000,0.0075,0.87067,0,
0.0000,0.0075,0.87083,0,
0.0000,0.0075,0.87100,0,
0.0000,0.0075,0.87117,0,
0.0000,0.0075,0.87133,0,
0.0000,0.0075,0.87150,0,
0.0000,0.0075,0.87167,0,
0.0000,0.0075,0.87183,0,
0.0000,0.0075,0.87200,0,
0.0000,0.0075,0.87217,0,
0.0000,0.0075,0.87233,0,
0.0000,0.0075,0.87250,0,
0.0000,0.0075,0.87267,0,
0.0000,0.0075,0.87283,0,
0.0000,0.0075,0.87300,0,
0.0000,0.0075,0.87317,0,
0.0000,0.0075,0.87333,0,
0.0000,0.0075,0.87350,0,
0.0000,0.0075,0.87367,0,
0.0000,0.0075,0.87383,0,
0.0000,0.0075,0.87400,0,
0.0000,0.0075,0.87417,0,
0.0000,0.0075,0.87433,0,
0.0000,0.0075,0.87450,0,
0.0000,0.0075,0.87467,0,
0.0000,0.0075,0.87483,0,
0.0000,0.0075,0.87500,0,
0.0000,0.0075,0.87517,0,
0.0000,0.0075,0.87533,0,
0.0000,0.0075,0.87550,0,
0.0000,0.0075,0.87567,0,
0.0000,0.0075,0.87583,0,
0.0000,0.0075,0.87600,0,
0.0000,0.0075,0.87617,0,
0.0000,0.0075,0.87633,0,
0.0000,0.0075,0.87650,0,
0.0000,0.0075,0.87667,0,
0.0000,0.0075,0.87683,0,
0.0000,0.0075,0.87700,0,
0.0000,0.0075,0.87717,0,
0.0000,0.0075,0.87733,0,
0.0000,0.0075,0.87750,0,
0.0000,0.0075,0.87767,0,
0.0000,0.0075,0.87783,0,
0.0000,0.0075,0.87800,0,
0.0000,0.0075,0.87817,0,
0.0000,0.0075,0.87833,0,
0.0000,0.0075,0.87850,0,
0.0000,0.0075,0.87867,0,
0.0000,0.0075,0.87883,0,
0.0000,0.0075,0.87900,0,
0.0000,0.0075,0.87917,0,
0.0000,0.0075,0.87933,0,
0.0000,0.0075,0.87950,0,
0.0000,0.0075,0.87967,0,
0.0000,0.0075,0.87983,0,
0.0000,0.0075,0.88000,0,
0.0000,0.0075,0.88017,0,
0.0000,0.0075,0.88033,0,
0.0000,0.0075,0.88050,0,
0.0000,0.0075,0.88067,0,
0.0000,0.0075,0.88083,0,
0.0000,0.0075,0.88100,0,
0.0000,0.0075,0.88117,0,
0.0000,0.0075,0.88133,0,
0.0000,0.0075,0.88150,0,
0.0000,0.0075,0.88167,0,
0.0000,0.0075,0.88183,0,
0.0000,0.0075,0.88200,0,
0.0000,0.0075,0.88217,0,
0.0000,0.0075,0.88233,0,
0.0000,0.0075,0.88250,0,
0.0000,0.0075,0.88267,0,
0.0000,0.0075,0.88283,0,
0.0000,0.0075,0.88300,0,
0.0000,0.0075,0.88317,0,
0.0000,0.0075,0.88333,0,
0.0000,0.0075,0.88350,0,
0.0000,0.0075,0.88367,0,
0.0000,0.0075,0.88383,0,
0.0000,0.0075,0.88400,0,
0.0000,0.0075,0.88417,0,
0.0000,0.0075,0.88433,0,
0.0000,0.0075,0.88450,0,
0.0000,0.0075,0.88467,0,
0.0000,0.0075,0.88483,0,
0.0000,0.0075,0.88500,0,
0.0000,0.0075,0.88517,0,
0.0000,0.0075,0.88533,0,
0.0000,0.0075,0.88550,0,
0.0000,0.0075,0.88567,0,
0.0000,0.0075,0.88583,0,
0.0000,0.0075,0.88600,0,
0.0000,0.0075,0.88617,0,
0.0000,0.0075,0.88633,0,
0.0000,0.0075,0.88650,0,
0.0000,0.0075,0.88667,0,
0.0000,0.0075,0.88683,0,
0.0000,0.0075,0.88700,0,
0.0000,0.0075,0.88717,0,
0.0000,0.0075,0.88733,0,
0.0000,0.0075,0.88750,0,
0.0000,0.0075,0.88767,0,
0.0000,0.0075,0.88783,0,
0.0000,0.0075,0.88800,0,
0.0000,0.0075,0.88817,0,
0.0000,0.0075,0.88833,0,
0.0000,0.0075,0.88850,0,
0.0000,0.0075,0.88867,0,
0.0000,0.0075,0.88883,0,
0.0000,0.0075,0.88900,0,
0.0000,0.0075,0.88917,0,
0.0000,0.0075,0.88933,0,
0.0000,0.0075,0.88950,0,
0.0000,0.0075,0.88967,0,
0.0000,0.0075,0.88983,0,
0.0000,0.0075,0.89000,0,
0.0000,0.0075,0.89017,0,
0.0000,0.0075,0.89033,0,
0.0000,0.0075,0.89050,0,
0.0000,0.0075,0.89067,0,
0.0000,0.0075,0.89083,0,
0.0000,0.0075,0.89100,0,
0.0000,0.0075,0.89117,0,
0.0000,0.0075,0.89133,0,
0.0000,0.0075,0.89150,0,
0.0000,0.0075,0.89167,0,
0.0000,0.0075,0.89183,0,
0.0000,0.0075,0.89200,0,
0.0000,0.0075,0.89217,0,
0.0000,0.0075,0.89233,0,
0.0000,0.0075,0.89250,0,
0.0000,0.0075,0.89267,0,
0.0000,0.0075,0.89283,0,
0.0000,0.0075,0.89300,0,
0.0000,0.0075,0.89317,0,
0.0000,0.0075,0.89333,0,
0.0000,0.0075,0.89350,0,
0.0000,0.0075,0.89367,0,
0.0000,0.0075,0.89383,0,
0.0000,0.0075,0.89400,0,
0.0000,0.0075,0.89417,0,
0.0000,0.0075,0.89433,0,
0.0000,0.0075,0.89450,0,
0.0000,0.0075,0.89467,0,
0.0000,0.0075,0.89483,0,
0.0000,0.0075,0.89500,0,
0.0000,0.0075,0.89517,0,
0.0000,0.0075,0.89533,0,
0.0000,0.0075,0.89550,0,
0.0000,0.0075,0.89567,0,
0.0000,0.0075,0.89583,0,
0.0000,0.0075,0.89600,0,
0.0000,0.0075,0.89617,0,
0.0000,0.0075,0.89633,0,
0.0000,0.0075,0.89650,0,
0.0000,0.0075,0.89667,0,
0.0000,0.0075,0.89683,0,
0.0000,0.0075,0.89700,0,
0.0000,0.0075,0.89717,0,
0.0000,0.0075,0.89733,0,
0.0000,0.0075,0.89750,0,
0.0000,0.0075,0.89767,0,
0.0000,0.0075,0.89783,0,
0.0000,0.0075,0.89800,0,
0.0000,0.0075,0.89817,0,
0.0000,0.0075,0.89833,0,
0.0000,0.0075,0.89850,0,
0.0000,0.0075,0.89867,0,
0.0000,0.0075,0.89883,0,
0.0000,0.0075,0.89900,0,
0.0000,0.0075,0.89917,0,
0.0000,0.0075,0.89933,0,
0.0000,0.0075,0.89950,0,
0.0000,0.0075,0.89967,0,
0.0000,0.0075,0.89983,0,
0.0000,0.0075,0.90000,0,
0.0000,0.0075,0.90017,0,
0.0000,0.0075,0.90033,0,
0.0000,0.0075,0.90050,0,
0.0000,0.0075,0.90067,0,
0.0000,0.0075,0.90083,0,
0.0000,0.0075,0.90100,0,
0.0000,0.0075,0.90117,0,
0.0000,0.0075,0.90133,0,
0.0000,0.0075,0.90150,0,
0.0000,0.0075,0.90167,0,
0.0000,0.0075,0.90183,0,
0.0000,0.0075,0.90200,0,
0.0000,0.0075,0.90217,0,
0.0000,0.0075,0.90233,0,
0.0000,0.0075,0.90250,0,
0.0000,0.0075,0.90267,0,
0.0000,0.0075,0.90283,0,
0.0000,0.0075,0.90300,0,
0.0000,0.0075,0.90317,0,
0.0000,0.0075,0.90333,0,
0.0000,0.0075,0.90350,0,
0.0000,0.0075,0.90367,0,
0.0000,0.0075,0.90383,0,
0.0000,0.0075,0.90400,0,
0.0000,0.0075,0.90417,0,
0.0000,0.0075,0.90433,0,
0.0000,0.0075,0.90450,0,
0.0000,0.0075,0.90467,0,
0.0000,0.0075,0.90483,0,
0.0000,0.0075,0.90500,0,
0.0000,0.0075,0.90517,0,
0.0000,0.0075,0.90533,0,
0.0000,0.0075,0.90550,0,
0.0000,0.0075,0.90567,0,
0.0000,0.0075,0.90583,0,
0.0000,0.0075,0.90600,0,
0.0000,0.0075,0.90617,0,
0.0000,0.0075,0.90633,0,
0.0000,0.0075,0.90650,0,
0.0000,0.0075,0.90667,0,
0.0000,0.0075,0.90683,0,
0.0000,0.0075,0.90700,0,
0.0000,0.0075,0.90717,0,
0.0000,0.0075,0.90733,0,
0.0000,0.0075,0.90750,0,
0.0000,0.0075,0.90767,0,
0.0000,0.0075,0.90783,0,
0.0000,0.0075,0.90800,0,
0.0000,0.0075,0.90817,0,
0.0000,0.0075,0.90833,0,
0.0000,0.0075,0.90850,0,
0.0000,0.0075,0.90867,0,
0.0000,0.0075,0.90883,0,
0.0000,0.0075,0.90900,0,
0.0000,0.0075,0.90917,0,
0.0000,0.0075,0.90933,0,
0.0000,0.0075,0.90950,0,
0.0000,0.0075,0.90967,0,
0.0000,0.0075,0.90983,0,
0.0000,0.0075,0.91000,0,
0.0000,0.0075,0.91017,0,
0.0000,0.0075,0.91033,0,
0.0000,0.0075,0.91050,0,
0.0000,0.0075,0.91067,0,
0.0000,0.0075,0.91083,0,
0.0000,0.0075,0.91100,0,
0.0000,0.0075,0.91117,0,
0.0000,0.0075,0.91133,0,
0.0000,0.0075,0.91150,0,
0.0000,0.0075,0.91167,0,
0.0000,0.0075,0.91183,0,
0.0000,0.0075,0.91200,0,
0.0000,0.0075,0.91217,0,
0.0000,0.0075,0.91233,0,
0.0000,0.0075,0.91250,0,
0.0000,0.0075,0.91267,0,
0.0000,0.0075,0.91283,0,
0.0000,0.0075,0.91300,0,
0.0000,0.0075,0.91317,0,
0.0000,0.0075,0.91333,0,
0.0000,0.0075,0.91350,0,
0.0000,0.0075,0.91367,0,
0.0000,0.0075,0.91383,0,
0.0000,0.0075,0.91400,0,
0.0000,0.0075,0.91417,0,
0.0000,0.0075,0.91433,0,
0.0000,0.0075,0.91450,0,
0.0000,0.0075,0.91467,0,
0.0000,0.0075,0.91483,0,
0.0000,0.0075,0.91500,0,
0.0000,0.0075,0.91517,0,
0.0000,0.0075,0.91533,0,
0.0000,0.0075,0.91550,0,
0.0000,0.0075,0.91567,0,
0.0000,0.0075,0.91583,0,
0.0000,0.0075,0.91600,0,
0.0000,0.0075,0.91617,0,
0.0000,0.0075,0.91633,0,
0.0000,0.0075,0.91650,0,
0.0000,0.0075,0.91667,0,
0.0000,0.0075,0.91683,0,
0.0000,0.0075,0.91700,0,
0.0000,0.0075,0.91717,0,
0.0000,0.0075,0.91733,0,
0.0000,0.0075,0.91750,0,
0.0000,0.0075,0.91767,0,
0.0000,0.0075,0.91783,0,
0.0000,0.0075,0.91800,0,
0.0000,0.0075,0.91817,0,
0.0000,0.0075,0.91833,0,
0.0000,0.0075,0.91850,0,
0.0000,0.0075,0.91867,0,
0.0000,0.0075,0.91883,0,
0.0000,0.0075,0.91900,0,
0.0000,0.0075,0.91917,0,
0.0000,0.0075,0.91933,0,
0.0000,0.0075,0.91950,0,
0.0000,0.0075,0.91967,0,
0.0000,0.0075,0.91983,0,
0.0000,0.0075,0.92000,0,
0.0000,0.0075,0.92017,0,
0.0000,0.0075,0.92033,0,
0.0000,0.0075,0.92050,0,
0.0000,0.0075,0.92067,0,
0.0000,0.0075,0.92083,0,
0.0000,0.0075,0.92100,0,
0.0000,0.0075,0.92117,0,
0.0000,0.0075,0.92133,0,
0.0000,0.0075,0.92150,0,
0.0000,0.0075,0.92167,0,
0.0000,0.0075,0.92183,0,
0.0000,0.0075,0.92200,0,
0.0000,0.0075,0.92217,0,
0.0000,0.0075,0.92233,0,
0.0000,0.0075,0.92250,0,
0.0000,0.0075,0.92267,0,
0.0000,0.0075,0.92283,0,
0.0000,0.0075,0.92300,0,
0.0000,0.0075,0.92317,0,
0.0000,0.0075,0.92333,0,
0.0000,0.0075,0.92350,0,
0.0000,0.0075,0.92367,0,
0.0000,0.0075,0.92383,0,
0.0000,0.0075,0.92400,0,
0.0000,0.0075,0.92417,0,
0.0000,0.0075,0.92433,0,
0.0000,0.0075,0.92450,0,
0.0000,0.0075,0.92467,0,
0.0000,0.0075,0.92483,0,
0.0000,0.0075,0.92500,0,
0.0000,0.0075,0.92517,0,
0.0000,0.0075,0.92533,0,
0.0000,0.0075,0.92550,0,
0.0000,0.0075,0.92567,0,
0.0000,0.0075,0.92583,0,
0.0000,0.0075,0.92600,0,
0.0000,0.0075,0.92617,0,
0.0000,0.0075,0.92633,0,
0.0000,0.0075,0.92650,0,
0.0000,0.0075,0.92667,0,
0.0000,0.0075,0.92683,0,
0.0000,0.0075,0.92700,0,
0.0000,0.0075,0.92717,0,
0.0000,0.0075,0.92733,0,
0.0000,0.0075,0.92750,0,
0.0000,0.0075,0.92767,0,
0.0000,0.0075,0.92783,0,
0.0000,0.0075,0.92800,0,
0.0000,0.0075,0.92817,0,
0.0000,0.0075,0.92833,0,
0.0000,0.0075,0.92850,0,
0.0000,0.0075,0.92867,0,
0.0000,0.0075,0.92883,0,
0.0000,0.0075,0.92900,0,
0.0000,0.0075,0.92917,0,
0.0000,0.0075,0.92933,0,
0.0000,0.0075,0.92950,0,
0.0000,0.0075,0.92967,0,
0.0000,0.0075,0.92983,0,
0.0000,0.0075,0.93000,0,
0.0000,0.0075,0.93017,0,
0.0000,0.0075,0.93033,0,
0.0000,0.0075,0.93050,0,
0.0000,0.0075,0.93067,0,
0.0000,0.0075,0.93083,0,
0.0000,0.0075,0.93100,0,
0.0000,0.0075,0.93117,0,
0.0000,0.0075,0.93133,0,
0.0000,0.0075,0.93150,0,
0.0000,0.0075,0.93167,0,
0.0000,0.0075,0.93183,0,
0.0000,0.0075,0.93200,0,
0.0000,0.0075,0.93217,0,
0.0000,0.0075,0.93233,0,
0.0000,0.0075,0.93250,0,
0.0000,0.0075,0.93267,0,
0.0000,0.0075,0.93283,0,
0.0000,0.0075,0.93300,0,
0.0000,0.0075,0.93317,0,
0.0000,0.0075,0.93333,0,
0.0000,0.0075,0.93350,0,
0.0000,0.0075,0.93367,0,
0.0000,0.0075,0.93383,0,
0.0000,0.0075,0.93400,0,
0.0000,0.0075,0.93417,0,
0.0000,0.0075,0.93433,0,
0.0000,0.0075,0.93450,0,
0.0000,0.0075,0.93467,0,
0.0000,0.0075,0.93483,0,
0.0000,0.0075,0.93500,0,
0.0000,0.0075,0.93517,0,
0.0000,0.0075,0.93533,0,
0.0000,0.0075,0.93550,0,
0.0000,0.0075,0.93567,0,
0.0000,0.0075,0.93583,0,
0.0000,0.0075,0.93600,0,
0.0000,0.0075,0.93617,0,
0.0000,0.0075,0.93633,0,
0.0000,0.0075,0.93650,0,
0.0000,0.0075,0.93667,0,
0.0000,0.0075,0.93683,0,
0.0000,0.0075,0.93700,0,
0.0000,0.0075,0.93717,0,
0.0000,0.0075,0.93733,0,
0.0000,0.0075,0.93750,0,
0.0000,0.0075,0.93767,0,
0.0000,0.0075,0.93783,0,
0.0000,0.0075,0.93800,0,
0.0000,0.0075,0.93817,0,
0.0000,0.0075,0.93833,0,
0.0000,0.0075,0.93850,0,
0.0000,0.0075,0.93867,0,
0.0000,0.0075,0.93883,0,
0.0000,0.0075,0.93900,0,
0.0000,0.0075,0.93917,0,
0.0000,0.0075,0.93933,0,
0.0000,0.0075,0.93950,0,
0.0000,0.0075,0.93967,0,
0.0000,0.0075,0.93983,0,
0.0000,0.0075,0.94000,0,
0.0000,0.0075,0.94017,0,
0.0000,0.0075,0.94033,0,
0.0000,0.0075,0.94050,0,
0.0000,0.0075,0.94067,0,
0.0000,0.0075,0.94083,0,
0.0000,0.0075,0.94100,0,
0.0000,0.0075,0.94117,0,
0.0000,0.0075,0.94133,0,
0.0000,0.0075,0.94150,0,
0.0000,0.0075,0.94167,0,
0.0000,0.0075,0.94183,0,
0.0000,0.0075,0.94200,0,
0.0000,0.0075,0.94217,0,
0.0000,0.0075,0.94233,0,
0.0000,0.0075,0.94250,0,
0.0000,0.0075,0.94267,0,
0.0000,0.0075,0.94283,0,
0.0000,0.0075,0.94300,0,
0.0000,0.0075,0.94317,0,
0.0000,0.0075,0.94333,0,
0.0000,0.0075,0.94350,0,
0.0000,0.0075,0.94367,0,
0.0000,0.0075,0.94383,0,
0.0000,0.0075,0.94400,0,
0.0000,0.0075,0.94417,0,
0.0000,0.0075,0.94433,0,
0.0000,0.0075,0.94450,0,
0.0000,0.0075,0.94467,0,
0.0000,0.0075,0.94483,0,
0.0000,0.0075,0.94500,0,
0.0000,0.0075,0.94517,0,
0.0000,0.0075,0.94533,0,
0.0000,0.0075,0.94550,0,
0.0000,0.0075,0.94567,0,
0.0000,0.0075,0.94583,0,
0.0000,0.0075,0.94600,0,
0.0000,0.0075,0.94617,0,
0.0000,0.0075,0.94633,0,
0.0000,0.0075,0.94650,0,
0.0000,0.0075,0.94667,0,
0.0000,0.0075,0.94683,0,
0.0000,0.0075,0.94700,0,
0.0000,0.0075,0.94717,0,
0.0000,0.0075,0.94733,0,
0.0000,0.0075,0.94750,0,
0.0000,0.0075,0.94767,0,
0.0000,0.0075,0.94783,0,
0.0000,0.0075,0.94800,0,
0.0000,0.0075,0.94817,0,
0.0000,0.0075,0.94833,0,
0.0000,0.0075,0.94850,0,
0.0000,0.0075,0.94867,0,
0.0000,0.0075,0.94883,0,
0.0000,0.0075,0.94900,0,
0.0000,0.0075,0.94917,0,
0.0000,0.0075,0.94933,0,
0.0000,0.0075,0.94950,0,
0.0000,0.0075,0.94967,0,
0.0000,0.0075,0.94983,0,
0.0000,0.0075,0.95000,0,
0.0000,0.0075,0.95017,0,
0.0000,0.0075,0.95033,0,
0.0000,0.0075,0.95050,0,
0.0000,0.0075,0.95067,0,
0.0000,0.0075,0.95083,0,
0.0000,0.0075,0.95100,0,
0.0000,0.0075,0.95117,0,
0.0000,0.0075,0.95133,0,
0.0000,0.0075,0.95150,0,
0.0000,0.0075,0.95167,0,
0.0000,0.0075,0.95183,0,
0.0000,0.0075,0.95200,0,
0.0000,0.0075,0.95217,0,
0.0000,0.0075,0.95233,0,
0.0000,0.0075,0.95250,0,
0.0000,0.0075,0.95267,0,
0.0000,0.0075,0.95283,0,
0.0000,0.0075,0.95300,0,
0.0000,0.0075,0.95317,0,
0.0000,0.0075,0.95333,0,
0.0000,0.0075,0.95350,0,
0.0000,0.0075,0.95367,0,
0.0000,0.0075,0.95383,0,
0.0000,0.0075,0.95400,0,
0.0000,0.0075,0.95417,0,
0.0000,0.0075,0.95433,0,
0.0000,0.0075,0.95450,0,
0.0000,0.0075,0.95467,0,
0.0000,0.0075,0.95483,0,
0.0000,0.0075,0.95500,0,
0.0000,0.0075,0.95517,0,
0.0000,0.0075,0.95533,0,
0.0000,0.0075,0.95550,0,
0.0000,0.0075,0.95567,0,
0.0000,0.0075,0.95583,0,
0.0000,0.0075,0.95600,0,
0.0000,0.0075,0.95617,0,
0.0000,0.0075,0.95633,0,
0.0000,0.0075,0.95650,0,
0.0000,0.0075,0.95667,0,
0.0000,0.0075,0.95683,0,
0.0000,0.0075,0.95700,0,
0.0000,0.0075,0.95717,0,
0.0000,0.0075,0.95733,0,
0.0000,0.0075,0.95750,0,
0.0000,0.0075,0.95767,0,
0.0000,0.0075,0.95783,0,
0.0000,0.0075,0.95800,0,
0.0000,0.0075,0.95817,0,
0.0000,0.0075,0.95833,0,
0.0000,0.0075,0.95850,0,
0.0000,0.0075,0.95867,0,
0.0000,0.0075,0.95883,0,
0.0000,0.0075,0.95900,0,
0.0000,0.0075,0.95917,0,
0.0000,0.0075,0.95933,0,
0.0000,0.0075,0.95950,0,
0.0000,0.0075,0.95967,0,
0.0000,0.0075,0.95983,0,
0.0000,0.0075,0.96000,0,
0.0000,0.0075,0.96017,0,
0.0000,0.0075,0.96033,0,
0.0000,0.0075,0.96050,0,
0.0000,0.0075,0.96067,0,
0.0000,0.0075,0.96083,0,
0.0000,0.0075,0.96100,0,
0.0000,0.0075,0.96117,0,
0.0000,0.0075,0.96133,0,
0.0000,0.0075,0.96150,0,
0.0000,0.0075,0.96167,0,
0.0000,0.0075,0.96183,0,
0.0000,0.0075,0.96200,0,
0.0000,0.0075,0.96217,0,
0.0000,0.0075,0.96233,0,
0.0000,0.0075,0.96250,0,
0.0000,0.0075,0.96267,0,
0.0000,0.0075,0.96283,0,
0.0000,0.0075,0.96300,0,
0.0000,0.0075,0.96317,0,
0.0000,0.0075,0.96333,0,
0.0000,0.0075,0.96350,0,
0.0000,0.0075,0.96367,0,
0.0000,0.0075,0.96383,0,
0.0000,0.0075,0.96400,0,
0.0000,0.0075,0.96417,0,
0.0000,0.0075,0.96433,0,
0.0000,0.0075,0.96450,0,
0.0000,0.0075,0.96467,0,
0.0000,0.0075,0.96483,0,
0.0000,0.0075,0.96500,0,
0.0000,0.0075,0.96517,0,
0.0000,0.0075,0.96533,0,
0.0000,0.0075,0.96550,0,
0.0000,0.0075,0.96567,0,
0.0000,0.0075,0.96583,0,
0.0000,0.0075,0.96600,0,
0.0000,0.0075,0.96617,0,
0.0000,0.0075,0.96633,0,
0.0000,0.0075,0.96650,0,
0.0000,0.0075,0.96667,0,
0.0000,0.0075,0.96683,0,
0.0000,0.0075,0.96700,0,
0.0000,0.0075,0.96717,0,
0.0000,0.0075,0.96733,0,
0.0000,0.0075,0.96750,0,
0.0000,0.0075,0.96767,0,
0.0000,0.0075,0.96783,0,
0.0000,0.0075,0.96800,0,
0.0000,0.0075,0.96817,0,
0.0000,0.0075,0.96833,0,
0.0000,0.0075,0.96850,0,
0.0000,0.0075,0.96867,0,
0.0000,0.0075,0.96883,0,
0.0000,0.0075,0.96900,0,
0.0000,0.0075,0.96917,0,
0.0000,0.0075,0.96933,0,
0.0000,0.0075,0.96950,0,
0.0000,0.0075,0.96967,0,
0.0000,0.0075,0.96983,0,
0.0000,0.0075,0.97000,0,
0.0000,0.0075,0.97017,0,
0.0000,0.0075,0.97033,0,
0.0000,0.0075,0.97050,0,
0.0000,0.0075,0.97067,0,
0.0000,0.0075,0.97083,0,
0.0000,0.0075,0.97100,0,
0.0000,0.0075,0.97117,0,
0.0000,0.0075,0.97133,0,
0.0000,0.0075,0.97150,0,
0.0000,0.0075,0.97167,0,
0.0000,0.0075,0.97183,0,
0.0000,0.0075,0.97200,0,
0.0000,0.0075,0.97217,0,
0.0000,0.0075,0.97233,0,
0.0000,0.0075,0.97250,0,
0.0000,0.0075,0.97267,0,
0.0000,0.0075,0.97283,0,
0.0000,0.0075,0.97300,0,
0.0000,0.0075,0.97317,0,
0.0000,0.0075,0.97333,0,
0.0000,0.0075,0.97350,0,
0.0000,0.0075,0.97367,0,
0.0000,0.0075,0.97383,0,
0.0000,0.0075,0.97400,0,
0.0000,0.0075,0.97417,0,
0.0000,0.0075,0.97433,0,
0.0000,0.0075,0.97450,0,
0.0000,0.0075,0.97467,0,
0.0000,0.0075,0.97483,0,
0.0000,0.0075,0.97500,0,
0.0000,0.0075,0.97517,0,
0.0000,0.0075,0.97533,0,
0.0000,0.0075,0.97550,0,
0.0000,0.0075,0.97567,0,
0.0000,0.0075,0.97583,0,
0.0000,0.0075,0.97600,0,
0.0000,0.0075,0.97617,0,
0.0000,0.0075,0.97633,0,
0.0000,0.0075,0.97650,0,
0.0000,0.0075,0.97667,0,
0.0000,0.0075,0.97683,0,
0.0000,0.0075,0.97700,0,
0.0000,0.0075,0.97717,0,
0.0000,0.0075,0.97733,0,
0.0000,0.0075,0.97750,0,
0.0000,0.0075,0.97767,0,
0.0000,0.0075,0.97783,0,
0.0000,0.0075,0.97800,0,
0.0000,0.0075,0.97817,0,
0.0000,0.0075,0.97833,0,
0.0000,0.0075,0.97850,0,
0.0000,0.0075,0.97867,0,
0.0000,0.0075,0.97883,0,
0.0000,0.0075,0.97900,0,
0.0000,0.0075,0.97917,0,
0.0000,0.0075,0.97933,0,
0.0000,0.0075,0.97950,0,
0.0000,0.0075,0.97967,0,
0.0000,0.0075,0.97983,0,
0.0000,0.0075,0.98000,0,
0.0000,0.0075,0.98017,0,
0.0000,0.0075,0.98033,0,
0.0000,0.0075,0.98050,0,
0.0000,0.0075,0.98067,0,
0.0000,0.0075,0.98083,0,
0.0000,0.0075,0.98100,0,
0.0000,0.0075,0.98117,0,
0.0000,0.0075,0.98133,0,
0.0000,0.0075,0.98150,0,
0.0000,0.0075,0.98167,0,
0.0000,0.0075,0.98183,0,
0.0000,0.0075,0.98200,0,
0.0000,0.0075,0.98217,0,
0.0000,0.0075,0.98233,0,
0.0000,0.0075,0.98250,0,
0.0000,0.0075,0.98267,0,
0.0000,0.0075,0.98283,0,
0.0000,0.0075,0.98300,0,
0.0000,0.0075,0.98317,0,
0.0000,0.0075,0.98333,0,
0.0000,0.0075,0.98350,0,
0.0000,0.0075,0.98367,0,
0.0000,0.0075,0.98383,0,
0.0000,0.0075,0.98400,0,
0.0000,0.0075,0.98417,0,
0.0000,0.0075,0.98433,0,
0.0000,0.0075,0.98450,0,
0.0000,0.0075,0.98467,0,
0.0000,0.0075,0.98483,0,
0.0000,0.0075,0.98500,0,
0.0000,0.0075,0.98517,0,
0.0000,0.0075,0.98533,0,
0.0000,0.0075,0.98550,0,
0.0000,0.0075,0.98567,0,
0.0000,0.0075,0.98583,0,
0.0000,0.0075,0.98600,0,
0.0000,0.0075,0.98617,0,
0.0000,0.0075,0.98633,0,
0.0000,0.0075,0.98650,0,
0.0000,0.0075,0.98667,0,
0.0000,0.0075,0.98683,0,
0.0000,0.0075,0.98700,0,
0.0000,0.0075,0.98717,0,
0.0000,0.0075,0.98733,0,
0.0000,0.0075,0.98750,0,
0.0000,0.0075,0.98767,0,
0.0000,0.0075,0.98783,0,
0.0000,0.0075,0.98800,0,
0.0000,0.0075,0.98817,0,
0.0000,0.0075,0.98833,0,
0.0000,0.0075,0.98850,0,
0.0000,0.0075,0.98867,0,
0.0000,0.0075,0.98883,0,
0.0000,0.0075,0.98900,0,
0.0000,0.0075,0.98917,0,
0.0000,0.0075,0.98933,0,
0.0000,0.0075,0.98950,0,
0.0000,0.0075,0.98967,0,
0.0000,0.0075,0.98983,0,
0.0000,0.0075,0.99000,0,
0.0000,0.0075,0.99017,0,
0.0000,0.0075,0.99033,0,
0.0000,0.0075,0.99050,0,
0.0000,0.0075,0.99067,0,
0.0000,0.0075,0.99083,0,
0.0000,0.0075,0.99100,0,
0.0000,0.0075,0.99117,0,
0.0000,0.0075,0.99133,0,
0.0000,0.0075,0.99150,0,
0.0000,0.0075,0.99167,0,
0.0000,0.0075,0.99183,0,
0.0000,0.0075,0.99200,0,
0.0000,0.0075,0.99217,0,
0.0000,0.0075,0.99233,0,
0.0000,0.0075,0.99250,0,
0.0000,0.0075,0.99267,0,
0.0000,0.0075,0.99283,0,
0.0000,0.0075,0.99300,0,
0.0000,0.0075,0.99317,0,
0.0000,0.0075,0.99333,0,
0.0000,0.0075,0.99350,0,
0.0000,0.0075,0.99367,0,
0.0000,0.0075,0.99383,0,
0.0000,0.0075,0.99400,0,
0.0000,0.0075,0.99417,0,
0.0000,0.0075,0.99433,0,
0.0000,0.0075,0.99450,0,
0.0000,0.0075,0.99467,0,
0.0000,0.0075,0.99483,0,
0.0000,0.0075,0.99500,0,
0.0000,0.0075,0.99517,0,
0.0000,0.0075,0.99533,0,
0.0000,0.0075,0.99550,0,
0.0000,0.0075,0.99567,0,
0.0000,0.0075,0.99583,0,
0.0000,0.0075,0.99600,0,
0.0000,0.0075,0.99617,0,
0.0000,0.0075,0.99633,0,
0.0000,0.0075,0.99650,0,
0.0000,0.0075,0.99667,0,
0.0000,0.0075,0.99683,0,
0.0000,0.0075,0.99700,0,
0.0000,0.0075,0.99717,0,
0.0000,0.0075,0.99733,0,
0.0000,0.0075,0.99750,0,
0.0000,0.0075,0.99767,0,
0.0000,0.0075,0.99783,0,
0.0000,0.0075,0.99800,0,
0.0000,0.0075,0.99817,0,
0.0000,0.0075,0.99833,0,
0.0000,0.0075,0.99850,0,
0.0000,0.0075,0.99867,0,
0.0000,0.0075,0.99883,0,
0.0000,0.0075,0.99900,0,
0.0000,0.0075,0.99917,0,
0.0000,0.0075,0.99933,0,
0.0000,0.0075,0.99950,0,
0.0000,0.0075,0.99967,0,
0.0000,0.0075,0.99983,0,
0.0000,0.0075,1.00000,0,
0.0000,0.0075,1.00017,0,
0.0000,0.0075,1.00033,0,
0.0000,0.0075,1.00050,0,
0.0000,0.0075,1.00067,0,
0.0000,0.0075,1.00083,0,
0.0000,0.0075,1.00100,0,
0.0000,0.0075,1.00117,0,
0.0000,0.0075,1.00133,0,
0.0000,0.0075,1.00150,0,
0.0000,0.0075,1.00167,0,
0.0000,0.0075,1.00183,0,
0.0000,0.0075,1.00200,0,
0.0000,0.0075,1.00217,0,
0.0000,0.0075,1.00233,0,
0.0000,0.0075,1.00250,0,
0.0000,0.0075,1.00267,0,
0.0000,0.0075,1.00283,0,
0.0000,0.0075,1.00300,0,
0.0000,0.0075,1.00317,0,
0.0000,0.0075,1.00333,0,
0.0000,0.0075,1.00350,0,
0.0000,0.0075,1.00367,0,
0.0000,0.0075,1.00383,0,
0.0000,0.0075,1.00400,0,
0.0000,0.0075,1.00417,0,
0.0000,0.0075,1.00433,0,
0.0000,0.0075,1.00450,0,
0.0000,0.0075,1.00467,0,
0.0000,0.0075,1.00483,0,
0.0000,0.0075,1.00500,0,
0.0000,0.0075,1.00517,0,
0.0000,0.0075,1.00533,0,
0.0000,0.0075,1.00550,0,
0.0000,0.0075,1.00567,0,
0.0000,0.0075,1.00583,0,
0.0000,0.0075,1.00600,0,
0.0000,0.0075,1.00617,0,
0.0000,0.0075,1.00633,0,
0.0000,0.0075,1.00650,0,
0.0000,0.0075,1.00667,0,
0.0000,0.0075,1.00683,0,
0.0000,0.0075,1.00700,0,
0.0000,0.0075,1.00717,0,
0.0000,0.0075,1.00733,0,
0.0000,0.0075,1.00750,0,
0.0000,0.0075,1.00767,0,
0.0000,0.0075,1.00783,0,
0.0000,0.0075,1.00800,0,
0.0000,0.0075,1.00817,0,
0.0000,0.0075,1.00833,0,
0.0000,0.0075,1.00850,0,
0.0000,0.0075,1.00867,0,
0.0000,0.0075,1.00883,0,
0.0000,0.0075,1.00900,0,
0.0000,0.0075,1.00917,0,
0.0000,0.0075,1.00933,0,
0.0000,0.0075,1.00950,0,
0.0000,0.0075,1.00967,0,
0.0000,0.0075,1.00983,0,
0.0000,0.0075,1.01000,0,
0.0000,0.0075,1.01017,0,
0.0000,0.0075,1.01033,0,
0.0000,0.0075,1.01050,0,
0.0000,0.0075,1.01067,0,
0.0000,0.0075,1.01083,0,
0.0000,0.0075,1.01100,0,
0.0000,0.0075,1.01117,0,
0.0000,0.0075,1.01133,0,
0.0000,0.0075,1.01150,0,
0.0000,0.0075,1.01167,0,
0.0000,0.0075,1.01183,0,
0.0000,0.0075,1.01200,0,
0.0000,0.0075,1.01217,0,
0.0000,0.0075,1.01233,0,
0.0000,0.0075,1.01250,0,
0.0000,0.0075,1.01267,0,
0.0000,0.0075,1.01283,0,
0.0000,0.0075,1.01300,0,
0.0000,0.0075,1.01317,0,
0.0000,0.0075,1.01333,0,
0.0000,0.0075,1.01350,0,
0.0000,0.0075,1.01367,0,
0.0000,0.0075,1.01383,0,
0.0000,0.0075,1.01400,0,
0.0000,0.0075,1.01417,0,
0.0000,0.0075,1.01433,0,
0.0000,0.0075,1.01450,0,
0.0000,0.0075,1.01467,0,
0.0000,0.0075,1.01483,0,
0.0000,0.0075,1.01500,0,
0.0000,0.0075,1.01517,0,
0.0000,0.0075,1.01533,0,
0.0000,0.0075,1.01550,0,
0.0000,0.0075,1.01567,0,
0.0000,0.0075,1.01583,0,
0.0000,0.0075,1.01600,0,
0.0000,0.0075,1.01617,0,
0.0000,0.0075,1.01633,0,
0.0000,0.0075,1.01650,0,
0.0000,0.0075,1.01667,0,
0.0000,0.0075,1.01683,0,
0.0000,0.0075,1.01700,0,
0.0000,0.0075,1.01717,0,
0.0000,0.0075,1.01733,0,
0.0000,0.0075,1.01750,0,
0.0000,0.0075,1.01767,0,
0.0000,0.0075,1.01783,0,
0.0000,0.0075,1.01800,0,
0.0000,0.0075,1.01817,0,
0.0000,0.0075,1.01833,0,
0.0000,0.0075,1.01850,0,
0.0000,0.0075,1.01867,0,
0.0000,0.0075,1.01883,0,
0.0000,0.0075,1.01900,0,
0.0000,0.0075,1.01917,0,
0.0000,0.0075,1.01933,0,
0.0000,0.0075,1.01950,0,
0.0000,0.0075,1.01967,0,
0.0000,0.0075,1.01983,0,
0.0000,0.0075,1.02000,0,
0.0000,0.0075,1.02017,0,
0.0000,0.0075,1.02033,0,
0.0000,0.0075,1.02050,0,
0.0000,0.0075,1.02067,0,
0.0000,0.0075,1.02083,0,
0.0000,0.0075,1.02100,0,
0.0000,0.0075,1.02117,0,
0.0000,0.0075,1.02133,0,
0.0000,0.0075,1.02150,0,
0.0000,0.0075,1.02167,0,
0.0000,0.0075,1.02183,0,
0.0000,0.0075,1.02200,0,
0.0000,0.0075,1.02217,0,
0.0000,0.0075,1.02233,0,
0.0000,0.0075,1.02250,0,
0.0000,0.0075,1.02267,0,
0.0000,0.0075,1.02283,0,
0.0000,0.0075,1.02300,0,
0.0000,0.0075,1.02317,0,
0.0000,0.0075,1.02333,0,
0.0000,0.0075,1.02350,0,
0.0000,0.0075,1.02367,0,
0.0000,0.0075,1.02383,0,
0.0000,0.0075,1.02400,0,
0.0000,0.0075,1.02417,0,
0.0000,0.0075,1.02433,0,
0.0000,0.0075,1.02450,0,
0.0000,0.0075,1.02467,0,
0.0000,0.0075,1.02483,0,
0.0000,0.0075,1.02500,0,
0.0000,0.0075,1.02517,0,
0.0000,0.0075,1.02533,0,
0.0000,0.0075,1.02550,0,
0.0000,0.0075,1.02567,0,
0.0000,0.0075,1.02583,0,
0.0000,0.0075,1.02600,0,
0.0000,0.0075,1.02617,0,
0.0000,0.0075,1.02633,0,
0.0000,0.0075,1.02650,0,
0.0000,0.0075,1.02667,0,
0.0000,0.0075,1.02683,0,
0.0000,0.0075,1.02700,0,
0.0000,0.0075,1.02717,0,
0.0000,0.0075,1.02733,0,
0.0000,0.0075,1.02750,0,
0.0000,0.0075,1.02767,0,
0.0000,0.0075,1.02783,0,
0.0000,0.0075,1.02800,0,
0.0000,0.0075,1.02817,0,
0.0000,0.0075,1.02833,0,
0.0000,0.0075,1.02850,0,
0.0000,0.0075,1.02867,0,
0.0000,0.0075,1.02883,0,
0.0000,0.0075,1.02900,0,
0.0000,0.0075,1.02917,0,
0.0000,0.0075,1.02933,0,
0.0000,0.0075,1.02950,0,
0.0000,0.0075,1.02967,0,
0.0000,0.0075,1.02983,0,
0.0000,0.0075,1.03000,0,
0.0000,0.0075,1.03017,0,
0.0000,0.0075,1.03033,0,
0.0000,0.0075,1.03050,0,
0.0000,0.0075,1.03067,0,
0.0000,0.0075,1.03083,0,
0.0000,0.0075,1.03100,0,
0.0000,0.0075,1.03117,0,
0.0000,0.0075,1.03133,0,
0.0000,0.0075,1.03150,0,
0.0000,0.0075,1.03167,0,
0.0000,0.0075,1.03183,0,
0.0000,0.0075,1.03200,0,
0.0000,0.0075,1.03217,0,
0.0000,0.0075,1.03233,0,
0.0000,0.0075,1.03250,0,
0.0000,0.0075,1.03267,0,
0.0000,0.0075,1.03283,0,
0.0000,0.0075,1.03300,0,
0.0000,0.0075,1.03317,0,
0.0000,0.0075,1.03333,0,
0.0000,0.0075,1.03350,0,
0.0000,0.0075,1.03367,0,
0.0000,0.0075,1.03383,0,
0.0000,0.0075,1.03400,0,
0.0000,0.0075,1.03417,0,
0.0000,0.0075,1.03433,0,
0.0000,0.0075,1.03450,0,
0.0000,0.0075,1.03467,0,
0.0000,0.0075,1.03483,0,
0.0000,0.0075,1.03500,0,
0.0000,0.0075,1.03517,0,
0.0000,0.0075,1.03533,0,
0.0000,0.0075,1.03550,0,
0.0000,0.0075,1.03567,0,
0.0000,0.0075,1.03583,0,
0.0000,0.0075,1.03600,0,
0.0000,0.0075,1.03617,0,
0.0000,0.0075,1.03633,0,
0.0000,0.0075,1.03650,0,
0.0000,0.0075,1.03667,0,
0.0000,0.0075,1.03683,0,
0.0000,0.0075,1.03700,0,
0.0000,0.0075,1.03717,0,
0.0000,0.0075,1.03733,0,
0.0000,0.0075,1.03750,0,
0.0000,0.0075,1.03767,0,
0.0000,0.0075,1.03783,0,
0.0000,0.0075,1.03800,0,
0.0000,0.0075,1.03817,0,
0.0000,0.0075,1.03833,0,
0.0000,0.0075,1.03850,0,
0.0000,0.0075,1.03867,0,
0.0000,0.0075,1.03883,0,
0.0000,0.0075,1.03900,0,
0.0000,0.0075,1.03917,0,
0.0000,0.0075,1.03933,0,
0.0000,0.0075,1.03950,0,
0.0000,0.0075,1.03967,0,
0.0000,0.0075,1.03983,0,
0.0000,0.0075,1.04000,0,
0.0000,0.0075,1.04017,0,
0.0000,0.0075,1.04033,0,
0.0000,0.0075,1.04050,0,
0.0000,0.0075,1.04067,0,
0.0000,0.0075,1.04083,0,
0.0000,0.0075,1.04100,0,
0.0000,0.0075,1.04117,0,
0.0000,0.0075,1.04133,0,
0.0000,0.0075,1.04150,0,
0.0000,0.0075,1.04167,0,
0.0000,0.0075,1.04183,0,
0.0000,0.0075,1.04200,0,
0.0000,0.0075,1.04217,0,
0.0000,0.0075,1.04233,0,
0.0000,0.0075,1.04250,0,
0.0000,0.0075,1.04267,0,
0.0000,0.0075,1.04283,0,
0.0000,0.0075,1.04300,0,
0.0000,0.0075,1.04317,0,
0.0000,0.0075,1.04333,0,
0.0000,0.0075,1.04350,0,
0.0000,0.0075,1.04367,0,
0.0000,0.0075,1.04383,0,
0.0000,0.0075,1.04400,0,
0.0000,0.0075,1.04417,0,
0.0000,0.0075,1.04433,0,
0.0000,0.0075,1.04450,0,
0.0000,0.0075,1.04467,0,
0.0000,0.0075,1.04483,0,
0.0000,0.0075,1.04500,0,
0.0000,0.0075,1.04517,0,
0.0000,0.0075,1.04533,0,
0.0000,0.0075,1.04550,0,
0.0000,0.0075,1.04567,0,
0.0000,0.0075,1.04583,0,
0.0000,0.0075,1.04600,0,
0.0000,0.0075,1.04617,0,
0.0000,0.0075,1.04633,0,
0.0000,0.0075,1.04650,0,
0.0000,0.0075,1.04667,0,
0.0000,0.0075,1.04683,0,
0.0000,0.0075,1.04700,0,
0.0000,0.0075,1.04717,0,
0.0000,0.0075,1.04733,0,
0.0000,0.0075,1.04750,0,
0.0000,0.0075,1.04767,0,
0.0000,0.0075,1.04783,0,
0.0000,0.0075,1.04800,0,
0.0000,0.0075,1.04817,0,
0.0000,0.0075,1.04833,0,
0.0000,0.0075,1.04850,0,
0.0000,0.0075,1.04867,0,
0.0000,0.0075,1.04883,0,
0.0000,0.0075,1.04900,0,
0.0000,0.0075,1.04917,0,
0.0000,0.0075,1.04933,0,
0.0000,0.0075,1.04950,0,
0.0000,0.0075,1.04967,0,
0.0000,0.0075,1.04983,0,
0.0000,0.0075,1.05000,0,
0.0000,0.0075,1.05017,0,
0.0000,0.0075,1.05033,0,
0.0000,0.0075,1.05050,0,
0.0000,0.0075,1.05067,0,
0.0000,0.0075,1.05083,0,
0.0000,0.0075,1.05100,0,
0.0000,0.0075,1.05117,0,
0.0000,0.0075,1.05133,0,
0.0000,0.0075,1.05150,0,
0.0000,0.0075,1.05167,0,
0.0000,0.0075,1.05183,0,
0.0000,0.0075,1.05200,0,
0.0000,0.0075,1.05217,0,
0.0000,0.0075,1.05233,0,
0.0000,0.0075,1.05250,0,
0.0000,0.0075,1.05267,0,
0.0000,0.0075,1.05283,0,
0.0000,0.0075,1.05300,0,
0.0000,0.0075,1.05317,0,
0.0000,0.0075,1.05333,0,
0.0000,0.0075,1.05350,0,
0.0000,0.0075,1.05367,0,
0.0000,0.0075,1.05383,0,
0.0000,0.0075,1.05400,0,
0.0000,0.0075,1.05417,0,
0.0000,0.0075,1.05433,0,
0.0000,0.0075,1.05450,0,
0.0000,0.0075,1.05467,0,
0.0000,0.0075,1.05483,0,
0.0000,0.0075,1.05500,0,
0.0000,0.0075,1.05517,0,
0.0000,0.0075,1.05533,0,
0.0000,0.0075,1.05550,0,
0.0000,0.0075,1.05567,0,
0.0000,0.0075,1.05583,0,
0.0000,0.0075,1.05600,0,
0.0000,0.0075,1.05617,0,
0.0000,0.0075,1.05633,0,
0.0000,0.0075,1.05650,0,
0.0000,0.0075,1.05667,0,
0.0000,0.0075,1.05683,0,
0.0000,0.0075,1.05700,0,
0.0000,0.0075,1.05717,0,
0.0000,0.0075,1.05733,0,
0.0000,0.0075,1.05750,0,
0.0000,0.0075,1.05767,0,
0.0000,0.0075,1.05783,0,
0.0000,0.0075,1.05800,0,
0.0000,0.0075,1.05817,0,
0.0000,0.0075,1.05833,0,
0.0000,0.0075,1.05850,0,
0.0000,0.0075,1.05867,0,
0.0000,0.0075,1.05883,0,
0.0000,0.0075,1.05900,0,
0.0000,0.0075,1.05917,0,
0.0000,0.0075,1.05933,0,
0.0000,0.0075,1.05950,0,
0.0000,0.0075,1.05967,0,
0.0000,0.0075,1.05983,0,
0.0000,0.0075,1.06000,0,
0.0000,0.0075,1.06017,0,
0.0000,0.0075,1.06033,0,
0.0000,0.0075,1.06050,0,
0.0000,0.0075,1.06067,0,
0.0000,0.0075,1.06083,0,
0.0000,0.0075,1.06100,0,
0.0000,0.0075,1.06117,0,
0.0000,0.0075,1.06133,0,
0.0000,0.0075,1.06150,0,
0.0000,0.0075,1.06167,0,
0.0000,0.0075,1.06183,0,
0.0000,0.0075,1.06200,0,
0.0000,0.0075,1.06217,0,
0.0000,0.0075,1.06233,0,
0.0000,0.0075,1.06250,0,
0.0000,0.0075,1.06267,0,
0.0000,0.0075,1.06283,0,
0.0000,0.0075,1.06300,0,
0.0000,0.0075,1.06317,0,
0.0000,0.0075,1.06333,0,
0.0000,0.0075,1.06350,0,
0.0000,0.0075,1.06367,0,
0.0000,0.0075,1.06383,0,
0.0000,0.0075,1.06400,0,
0.0000,0.0075,1.06417,0,
0.0000,0.0075,1.06433,0,
0.0000,0.0075,1.06450,0,
0.0000,0.0075,1.06467,0,
0.0000,0.0075,1.06483,0,
0.0000,0.0075,1.06500,0,
0.0000,0.0075,1.06517,0,
0.0000,0.0075,1.06533,0,
0.0000,0.0075,1.06550,0,
0.0000,0.0075,1.06567,0,
0.0000,0.0075,1.06583,0,
0.0000,0.0075,1.06600,0,
0.0000,0.0075,1.06617,0,
0.0000,0.0075,1.06633,0,
0.0000,0.0075,1.06650,0,
0.0000,0.0075,1.06667,0,
0.0000,0.0075,1.06683,0,
0.0000,0.0075,1.06700,0,
0.0000,0.0075,1.06717,0,
0.0000,0.0075,1.06733,0,
0.0000,0.0075,1.06750,0,
0.0000,0.0075,1.06767,0,
0.0000,0.0075,1.06783,0,
0.0000,0.0075,1.06800,0,
0.0000,0.0075,1.06817,0,
0.0000,0.0075,1.06833,0,
0.0000,0.0075,1.06850,0,
0.0000,0.0075,1.06867,0,
0.0000,0.0075,1.06883,0,
0.0000,0.0075,1.06900,0,
0.0000,0.0075,1.06917,0,
0.0000,0.0075,1.06933,0,
0.0000,0.0075,1.06950,0,
0.0000,0.0075,1.06967,0,
0.0000,0.0075,1.06983,0,
0.0000,0.0075,1.07000,0,
0.0000,0.0075,1.07017,0,
0.0000,0.0075,1.07033,0,
0.0000,0.0075,1.07050,0,
0.0000,0.0075,1.07067,0,
0.0000,0.0075,1.07083,0,
0.0000,0.0075,1.07100,0,
0.0000,0.0075,1.07117,0,
0.0000,0.0075,1.07133,0,
0.0000,0.0075,1.07150,0,
0.0000,0.0075,1.07167,0,
0.0000,0.0075,1.07183,0,
0.0000,0.0075,1.07200,0,
0.0000,0.0075,1.07217,0,
0.0000,0.0075,1.07233,0,
0.0000,0.0075,1.07250,0,
0.0000,0.0075,1.07267,0,
0.0000,0.0075,1.07283,0,
0.0000,0.0075,1.07300,0,
0.0000,0.0075,1.07317,0,
0.0000,0.0075,1.07333,0,
0.0000,0.0075,1.07350,0,
0.0000,0.0075,1.07367,0,
0.0000,0.0075,1.07383,0,
0.0000,0.0075,1.07400,0,
0.0000,0.0075,1.07417,0,
0.0000,0.0075,1.07433,0,
0.0000,0.0075,1.07450,0,
0.0000,0.0075,1.07467,0,
0.0000,0.0075,1.07483,0,
0.0000,0.0075,1.07500,0,
0.0000,0.0075,1.07517,0,
0.0000,0.0075,1.07533,0,
0.0000,0.0075,1.07550,0,
0.0000,0.0075,1.07567,0,
0.0000,0.0075,1.07583,0,
0.0000,0.0075,1.07600,0,
0.0000,0.0075,1.07617,0,
0.0000,0.0075,1.07633,0,
0.0000,0.0075,1.07650,0,
0.0000,0.0075,1.07667,0,
0.0000,0.0075,1.07683,0,
0.0000,0.0075,1.07700,0,
0.0000,0.0075,1.07717,0,
0.0000,0.0075,1.07733,0,
0.0000,0.0075,1.07750,0,
0.0000,0.0075,1.07767,0,
0.0000,0.0075,1.07783,0,
0.0000,0.0075,1.07800,0,
0.0000,0.0075,1.07817,0,
0.0000,0.0075,1.07833,0,
0.0000,0.0075,1.07850,0,
0.0000,0.0075,1.07867,0,
0.0000,0.0075,1.07883,0,
0.0000,0.0075,1.07900,0,
0.0000,0.0075,1.07917,0,
0.0000,0.0075,1.07933,0,
0.0000,0.0075,1.07950,0,
0.0000,0.0075,1.07967,0,
0.0000,0.0075,1.07983,0,
0.0000,0.0075,1.08000,0,
0.0000,0.0075,1.08017,0,
0.0000,0.0075,1.08033,0,
0.0000,0.0075,1.08050,0,
0.0000,0.0075,1.08067,0,
0.0000,0.0075,1.08083,0,
0.0000,0.0075,1.08100,0,
0.0000,0.0075,1.08117,0,
0.0000,0.0075,1.08133,0,
0.0000,0.0075,1.08150,0,
0.0000,0.0075,1.08167,0,
0.0000,0.0075,1.08183,0,
0.0000,0.0075,1.08200,0,
0.0000,0.0075,1.08217,0,
0.0000,0.0075,1.08233,0,
0.0000,0.0075,1.08250,0,
0.0000,0.0075,1.08267,0,
0.0000,0.0075,1.08283,0,
0.0000,0.0075,1.08300,0,
0.0000,0.0075,1.08317,0,
0.0000,0.0075,1.08333,0,
0.0000,0.0075,1.08350,0,
0.0000,0.0075,1.08367,0,
0.0000,0.0075,1.08383,0,
0.0000,0.0075,1.08400,0,
0.0000,0.0075,1.08417,0,
0.0000,0.0075,1.08433,0,
0.0000,0.0075,1.08450,0,
0.0000,0.0075,1.08467,0,
0.0000,0.0075,1.08483,0,
0.0000,0.0075,1.08500,0,
0.0000,0.0075,1.08517,0,
0.0000,0.0075,1.08533,0,
0.0000,0.0075,1.08550,0,
0.0000,0.0075,1.08567,0,
0.0000,0.0075,1.08583,0,
0.0000,0.0075,1.08600,0,
0.0000,0.0075,1.08617,0,
0.0000,0.0075,1.08633,0,
0.0000,0.0075,1.08650,0,
0.0000,0.0075,1.08667,0,
0.0000,0.0075,1.08683,0,
0.0000,0.0075,1.08700,0,
0.0000,0.0075,1.08717,0,
0.0000,0.0075,1.08733,0,
0.0000,0.0075,1.08750,0,
0.0000,0.0075,1.08767,0,
0.0000,0.0075,1.08783,0,
0.0000,0.0075,1.08800,0,
0.0000,0.0075,1.08817,0,
0.0000,0.0075,1.08833,0,
0.0000,0.0075,1.08850,0,
0.0000,0.0075,1.08867,0,
0.0000,0.0075,1.08883,0,
0.0000,0.0075,1.08900,0,
0.0000,0.0075,1.08917,0,
0.0000,0.0075,1.08933,0,
0.0000,0.0075,1.08950,0,
0.0000,0.0075,1.08967,0,
0.0000,0.0075,1.08983,0,
0.0000,0.0075,1.09000,0,
0.0000,0.0075,1.09017,0,
0.0000,0.0075,1.09033,0,
0.0000,0.0075,1.09050,0,
0.0000,0.0075,1.09067,0,
0.0000,0.0075,1.09083,0,
0.0000,0.0075,1.09100,0,
0.0000,0.0075,1.09117,0,
0.0000,0.0075,1.09133,0,
0.0000,0.0075,1.09150,0,
0.0000,0.0075,1.09167,0,
0.0000,0.0075,1.09183,0,
0.0000,0.0075,1.09200,0,
0.0000,0.0075,1.09217,0,
0.0000,0.0075,1.09233,0,
0.0000,0.0075,1.09250,0,
0.0000,0.0075,1.09267,0,
0.0000,0.0075,1.09283,0,
0.0000,0.0075,1.09300,0,
0.0000,0.0075,1.09317,0,
0.0000,0.0075,1.09333,0,
0.0000,0.0075,1.09350,0,
0.0000,0.0075,1.09367,0,
0.0000,0.0075,1.09383,0,
0.0000,0.0075,1.09400,0,
0.0000,0.0075,1.09417,0,
0.0000,0.0075,1.09433,0,
0.0000,0.0075,1.09450,0,
0.0000,0.0075,1.09467,0,
0.0000,0.0075,1.09483,0,
0.0000,0.0075,1.09500,0,
0.0000,0.0075,1.09517,0,
0.0000,0.0075,1.09533,0,
0.0000,0.0075,1.09550,0,
0.0000,0.0075,1.09567,0,
0.0000,0.0075,1.09583,0,
0.0000,0.0075,1.09600,0,
0.0000,0.0075,1.09617,0,
0.0000,0.0075,1.09633,0,
0.0000,0.0075,1.09650,0,
0.0000,0.0075,1.09667,0,
0.0000,0.0075,1.09683,0,
0.0000,0.0075,1.09700,0,
0.0000,0.0075,1.09717,0,
0.0000,0.0075,1.09733,0,
0.0000,0.0075,1.09750,0,
0.0000,0.0075,1.09767,0,
0.0000,0.0075,1.09783,0,
0.0000,0.0075,1.09800,0,
0.0000,0.0075,1.09817,0,
0.0000,0.0075,1.09833,0,
0.0000,0.0075,1.09850,0,
0.0000,0.0075,1.09867,0,
0.0000,0.0075,1.09883,0,
0.0000,0.0075,1.09900,0,
0.0000,0.0075,1.09917,0,
0.0000,0.0075,1.09933,0,
0.0000,0.0075,1.09950,0,
0.0000,0.0075,1.09967,0,
0.0000,0.0075,1.09983,0,
0.0000,0.0075,1.10000,0,
0.0000,0.0075,1.10017,0,
0.0000,0.0075,1.10033,0,
0.0000,0.0075,1.10050,0,
0.0000,0.0075,1.10067,0,
0.0000,0.0075,1.10083,0,
0.0000,0.0075,1.10100,0,
0.0000,0.0075,1.10117,0,
0.0000,0.0075,1.10133,0,
0.0000,0.0075,1.10150,0,
0.0000,0.0075,1.10167,0,
0.0000,0.0075,1.10183,0,
0.0000,0.0075,1.10200,0,
0.0000,0.0075,1.10217,0,
0.0000,0.0075,1.10233,0,
0.0000,0.0075,1.10250,0,
0.0000,0.0075,1.10267,0,
0.0000,0.0075,1.10283,0,
0.0000,0.0075,1.10300,0,
0.0000,0.0075,1.10317,0,
0.0000,0.0075,1.10333,0,
0.0000,0.0075,1.10350,0,
0.0000,0.0075,1.10367,0,
0.0000,0.0075,1.10383,0,
0.0000,0.0075,1.10400,0,
0.0000,0.0075,1.10417,0,
0.0000,0.0075,1.10433,0,
0.0000,0.0075,1.10450,0,
0.0000,0.0075,1.10467,0,
0.0000,0.0075,1.10483,0,
0.0000,0.0075,1.10500,0,
0.0000,0.0075,1.10517,0,
0.0000,0.0075,1.10533,0,
0.0000,0.0075,1.10550,0,
0.0000,0.0075,1.10567,0,
0.0000,0.0075,1.10583,0,
0.0000,0.0075,1.10600,0,
0.0000,0.0075,1.10617,0,
0.0000,0.0075,1.10633,0,
0.0000,0.0075,1.10650,0,
0.0000,0.0075,1.10667,0,
0.0000,0.0075,1.10683,0,
0.0000,0.0075,1.10700,0,
0.0000,0.0075,1.10717,0,
0.0000,0.0075,1.10733,0,
0.0000,0.0075,1.10750,0,
0.0000,0.0075,1.10767,0,
0.0000,0.0075,1.10783,0,
0.0000,0.0075,1.10800,0,
0.0000,0.0075,1.10817,0,
0.0000,0.0075,1.10833,0,
0.0000,0.0075,1.10850,0,
0.0000,0.0075,1.10867,0,
0.0000,0.0075,1.10883,0,
0.0000,0.0075,1.10900,0,
0.0000,0.0075,1.10917,0,
0.0000,0.0075,1.10933,0,
0.0000,0.0075,1.10950,0,
0.0000,0.0075,1.10967,0,
0.0000,0.0075,1.10983,0,
0.0000,0.0075,1.11000,0,
0.0000,0.0075,1.11017,0,
0.0000,0.0075,1.11033,0,
0.0000,0.0075,1.11050,0,
0.0000,0.0075,1.11067,0,
0.0000,0.0075,1.11083,0,
0.0000,0.0075,1.11100,0,
0.0000,0.0075,1.11117,0,
0.0000,0.0075,1.11133,0,
0.0000,0.0075,1.11150,0,
0.0000,0.0075,1.11167,0,
0.0000,0.0075,1.11183,0,
0.0000,0.0075,1.11200,0,
0.0000,0.0075,1.11217,0,
0.0000,0.0075,1.11233,0,
0.0000,0.0075,1.11250,0,
0.0000,0.0075,1.11267,0,
0.0000,0.0075,1.11283,0,
0.0000,0.0075,1.11300,0,
0.0000,0.0075,1.11317,0,
0.0000,0.0075,1.11333,0,
0.0000,0.0075,1.11350,0,
0.0000,0.0075,1.11367,0,
0.0000,0.0075,1.11383,0,
0.0000,0.0075,1.11400,0,
0.0000,0.0075,1.11417,0,
0.0000,0.0075,1.11433,0,
0.0000,0.0075,1.11450,0,
0.0000,0.0075,1.11467,0,
0.0000,0.0075,1.11483,0,
0.0000,0.0075,1.11500,0,
0.0000,0.0075,1.11517,0,
0.0000,0.0075,1.11533,0,
0.0000,0.0075,1.11550,0,
0.0000,0.0075,1.11567,0,
0.0000,0.0075,1.11583,0,
0.0000,0.0075,1.11600,0,
0.0000,0.0075,1.11617,0,
0.0000,0.0075,1.11633,0,
0.0000,0.0075,1.11650,0,
0.0000,0.0075,1.11667,0,
0.0000,0.0075,1.11683,0,
0.0000,0.0075,1.11700,0,
0.0000,0.0075,1.11717,0,
0.0000,0.0075,1.11733,0,
0.0000,0.0075,1.11750,0,
0.0000,0.0075,1.11767,0,
0.0000,0.0075,1.11783,0,
0.0000,0.0075,1.11800,0,
0.0000,0.0075,1.11817,0,
0.0000,0.0075,1.11833,0,
0.0000,0.0075,1.11850,0,
0.0000,0.0075,1.11867,0,
0.0000,0.0075,1.11883,0,
0.0000,0.0075,1.11900,0,
0.0000,0.0075,1.11917,0,
0.0000,0.0075,1.11933,0,
0.0000,0.0075,1.11950,0,
0.0000,0.0075,1.11967,0,
0.0000,0.0075,1.11983,0,
0.0000,0.0075,1.12000,0,
0.0000,0.0075,1.12017,0,
0.0000,0.0075,1.12033,0,
0.0000,0.0075,1.12050,0,
0.0000,0.0075,1.12067,0,
0.0000,0.0075,1.12083,0,
0.0000,0.0075,1.12100,0,
0.0000,0.0075,1.12117,0,
0.0000,0.0075,1.12133,0,
0.0000,0.0075,1.12150,0,
0.0000,0.0075,1.12167,0,
0.0000,0.0075,1.12183,0,
0.0000,0.0075,1.12200,0,
0.0000,0.0075,1.12217,0,
0.0000,0.0075,1.12233,0,
0.0000,0.0075,1.12250,0,
0.0000,0.0075,1.12267,0,
0.0000,0.0075,1.12283,0,
0.0000,0.0075,1.12300,0,
0.0000,0.0075,1.12317,0,
0.0000,0.0075,1.12333,0,
0.0000,0.0075,1.12350,0,
0.0000,0.0075,1.12367,0,
0.0000,0.0075,1.12383,0,
0.0000,0.0075,1.12400,0,
0.0000,0.0075,1.12417,0,
0.0000,0.0075,1.12433,0,
0.0000,0.0075,1.12450,0,
0.0000,0.0075,1.12467,0,
0.0000,0.0075,1.12483,0,
0.0000,0.0075,1.12500,0,
0.0000,0.0075,1.12517,0,
0.0000,0.0075,1.12533,0,
0.0000,0.0075,1.12550,0,
0.0000,0.0075,1.12567,0,
0.0000,0.0075,1.12583,0,
0.0000,0.0075,1.12600,0,
0.0000,0.0075,1.12617,0,
0.0000,0.0075,1.12633,0,
0.0000,0.0075,1.12650,0,
0.0000,0.0075,1.12667,0,
0.0000,0.0075,1.12683,0,
0.0000,0.0075,1.12700,0,
0.0000,0.0075,1.12717,0,
0.0000,0.0075,1.12733,0,
0.0000,0.0075,1.12750,0,
0.0000,0.0075,1.12767,0,
0.0000,0.0075,1.12783,0,
0.0000,0.0075,1.12800,0,
0.0000,0.0075,1.12817,0,
0.0000,0.0075,1.12833,0,
0.0000,0.0075,1.12850,0,
0.0000,0.0075,1.12867,0,
0.0000,0.0075,1.12883,0,
0.0000,0.0075,1.12900,0,
0.0000,0.0075,1.12917,0,
0.0000,0.0075,1.12933,0,
0.0000,0.0075,1.12950,0,
0.0000,0.0075,1.12967,0,
0.0000,0.0075,1.12983,0,
0.0000,0.0075,1.13000,0,
0.0000,0.0075,1.13017,0,
0.0000,0.0075,1.13033,0,
0.0000,0.0075,1.13050,0,
0.0000,0.0075,1.13067,0,
0.0000,0.0075,1.13083,0,
0.0000,0.0075,1.13100,0,
0.0000,0.0075,1.13117,0,
0.0000,0.0075,1.13133,0,
0.0000,0.0075,1.13150,0,
0.0000,0.0075,1.13167,0,
0.0000,0.0075,1.13183,0,
0.0000,0.0075,1.13200,0,
0.0000,0.0075,1.13217,0,
0.0000,0.0075,1.13233,0,
0.0000,0.0075,1.13250,0,
0.0000,0.0075,1.13267,0,
0.0000,0.0075,1.13283,0,
0.0000,0.0075,1.13300,0,
0.0000,0.0075,1.13317,0,
0.0000,0.0075,1.13333,0,
0.0000,0.0075,1.13350,0,
0.0000,0.0075,1.13367,0,
0.0000,0.0075,1.13383,0,
0.0000,0.0075,1.13400,0,
0.0000,0.0075,1.13417,0,
0.0000,0.0075,1.13433,0,
0.0000,0.0075,1.13450,0,
0.0000,0.0075,1.13467,0,
0.0000,0.0075,1.13483,0,
0.0000,0.0075,1.13500,0,
0.0000,0.0075,1.13517,0,
0.0000,0.0075,1.13533,0,
0.0000,0.0075,1.13550,0,
0.0000,0.0075,1.13567,0,
0.0000,0.0075,1.13583,0,
0.0000,0.0075,1.13600,0,
0.0000,0.0075,1.13617,0,
0.0000,0.0075,1.13633,0,
0.0000,0.0075,1.13650,0,
0.0000,0.0075,1.13667,0,
0.0000,0.0075,1.13683,0,
0.0000,0.0075,1.13700,0,
0.0000,0.0075,1.13717,0,
0.0000,0.0075,1.13733,0,
0.0000,0.0075,1.13750,0,
0.0000,0.0075,1.13767,0,
0.0000,0.0075,1.13783,0,
0.0000,0.0075,1.13800,0,
0.0000,0.0075,1.13817,0,
0.0000,0.0075,1.13833,0,
0.0000,0.0075,1.13850,0,
0.0000,0.0075,1.13867,0,
0.0000,0.0075,1.13883,0,
0.0000,0.0075,1.13900,0,
0.0000,0.0075,1.13917,0,
0.0000,0.0075,1.13933,0,
0.0000,0.0075,1.13950,0,
0.0000,0.0075,1.13967,0,
0.0000,0.0075,1.13983,0,
0.0000,0.0075,1.14000,0,
0.0000,0.0075,1.14017,0,
0.0000,0.0075,1.14033,0,
0.0000,0.0075,1.14050,0,
0.0000,0.0075,1.14067,0,
0.0000,0.0075,1.14083,0,
0.0000,0.0075,1.14100,0,
0.0000,0.0075,1.14117,0,
0.0000,0.0075,1.14133,0,
0.0000,0.0075,1.14150,0,
0.0000,0.0075,1.14167,0,
0.0000,0.0075,1.14183,0,
0.0000,0.0075,1.14200,0,
0.0000,0.0075,1.14217,0,
0.0000,0.0075,1.14233,0,
0.0000,0.0075,1.14250,0,
0.0000,0.0075,1.14267,0,
0.0000,0.0075,1.14283,0,
0.0000,0.0075,1.14300,0,
0.0000,0.0075,1.14317,0,
0.0000,0.0075,1.14333,0,
0.0000,0.0075,1.14350,0,
0.0000,0.0075,1.14367,0,
0.0000,0.0075,1.14383,0,
0.0000,0.0075,1.14400,0,
0.0000,0.0075,1.14417,0,
0.0000,0.0075,1.14433,0,
0.0000,0.0075,1.14450,0,
0.0000,0.0075,1.14467,0,
0.0000,0.0075,1.14483,0,
0.0000,0.0075,1.14500,0,
0.0000,0.0075,1.14517,0,
0.0000,0.0075,1.14533,0,
0.0000,0.0075,1.14550,0,
0.0000,0.0075,1.14567,0,
0.0000,0.0075,1.14583,0,
0.0000,0.0075,1.14600,0,
0.0000,0.0075,1.14617,0,
0.0000,0.0075,1.14633,0,
0.0000,0.0075,1.14650,0,
0.0000,0.0075,1.14667,0,
0.0000,0.0075,1.14683,0,
0.0000,0.0075,1.14700,0,
0.0000,0.0075,1.14717,0,
0.0000,0.0075,1.14733,0,
0.0000,0.0075,1.14750,0,
0.0000,0.0075,1.14767,0,
0.0000,0.0075,1.14783,0,
0.0000,0.0075,1.14800,0,
0.0000,0.0075,1.14817,0,
0.0000,0.0075,1.14833,0,
0.0000,0.0075,1.14850,0,
0.0000,0.0075,1.14867,0,
0.0000,0.0075,1.14883,0,
0.0000,0.0075,1.14900,0,
0.0000,0.0075,1.14917,0,
0.0000,0.0075,1.14933,0,
0.0000,0.0075,1.14950,0,
0.0000,0.0075,1.14967,0,
0.0000,0.0075,1.14983,0,
0.0000,0.0075,1.15000,0,
0.0000,0.0075,1.15017,0,
0.0000,0.0075,1.15033,0,
0.0000,0.0075,1.15050,0,
0.0000,0.0075,1.15067,0,
0.0000,0.0075,1.15083,0,
0.0000,0.0075,1.15100,0,
0.0000,0.0075,1.15117,0,
0.0000,0.0075,1.15133,0,
0.0000,0.0075,1.15150,0,
0.0000,0.0075,1.15167,0,
0.0000,0.0075,1.15183,0,
0.0000,0.0075,1.15200,0,
0.0000,0.0075,1.15217,0,
0.0000,0.0075,1.15233,0,
0.0000,0.0075,1.15250,0,
0.0000,0.0075,1.15267,0,
0.0000,0.0075,1.15283,0,
0.0000,0.0075,1.15300,0,
0.0000,0.0075,1.15317,0,
0.0000,0.0075,1.15333,0,
0.0000,0.0075,1.15350,0,
0.0000,0.0075,1.15367,0,
0.0000,0.0075,1.15383,0,
0.0000,0.0075,1.15400,0,
0.0000,0.0075,1.15417,0,
0.0000,0.0075,1.15433,0,
0.0000,0.0075,1.15450,0,
0.0000,0.0075,1.15467,0,
0.0000,0.0075,1.15483,0,
0.0000,0.0075,1.15500,0,
0.0000,0.0075,1.15517,0,
0.0000,0.0075,1.15533,0,
0.0000,0.0075,1.15550,0,
0.0000,0.0075,1.15567,0,
0.0000,0.0075,1.15583,0,
0.0000,0.0075,1.15600,0,
0.0000,0.0075,1.15617,0,
0.0000,0.0075,1.15633,0,
0.0000,0.0075,1.15650,0,
0.0000,0.0075,1.15667,0,
0.0000,0.0075,1.15683,0,
0.0000,0.0075,1.15700,0,
0.0000,0.0075,1.15717,0,
0.0000,0.0075,1.15733,0,
0.0000,0.0075,1.15750,0,
0.0000,0.0075,1.15767,0,
0.0000,0.0075,1.15783,0,
0.0000,0.0075,1.15800,0,
0.0000,0.0075,1.15817,0,
0.0000,0.0075,1.15833,0,
0.0000,0.0075,1.15850,0,
0.0000,0.0075,1.15867,0,
0.0000,0.0075,1.15883,0,
0.0000,0.0075,1.15900,0,
0.0000,0.0075,1.15917,0,
0.0000,0.0075,1.15933,0,
0.0000,0.0075,1.15950,0,
0.0000,0.0075,1.15967,0,
0.0000,0.0075,1.15983,0,
0.0000,0.0075,1.16000,0,
0.0000,0.0075,1.16017,0,
0.0000,0.0075,1.16033,0,
0.0000,0.0075,1.16050,0,
0.0000,0.0075,1.16067,0,
0.0000,0.0075,1.16083,0,
0.0000,0.0075,1.16100,0,
0.0000,0.0075,1.16117,0,
0.0000,0.0075,1.16133,0,
0.0000,0.0075,1.16150,0,
0.0000,0.0075,1.16167,0,
0.0000,0.0075,1.16183,0,
0.0000,0.0075,1.16200,0,
0.0000,0.0075,1.16217,0,
0.0000,0.0075,1.16233,0,
0.0000,0.0075,1.16250,0,
0.0000,0.0075,1.16267,0,
0.0000,0.0075,1.16283,0,
0.0000,0.0075,1.16300,0,
0.0000,0.0075,1.16317,0,
0.0000,0.0075,1.16333,0,
0.0000,0.0075,1.16350,0,
0.0000,0.0075,1.16367,0,
0.0000,0.0075,1.16383,0,
0.0000,0.0075,1.16400,0,
0.0000,0.0075,1.16417,0,
0.0000,0.0075,1.16433,0,
0.0000,0.0075,1.16450,0,
0.0000,0.0075,1.16467,0,
0.0000,0.0075,1.16483,0,
0.0000,0.0075,1.16500,0,
0.0000,0.0075,1.16517,0,
0.0000,0.0075,1.16533,0,
0.0000,0.0075,1.16550,0,
0.0000,0.0075,1.16567,0,
0.0000,0.0075,1.16583,0,
0.0000,0.0075,1.16600,0,
0.0000,0.0075,1.16617,0,
0.0000,0.0075,1.16633,0,
0.0000,0.0075,1.16650,0,
0.0000,0.0075,1.16667,0,
0.0000,0.0075,1.16683,0,
0.0000,0.0075,1.16700,0,
0.0000,0.0075,1.16717,0,
0.0000,0.0075,1.16733,0,
0.0000,0.0075,1.16750,0,
0.0000,0.0075,1.16767,0,
0.0000,0.0075,1.16783,0,
0.0000,0.0075,1.16800,0,
0.0000,0.0075,1.16817,0,
0.0000,0.0075,1.16833,0,
0.0000,0.0075,1.16850,0,
0.0000,0.0075,1.16867,0,
0.0000,0.0075,1.16883,0,
0.0000,0.0075,1.16900,0,
0.0000,0.0075,1.16917,0,
0.0000,0.0075,1.16933,0,
0.0000,0.0075,1.16950,0,
0.0000,0.0075,1.16967,0,
0.0000,0.0075,1.16983,0,
0.0000,0.0075,1.17000,0,
0.0000,0.0075,1.17017,0,
0.0000,0.0075,1.17033,0,
0.0000,0.0075,1.17050,0,
0.0000,0.0075,1.17067,0,
0.0000,0.0075,1.17083,0,
0.0000,0.0075,1.17100,0,
0.0000,0.0075,1.17117,0,
0.0000,0.0075,1.17133,0,
0.0000,0.0075,1.17150,0,
0.0000,0.0075,1.17167,0,
0.0000,0.0075,1.17183,0,
0.0000,0.0075,1.17200,0,
0.0000,0.0075,1.17217,0,
0.0000,0.0075,1.17233,0,
0.0000,0.0075,1.17250,0,
0.0000,0.0075,1.17267,0,
0.0000,0.0075,1.17283,0,
0.0000,0.0075,1.17300,0,
0.0000,0.0075,1.17317,0,
0.0000,0.0075,1.17333,0,
0.0000,0.0075,1.17350,0,
0.0000,0.0075,1.17367,0,
0.0000,0.0075,1.17383,0,
0.0000,0.0075,1.17400,0,
0.0000,0.0075,1.17417,0,
0.0000,0.0075,1.17433,0,
0.0000,0.0075,1.17450,0,
0.0000,0.0075,1.17467,0,
0.0000,0.0075,1.17483,0,
0.0000,0.0075,1.17500,0,
0.0000,0.0075,1.17517,0,
0.0000,0.0075,1.17533,0,
0.0000,0.0075,1.17550,0,
0.0000,0.0075,1.17567,0,
0.0000,0.0075,1.17583,0,
0.0000,0.0075,1.17600,0,
0.0000,0.0075,1.17617,0,
0.0000,0.0075,1.17633,0,
0.0000,0.0075,1.17650,0,
0.0000,0.0075,1.17667,0,
0.0000,0.0075,1.17683,0,
0.0000,0.0075,1.17700,0,
0.0000,0.0075,1.17717,0,
0.0000,0.0075,1.17733,0,
0.0000,0.0075,1.17750,0,
0.0000,0.0075,1.17767,0,
0.0000,0.0075,1.17783,0,
0.0000,0.0075,1.17800,0,
0.0000,0.0075,1.17817,0,
0.0000,0.0075,1.17833,0,
0.0000,0.0075,1.17850,0,
0.0000,0.0075,1.17867,0,
0.0000,0.0075,1.17883,0,
0.0000,0.0075,1.17900,0,
0.0000,0.0075,1.17917,0,
0.0000,0.0075,1.17933,0,
0.0000,0.0075,1.17950,0,
0.0000,0.0075,1.17967,0,
0.0000,0.0075,1.17983,0,
0.0000,0.0075,1.18000,0,
0.0000,0.0075,1.18017,0,
0.0000,0.0075,1.18033,0,
0.0000,0.0075,1.18050,0,
0.0000,0.0075,1.18067,0,
0.0000,0.0075,1.18083,0,
0.0000,0.0075,1.18100,0,
0.0000,0.0075,1.18117,0,
0.0000,0.0075,1.18133,0,
0.0000,0.0075,1.18150,0,
0.0000,0.0075,1.18167,0,
0.0000,0.0075,1.18183,0,
0.0000,0.0075,1.18200,0,
0.0000,0.0075,1.18217,0,
0.0000,0.0075,1.18233,0,
0.0000,0.0075,1.18250,0,
0.0000,0.0075,1.18267,0,
0.0000,0.0075,1.18283,0,
0.0000,0.0075,1.18300,0,
0.0000,0.0075,1.18317,0,
0.0000,0.0075,1.18333,0,
0.0000,0.0075,1.18350,0,
0.0000,0.0075,1.18367,0,
0.0000,0.0075,1.18383,0,
0.0000,0.0075,1.18400,0,
0.0000,0.0075,1.18417,0,
0.0000,0.0075,1.18433,0,
0.0000,0.0075,1.18450,0,
0.0000,0.0075,1.18467,0,
0.0000,0.0075,1.18483,0,
0.0000,0.0075,1.18500,0,
0.0000,0.0075,1.18517,0,
0.0000,0.0075,1.18533,0,
0.0000,0.0075,1.18550,0,
0.0000,0.0075,1.18567,0,
0.0000,0.0075,1.18583,0,
0.0000,0.0075,1.18600,0,
0.0000,0.0075,1.18617,0,
0.0000,0.0075,1.18633,0,
0.0000,0.0075,1.18650,0,
0.0000,0.0075,1.18667,0,
0.0000,0.0075,1.18683,0,
0.0000,0.0075,1.18700,0,
0.0000,0.0075,1.18717,0,
0.0000,0.0075,1.18733,0,
0.0000,0.0075,1.18750,0,
0.0000,0.0075,1.18767,0,
0.0000,0.0075,1.18783,0,
0.0000,0.0075,1.18800,0,
0.0000,0.0075,1.18817,0,
0.0000,0.0075,1.18833,0,
0.0000,0.0075,1.18850,0,
0.0000,0.0075,1.18867,0,
0.0000,0.0075,1.18883,0,
0.0000,0.0075,1.18900,0,
0.0000,0.0075,1.18917,0,
0.0000,0.0075,1.18933,0,
0.0000,0.0075,1.18950,0,
0.0000,0.0075,1.18967,0,
0.0000,0.0075,1.18983,0,
0.0000,0.0075,1.19000,0,
0.0000,0.0075,1.19017,0,
0.0000,0.0075,1.19033,0,
0.0000,0.0075,1.19050,0,
0.0000,0.0075,1.19067,0,
0.0000,0.0075,1.19083,0,
0.0000,0.0075,1.19100,0,
0.0000,0.0075,1.19117,0,
0.0000,0.0075,1.19133,0,
0.0000,0.0075,1.19150,0,
0.0000,0.0075,1.19167,0,
0.0000,0.0075,1.19183,0,
0.0000,0.0075,1.19200,0,
0.0000,0.0075,1.19217,0,
0.0000,0.0075,1.19233,0,
0.0000,0.0075,1.19250,0,
0.0000,0.0075,1.19267,0,
0.0000,0.0075,1.19283,0,
0.0000,0.0075,1.19300,0,
0.0000,0.0075,1.19317,0,
0.0000,0.0075,1.19333,0,
0.0000,0.0075,1.19350,0,
0.0000,0.0075,1.19367,0,
0.0000,0.0075,1.19383,0,
0.0000,0.0075,1.19400,0,
0.0000,0.0075,1.19417,0,
0.0000,0.0075,1.19433,0,
0.0000,0.0075,1.19450,0,
0.0000,0.0075,1.19467,0,
0.0000,0.0075,1.19483,0,
0.0000,0.0075,1.19500,0,
0.0000,0.0075,1.19517,0,
0.0000,0.0075,1.19533,0,
0.0000,0.0075,1.19550,0,
0.0000,0.0075,1.19567,0,
0.0000,0.0075,1.19583,0,
0.0000,0.0075,1.19600,0,
0.0000,0.0075,1.19617,0,
0.0000,0.0075,1.19633,0,
0.0000,0.0075,1.19650,0,
0.0000,0.0075,1.19667,0,
0.0000,0.0075,1.19683,0,
0.0000,0.0075,1.19700,0,
0.0000,0.0075,1.19717,0,
0.0000,0.0075,1.19733,0,
0.0000,0.0075,1.19750,0,
0.0000,0.0075,1.19767,0,
0.0000,0.0075,1.19783,0,
0.0000,0.0075,1.19800,0,
0.0000,0.0075,1.19817,0,
0.0000,0.0075,1.19833,0,
0.0000,0.0075,1.19850,0,
0.0000,0.0075,1.19867,0,
0.0000,0.0075,1.19883,0,
0.0000,0.0075,1.19900,0,
0.0000,0.0075,1.19917,0,
0.0000,0.0075,1.19933,0,
0.0000,0.0075,1.19950,0,
0.0000,0.0075,1.19967,0,
0.0000,0.0075,1.19983,0,
0.0000,0.0075,1.20000,0,
0.0000,0.0075,1.20017,0,
0.0000,0.0075,1.20033,0,
0.0000,0.0075,1.20050,0,
0.0000,0.0075,1.20067,0,
0.0000,0.0075,1.20083,0,
0.0000,0.0075,1.20100,0,
0.0000,0.0075,1.20117,0,
0.0000,0.0075,1.20133,0,
0.0000,0.0075,1.20150,0,
0.0000,0.0075,1.20167,0,
0.0000,0.0075,1.20183,0,
0.0000,0.0075,1.20200,0,
0.0000,0.0075,1.20217,0,
0.0000,0.0075,1.20233,0,
0.0000,0.0075,1.20250,0,
0.0000,0.0075,1.20267,0,
0.0000,0.0075,1.20283,0,
0.0000,0.0075,1.20300,0,
0.0000,0.0075,1.20317,0,
0.0000,0.0075,1.20333,0,
0.0000,0.0075,1.20350,0,
0.0000,0.0075,1.20367,0,
0.0000,0.0075,1.20383,0,
0.0000,0.0075,1.20400,0,
0.0000,0.0075,1.20417,0,
0.0000,0.0075,1.20433,0,
0.0000,0.0075,1.20450,0,
0.0000,0.0075,1.20467,0,
0.0000,0.0075,1.20483,0,
0.0000,0.0075,1.20500,0,
0.0000,0.0075,1.20517,0,
0.0000,0.0075,1.20533,0,
0.0000,0.0075,1.20550,0,
0.0000,0.0075,1.20567,0,
0.0000,0.0075,1.20583,0,
0.0000,0.0075,1.20600,0,
0.0000,0.0075,1.20617,0,
0.0000,0.0075,1.20633,0,
0.0000,0.0075,1.20650,0,
0.0000,0.0075,1.20667,0,
0.0000,0.0075,1.20683,0,
0.0000,0.0075,1.20700,0,
0.0000,0.0075,1.20717,0,
0.0000,0.0075,1.20733,0,
0.0000,0.0075,1.20750,0,
0.0000,0.0075,1.20767,0,
0.0000,0.0075,1.20783,0,
0.0000,0.0075,1.20800,0,
0.0000,0.0075,1.20817,0,
0.0000,0.0075,1.20833,0,
0.0000,0.0075,1.20850,0,
0.0000,0.0075,1.20867,0,
0.0000,0.0075,1.20883,0,
0.0000,0.0075,1.20900,0,
0.0000,0.0075,1.20917,0,
0.0000,0.0075,1.20933,0,
0.0000,0.0075,1.20950,0,
0.0000,0.0075,1.20967,0,
0.0000,0.0075,1.20983,0,
0.0000,0.0075,1.21000,0,
0.0000,0.0075,1.21017,0,
0.0000,0.0075,1.21033,0,
0.0000,0.0075,1.21050,0,
0.0000,0.0075,1.21067,0,
0.0000,0.0075,1.21083,0,
0.0000,0.0075,1.21100,0,
0.0000,0.0075,1.21117,0,
0.0000,0.0075,1.21133,0,
0.0000,0.0075,1.21150,0,
0.0000,0.0075,1.21167,0,
0.0000,0.0075,1.21183,0,
0.0000,0.0075,1.21200,0,
0.0000,0.0075,1.21217,0,
0.0000,0.0075,1.21233,0,
0.0000,0.0075,1.21250,0,
0.0000,0.0075,1.21267,0,
0.0000,0.0075,1.21283,0,
0.0000,0.0075,1.21300,0,
0.0000,0.0075,1.21317,0,
0.0000,0.0075,1.21333,0,
0.0000,0.0075,1.21350,0,
0.0000,0.0075,1.21367,0,
0.0000,0.0075,1.21383,0,
0.0000,0.0075,1.21400,0,
0.0000,0.0075,1.21417,0,
0.0000,0.0075,1.21433,0,
0.0000,0.0075,1.21450,0,
0.0000,0.0075,1.21467,0,
0.0000,0.0075,1.21483,0,
0.0000,0.0075,1.21500,0,
0.0000,0.0075,1.21517,0,
0.0000,0.0075,1.21533,0,
0.0000,0.0075,1.21550,0,
0.0000,0.0075,1.21567,0,
0.0000,0.0075,1.21583,0,
0.0000,0.0075,1.21600,0,
0.0000,0.0075,1.21617,0,
0.0000,0.0075,1.21633,0,
0.0000,0.0075,1.21650,0,
0.0000,0.0075,1.21667,0,
0.0000,0.0075,1.21683,0,
0.0000,0.0075,1.21700,0,
0.0000,0.0075,1.21717,0,
0.0000,0.0075,1.21733,0,
0.0000,0.0075,1.21750,0,
0.0000,0.0075,1.21767,0,
0.0000,0.0075,1.21783,0,
0.0000,0.0075,1.21800,0,
0.0000,0.0075,1.21817,0,
0.0000,0.0075,1.21833,0,
0.0000,0.0075,1.21850,0,
0.0000,0.0075,1.21867,0,
0.0000,0.0075,1.21883,0,
0.0000,0.0075,1.21900,0,
0.0000,0.0075,1.21917,0,
0.0000,0.0075,1.21933,0,
0.0000,0.0075,1.21950,0,
0.0000,0.0075,1.21967,0,
0.0000,0.0075,1.21983,0,
0.0000,0.0075,1.22000,0,
0.0000,0.0075,1.22017,0,
0.0000,0.0075,1.22033,0,
0.0000,0.0075,1.22050,0,
0.0000,0.0075,1.22067,0,
0.0000,0.0075,1.22083,0,
0.0000,0.0075,1.22100,0,
0.0000,0.0075,1.22117,0,
0.0000,0.0075,1.22133,0,
0.0000,0.0075,1.22150,0,
0.0000,0.0075,1.22167,0,
0.0000,0.0075,1.22183,0,
0.0000,0.0075,1.22200,0,
0.0000,0.0075,1.22217,0,
0.0000,0.0075,1.22233,0,
0.0000,0.0075,1.22250,0,
0.0000,0.0075,1.22267,0,
0.0000,0.0075,1.22283,0,
0.0000,0.0075,1.22300,0,
0.0000,0.0075,1.22317,0,
0.0000,0.0075,1.22333,0,
0.0000,0.0075,1.22350,0,
0.0000,0.0075,1.22367,0,
0.0000,0.0075,1.22383,0,
0.0000,0.0075,1.22400,0,
0.0000,0.0075,1.22417,0,
0.0000,0.0075,1.22433,0,
0.0000,0.0075,1.22450,0,
0.0000,0.0075,1.22467,0,
0.0000,0.0075,1.22483,0,
0.0000,0.0075,1.22500,0,
0.0000,0.0075,1.22517,0,
0.0000,0.0075,1.22533,0,
0.0000,0.0075,1.22550,0,
0.0000,0.0075,1.22567,0,
0.0000,0.0075,1.22583,0,
0.0000,0.0075,1.22600,0,
0.0000,0.0075,1.22617,0,
0.0000,0.0075,1.22633,0,
0.0000,0.0075,1.22650,0,
0.0000,0.0075,1.22667,0,
0.0000,0.0075,1.22683,0,
0.0000,0.0075,1.22700,0,
0.0000,0.0075,1.22717,0,
0.0000,0.0075,1.22733,0,
0.0000,0.0075,1.22750,0,
0.0000,0.0075,1.22767,0,
0.0000,0.0075,1.22783,0,
0.0000,0.0075,1.22800,0,
0.0000,0.0075,1.22817,0,
0.0000,0.0075,1.22833,0,
0.0000,0.0075,1.22850,0,
0.0000,0.0075,1.22867,0,
0.0000,0.0075,1.22883,0,
0.0000,0.0075,1.22900,0,
0.0000,0.0075,1.22917,0,
0.0000,0.0075,1.22933,0,
0.0000,0.0075,1.22950,0,
0.0000,0.0075,1.22967,0,
0.0000,0.0075,1.22983,0,
0.0000,0.0075,1.23000,0,
0.0000,0.0075,1.23017,0,
0.0000,0.0075,1.23033,0,
0.0000,0.0075,1.23050,0,
0.0000,0.0075,1.23067,0,
0.0000,0.0075,1.23083,0,
0.0000,0.0075,1.23100,0,
0.0000,0.0075,1.23117,0,
0.0000,0.0075,1.23133,0,
0.0000,0.0075,1.23150,0,
0.0000,0.0075,1.23167,0,
0.0000,0.0075,1.23183,0,
0.0000,0.0075,1.23200,0,
0.0000,0.0075,1.23217,0,
0.0000,0.0075,1.23233,0,
0.0000,0.0075,1.23250,0,
0.0000,0.0075,1.23267,0,
0.0000,0.0075,1.23283,0,
0.0000,0.0075,1.23300,0,
0.0000,0.0075,1.23317,0,
0.0000,0.0075,1.23333,0,
0.0000,0.0075,1.23350,0,
0.0000,0.0075,1.23367,0,
0.0000,0.0075,1.23383,0,
0.0000,0.0075,1.23400,0,
0.0000,0.0075,1.23417,0,
0.0000,0.0075,1.23433,0,
0.0000,0.0075,1.23450,0,
0.0000,0.0075,1.23467,0,
0.0000,0.0075,1.23483,0,
0.0000,0.0075,1.23500,0,
0.0000,0.0075,1.23517,0,
0.0000,0.0075,1.23533,0,
0.0000,0.0075,1.23550,0,
0.0000,0.0075,1.23567,0,
0.0000,0.0075,1.23583,0,
0.0000,0.0075,1.23600,0,
0.0000,0.0075,1.23617,0,
0.0000,0.0075,1.23633,0,
0.0000,0.0075,1.23650,0,
0.0000,0.0075,1.23667,0,
0.0000,0.0075,1.23683,0,
0.0000,0.0075,1.23700,0,
0.0000,0.0075,1.23717,0,
0.0000,0.0075,1.23733,0,
0.0000,0.0075,1.23750,0,
0.0000,0.0075,1.23767,0,
0.0000,0.0075,1.23783,0,
0.0000,0.0075,1.23800,0,
0.0000,0.0075,1.23817,0,
0.0000,0.0075,1.23833,0,
0.0000,0.0075,1.23850,0,
0.0000,0.0075,1.23867,0,
0.0000,0.0075,1.23883,0,
0.0000,0.0075,1.23900,0,
0.0000,0.0075,1.23917,0,
0.0000,0.0075,1.23933,0,
0.0000,0.0075,1.23950,0,
0.0000,0.0075,1.23967,0,
0.0000,0.0075,1.23983,0,
0.0000,0.0075,1.24000,0,
0.0000,0.0075,1.24017,0,
0.0000,0.0075,1.24033,0,
0.0000,0.0075,1.24050,0,
0.0000,0.0075,1.24067,0,
0.0000,0.0075,1.24083,0,
0.0000,0.0075,1.24100,0,
0.0000,0.0075,1.24117,0,
0.0000,0.0075,1.24133,0,
0.0000,0.0075,1.24150,0,
0.0000,0.0075,1.24167,0,
0.0000,0.0075,1.24183,0,
0.0000,0.0075,1.24200,0,
0.0000,0.0075,1.24217,0,
0.0000,0.0075,1.24233,0,
0.0000,0.0075,1.24250,0,
0.0000,0.0075,1.24267,0,
0.0000,0.0075,1.24283,0,
0.0000,0.0075,1.24300,0,
0.0000,0.0075,1.24317,0,
0.0000,0.0075,1.24333,0,
0.0000,0.0075,1.24350,0,
0.0000,0.0075,1.24367,0,
0.0000,0.0075,1.24383,0,
0.0000,0.0075,1.24400,0,
0.0000,0.0075,1.24417,0,
0.0000,0.0075,1.24433,0,
0.0000,0.0075,1.24450,0,
0.0000,0.0075,1.24467,0,
0.0000,0.0075,1.24483,0,
0.0000,0.0075,1.24500,0,
0.0000,0.0075,1.24517,0,
0.0000,0.0075,1.24533,0,
0.0000,0.0075,1.24550,0,
0.0000,0.0075,1.24567,0,
0.0000,0.0075,1.24583,0,
0.0000,0.0075,1.24600,0,
0.0000,0.0075,1.24617,0,
0.0000,0.0075,1.24633,0,
0.0000,0.0075,1.24650,0,
0.0000,0.0075,1.24667,0,
0.0000,0.0075,1.24683,0,
0.0000,0.0075,1.24700,0,
0.0000,0.0075,1.24717,0,
0.0000,0.0075,1.24733,0,
0.0000,0.0075,1.24750,0,
0.0000,0.0075,1.24767,0,
0.0000,0.0075,1.24783,0,
0.0000,0.0075,1.24800,0,
0.0000,0.0075,1.24817,0,
0.0000,0.0075,1.24833,0,
0.0000,0.0075,1.24850,0,
0.0000,0.0075,1.24867,0,
0.0000,0.0075,1.24883,0,
0.0000,0.0075,1.24900,0,
0.0000,0.0075,1.24917,0,
0.0000,0.0075,1.24933,0,
0.0000,0.0075,1.24950,0,
0.0000,0.0075,1.24967,0,
0.0000,0.0075,1.24983,0,
0.0000,0.0075,1.25000,0,
0.0000,0.0075,1.25017,0,
0.0000,0.0075,1.25033,0,
0.0000,0.0075,1.25050,0,
0.0000,0.0075,1.25067,0,
0.0000,0.0075,1.25083,0,
0.0000,0.0075,1.25100,0,
0.0000,0.0075,1.25117,0,
0.0000,0.0075,1.25133,0,
0.0000,0.0075,1.25150,0,
0.0000,0.0075,1.25167,0,
0.0000,0.0075,1.25183,0,
0.0000,0.0075,1.25200,0,
0.0000,0.0075,1.25217,0,
0.0000,0.0075,1.25233,0,
0.0000,0.0075,1.25250,0,
0.0000,0.0075,1.25267,0,
0.0000,0.0075,1.25283,0,
0.0000,0.0075,1.25300,0,
0.0000,0.0075,1.25317,0,
0.0000,0.0075,1.25333,0,
0.0000,0.0075,1.25350,0,
0.0000,0.0075,1.25367,0,
0.0000,0.0075,1.25383,0,
0.0000,0.0075,1.25400,0,
0.0000,0.0075,1.25417,0,
0.0000,0.0075,1.25433,0,
0.0000,0.0075,1.25450,0,
0.0000,0.0075,1.25467,0,
0.0000,0.0075,1.25483,0,
0.0000,0.0075,1.25500,0,
0.0000,0.0075,1.25517,0,
0.0000,0.0075,1.25533,0,
0.0000,0.0075,1.25550,0,
0.0000,0.0075,1.25567,0,
0.0000,0.0075,1.25583,0,
0.0000,0.0075,1.25600,0,
0.0000,0.0075,1.25617,0,
0.0000,0.0075,1.25633,0,
0.0000,0.0075,1.25650,0,
0.0000,0.0075,1.25667,0,
0.0000,0.0075,1.25683,0,
0.0000,0.0075,1.25700,0,
0.0000,0.0075,1.25717,0,
0.0000,0.0075,1.25733,0,
0.0000,0.0075,1.25750,0,
0.0000,0.0075,1.25767,0,
0.0000,0.0075,1.25783,0,
0.0000,0.0075,1.25800,0,
0.0000,0.0075,1.25817,0,
0.0000,0.0075,1.25833,0,
0.0000,0.0075,1.25850,0,
0.0000,0.0075,1.25867,0,
0.0000,0.0075,1.25883,0,
0.0000,0.0075,1.25900,0,
0.0000,0.0075,1.25917,0,
0.0000,0.0075,1.25933,0,
0.0000,0.0075,1.25950,0,
0.0000,0.0075,1.25967,0,
0.0000,0.0075,1.25983,0,
0.0000,0.0075,1.26000,0,
0.0000,0.0075,1.26017,0,
0.0000,0.0075,1.26033,0,
0.0000,0.0075,1.26050,0,
0.0000,0.0075,1.26067,0,
0.0000,0.0075,1.26083,0,
0.0000,0.0075,1.26100,0,
0.0000,0.0075,1.26117,0,
0.0000,0.0075,1.26133,0,
0.0000,0.0075,1.26150,0,
0.0000,0.0075,1.26167,0,
0.0000,0.0075,1.26183,0,
0.0000,0.0075,1.26200,0,
0.0000,0.0075,1.26217,0,
0.0000,0.0075,1.26233,0,
0.0000,0.0075,1.26250,0,
0.0000,0.0075,1.26267,0,
0.0000,0.0075,1.26283,0,
0.0000,0.0075,1.26300,0,
0.0000,0.0075,1.26317,0,
0.0000,0.0075,1.26333,0,
0.0000,0.0075,1.26350,0,
0.0000,0.0075,1.26367,0,
0.0000,0.0075,1.26383,0,
0.0000,0.0075,1.26400,0,
0.0000,0.0075,1.26417,0,
0.0000,0.0075,1.26433,0,
0.0000,0.0075,1.26450,0,
0.0000,0.0075,1.26467,0,
0.0000,0.0075,1.26483,0,
0.0000,0.0075,1.26500,0,
0.0000,0.0075,1.26517,0,
0.0000,0.0075,1.26533,0,
0.0000,0.0075,1.26550,0,
0.0000,0.0075,1.26567,0,
0.0000,0.0075,1.26583,0,
0.0000,0.0075,1.26600,0,
0.0000,0.0075,1.26617,0,
0.0000,0.0075,1.26633,0,
0.0000,0.0075,1.26650,0,
0.0000,0.0075,1.26667,0,
0.0000,0.0075,1.26683,0,
0.0000,0.0075,1.26700,0,
0.0000,0.0075,1.26717,0,
0.0000,0.0075,1.26733,0,
0.0000,0.0075,1.26750,0,
0.0000,0.0075,1.26767,0,
0.0000,0.0075,1.26783,0,
0.0000,0.0075,1.26800,0,
0.0000,0.0075,1.26817,0,
0.0000,0.0075,1.26833,0,
0.0000,0.0075,1.26850,0,
0.0000,0.0075,1.26867,0,
0.0000,0.0075,1.26883,0,
0.0000,0.0075,1.26900,0,
0.0000,0.0075,1.26917,0,
0.0000,0.0075,1.26933,0,
0.0000,0.0075,1.26950,0,
0.0000,0.0075,1.26967,0,
0.0000,0.0075,1.26983,0,
0.0000,0.0075,1.27000,0,
0.0000,0.0075,1.27017,0,
0.0000,0.0075,1.27033,0,
0.0000,0.0075,1.27050,0,
0.0000,0.0075,1.27067,0,
0.0000,0.0075,1.27083,0,
0.0000,0.0075,1.27100,0,
0.0000,0.0075,1.27117,0,
0.0000,0.0075,1.27133,0,
0.0000,0.0075,1.27150,0,
0.0000,0.0075,1.27167,0,
0.0000,0.0075,1.27183,0,
0.0000,0.0075,1.27200,0,
0.0000,0.0075,1.27217,0,
0.0000,0.0075,1.27233,0,
0.0000,0.0075,1.27250,0,
0.0000,0.0075,1.27267,0,
0.0000,0.0075,1.27283,0,
0.0000,0.0075,1.27300,0,
0.0000,0.0075,1.27317,0,
0.0000,0.0075,1.27333,0,
0.0000,0.0075,1.27350,0,
0.0000,0.0075,1.27367,0,
0.0000,0.0075,1.27383,0,
0.0000,0.0075,1.27400,0,
0.0000,0.0075,1.27417,0,
0.0000,0.0075,1.27433,0,
0.0000,0.0075,1.27450,0,
0.0000,0.0075,1.27467,0,
0.0000,0.0075,1.27483,0,
0.0000,0.0075,1.27500,0,
0.0000,0.0075,1.27517,0,
0.0000,0.0075,1.27533,0,
0.0000,0.0075,1.27550,0,
0.0000,0.0075,1.27567,0,
0.0000,0.0075,1.27583,0,
0.0000,0.0075,1.27600,0,
0.0000,0.0075,1.27617,0,
0.0000,0.0075,1.27633,0,
0.0000,0.0075,1.27650,0,
0.0000,0.0075,1.27667,0,
0.0000,0.0075,1.27683,0,
0.0000,0.0075,1.27700,0,
0.0000,0.0075,1.27717,0,
0.0000,0.0075,1.27733,0,
0.0000,0.0075,1.27750,0,
0.0000,0.0075,1.27767,0,
0.0000,0.0075,1.27783,0,
0.0000,0.0075,1.27800,0,
0.0000,0.0075,1.27817,0,
0.0000,0.0075,1.27833,0,
0.0000,0.0075,1.27850,0,
0.0000,0.0075,1.27867,0,
0.0000,0.0075,1.27883,0,
0.0000,0.0075,1.27900,0,
0.0000,0.0075,1.27917,0,
0.0000,0.0075,1.27933,0,
0.0000,0.0075,1.27950,0,
0.0000,0.0075,1.27967,0,
0.0000,0.0075,1.27983,0,
0.0000,0.0075,1.28000,0,
0.0000,0.0075,1.28017,0,
0.0000,0.0075,1.28033,0,
0.0000,0.0075,1.28050,0,
0.0000,0.0075,1.28067,0,
0.0000,0.0075,1.28083,0,
0.0000,0.0075,1.28100,0,
0.0000,0.0075,1.28117,0,
0.0000,0.0075,1.28133,0,
0.0000,0.0075,1.28150,0,
0.0000,0.0075,1.28167,0,
0.0000,0.0075,1.28183,0,
0.0000,0.0075,1.28200,0,
0.0000,0.0075,1.28217,0,
0.0000,0.0075,1.28233,0,
0.0000,0.0075,1.28250,0,
0.0000,0.0075,1.28267,0,
0.0000,0.0075,1.28283,0,
0.0000,0.0075,1.28300,0,
0.0000,0.0075,1.28317,0,
0.0000,0.0075,1.28333,0,
0.0000,0.0075,1.28350,0,
0.0000,0.0075,1.28367,0,
0.0000,0.0075,1.28383,0,
0.0000,0.0075,1.28400,0,
0.0000,0.0075,1.28417,0,
0.0000,0.0075,1.28433,0,
0.0000,0.0075,1.28450,0,
0.0000,0.0075,1.28467,0,
0.0000,0.0075,1.28483,0,
0.0000,0.0075,1.28500,0,
0.0000,0.0075,1.28517,0,
0.0000,0.0075,1.28533,0,
0.0000,0.0075,1.28550,0,
0.0000,0.0075,1.28567,0,
0.0000,0.0075,1.28583,0,
0.0000,0.0075,1.28600,0,
0.0000,0.0075,1.28617,0,
0.0000,0.0075,1.28633,0,
0.0000,0.0075,1.28650,0,
0.0000,0.0075,1.28667,0,
0.0000,0.0075,1.28683,0,
0.0000,0.0075,1.28700,0,
0.0000,0.0075,1.28717,0,
0.0000,0.0075,1.28733,0,
0.0000,0.0075,1.28750,0,
0.0000,0.0075,1.28767,0,
0.0000,0.0075,1.28783,0,
0.0000,0.0075,1.28800,0,
0.0000,0.0075,1.28817,0,
0.0000,0.0075,1.28833,0,
0.0000,0.0075,1.28850,0,
0.0000,0.0075,1.28867,0,
0.0000,0.0075,1.28883,0,
0.0000,0.0075,1.28900,0,
0.0000,0.0075,1.28917,0,
0.0000,0.0075,1.28933,0,
0.0000,0.0075,1.28950,0,
0.0000,0.0075,1.28967,0,
0.0000,0.0075,1.28983,0,
0.0000,0.0075,1.29000,0,
0.0000,0.0075,1.29017,0,
0.0000,0.0075,1.29033,0,
0.0000,0.0075,1.29050,0,
0.0000,0.0075,1.29067,0,
0.0000,0.0075,1.29083,0,
0.0000,0.0075,1.29100,0,
0.0000,0.0075,1.29117,0,
0.0000,0.0075,1.29133,0,
0.0000,0.0075,1.29150,0,
0.0000,0.0075,1.29167,0,
0.0000,0.0075,1.29183,0,
0.0000,0.0075,1.29200,0,
0.0000,0.0075,1.29217,0,
0.0000,0.0075,1.29233,0,
0.0000,0.0075,1.29250,0,
0.0000,0.0075,1.29267,0,
0.0000,0.0075,1.29283,0,
0.0000,0.0075,1.29300,0,
0.0000,0.0075,1.29317,0,
0.0000,0.0075,1.29333,0,
0.0000,0.0075,1.29350,0,
0.0000,0.0075,1.29367,0,
0.0000,0.0075,1.29383,0,
0.0000,0.0075,1.29400,0,
0.0000,0.0075,1.29417,0,
0.0000,0.0075,1.29433,0,
0.0000,0.0075,1.29450,0,
0.0000,0.0075,1.29467,0,
0.0000,0.0075,1.29483,0,
0.0000,0.0075,1.29500,0,
0.0000,0.0075,1.29517,0,
0.0000,0.0075,1.29533,0,
0.0000,0.0075,1.29550,0,
0.0000,0.0075,1.29567,0,
0.0000,0.0075,1.29583,0,
0.0000,0.0075,1.29600,0,
0.0000,0.0075,1.29617,0,
0.0000,0.0075,1.29633,0,
0.0000,0.0075,1.29650,0,
0.0000,0.0075,1.29667,0,
0.0000,0.0075,1.29683,0,
0.0000,0.0075,1.29700,0,
0.0000,0.0075,1.29717,0,
0.0000,0.0075,1.29733,0,
0.0000,0.0075,1.29750,0,
0.0000,0.0075,1.29767,0,
0.0000,0.0075,1.29783,0,
0.0000,0.0075,1.29800,0,
0.0000,0.0075,1.29817,0,
0.0000,0.0075,1.29833,0,
0.0000,0.0075,1.29850,0,
0.0000,0.0075,1.29867,0,
0.0000,0.0075,1.29883,0,
0.0000,0.0075,1.29900,0,
0.0000,0.0075,1.29917,0,
0.0000,0.0075,1.29933,0,
0.0000,0.0075,1.29950,0,
0.0000,0.0075,1.29967,0,
0.0000,0.0075,1.29983,0,
0.0000,0.0075,1.30000,0,
-0.0372,0.0075,1.30017,0,
0.0000,0.0075,1.30033,0,
0.0000,0.0075,1.30050,0,
0.0000,0.0075,1.30067,0,
0.0000,0.0075,1.30083,0,
0.0000,0.0075,1.30100,0,
0.0000,0.0075,1.30117,0,
0.0000,0.0075,1.30133,0,
0.0000,0.0075,1.30150,0,
0.0000,0.0075,1.30167,0,
0.0000,0.0075,1.30183,0,
0.0000,0.0075,1.30200,0,
0.0000,0.0075,1.30217,0,
0.0000,0.0075,1.30233,0,
0.0000,0.0075,1.30250,0,
0.0000,0.0075,1.30267,0,
0.0000,0.0075,1.30283,0,
0.0000,0.0075,1.30300,0,
0.0000,0.0075,1.30317,0,
0.0000,0.0075,1.30333,0,
0.0000,0.0075,1.30350,0,
0.0000,0.0075,1.30367,0,
0.0000,0.0075,1.30383,0,
0.0000,0.0075,1.30400,0,
0.0000,0.0075,1.30417,0,
0.0000,0.0075,1.30433,0,
0.0000,0.0075,1.30450,0,
0.0000,0.0075,1.30467,0,
0.0000,0.0075,1.30483,0,
0.0000,0.0075,1.30500,0,
0.0000,0.0075,1.30517,0,
0.0000,0.0075,1.30533,0,
0.0000,0.0075,1.30550,0,
0.0000,0.0075,1.30567,0,
0.0000,0.0075,1.30583,0,
0.0000,0.0075,1.30600,0,
0.0000,0.0075,1.30617,0,
0.0000,0.0075,1.30633,0,
0.0000,0.0075,1.30650,0,
0.0000,0.0075,1.30667,0,
0.0000,0.0075,1.30683,0,
0.0000,0.0075,1.30700,0,
0.0000,0.0075,1.30717,0,
0.0000,0.0075,1.30733,0,
0.0000,0.0075,1.30750,0,
0.0000,0.0075,1.30767,0,
0.0000,0.0075,1.30783,0,
0.0000,0.0075,1.30800,0,
0.0000,0.0075,1.30817,0,
0.0000,0.0075,1.30833,0,
0.0000,0.0075,1.30850,0,
0.0000,0.0075,1.30867,0,
0.0000,0.0075,1.30883,0,
0.0000,0.0075,1.30900,0,
0.0000,0.0075,1.30917,0,
0.0000,0.0075,1.30933,0,
0.0000,0.0075,1.30950,0,
0.0000,0.0075,1.30967,0,
0.0000,0.0075,1.30983,0,
0.0000,0.0075,1.31000,0,
0.0000,0.0075,1.31017,0,
0.0000,0.0075,1.31033,0,
0.0000,0.0075,1.31050,0,
0.0000,0.0075,1.31067,0,
0.0000,0.0075,1.31083,0,
0.0000,0.0075,1.31100,0,
0.0000,0.0075,1.31117,0,
0.0000,0.0075,1.31133,0,
0.0000,0.0075,1.31150,0,
0.0000,0.0075,1.31167,0,
0.0000,0.0075,1.31183,0,
0.0000,0.0075,1.31200,0,
0.0000,0.0075,1.31217,0,
0.0000,0.0075,1.31233,0,
0.0000,0.0075,1.31250,0,
0.0000,0.0075,1.31267,0,
0.0000,0.0075,1.31283,0,
0.0000,0.0075,1.31300,0,
0.0000,0.0075,1.31317,0,
0.0000,0.0075,1.31333,0,
0.0000,0.0075,1.31350,0,
0.0000,0.0075,1.31367,0,
0.0000,0.0075,1.31383,0,
0.0000,0.0075,1.31400,0,
0.0000,0.0075,1.31417,0,
0.0000,0.0075,1.31433,0,
0.0000,0.0075,1.31450,0,
0.0000,0.0075,1.31467,0,
0.0000,0.0075,1.31483,0,
0.0000,0.0075,1.31500,0,
0.0000,0.0075,1.31517,0,
0.0000,0.0075,1.31533,0,
0.0000,0.0075,1.31550,0,
0.0000,0.0075,1.31567,0,
0.0000,0.0075,1.31583,0,
0.0000,0.0075,1.31600,0,
0.0000,0.0075,1.31617,0,
0.0000,0.0075,1.31633,0,
0.0000,0.0075,1.31650,0,
0.0000,0.0075,1.31667,0,
0.0000,0.0075,1.31683,0,
0.0000,0.0075,1.31700,0,
0.0000,0.0075,1.31717,0,
0.0000,0.0075,1.31733,0,
0.0000,0.0075,1.31750,0,
0.0000,0.0075,1.31767,0,
0.0000,0.0075,1.31783,0,
0.0000,0.0075,1.31800,0,
0.0000,0.0075,1.31817,0,
0.0000,0.0075,1.31833,0,
0.0000,0.0075,1.31850,0,
0.0000,0.0075,1.31867,0,
0.0000,0.0075,1.31883,0,
0.0000,0.0075,1.31900,0,
0.0000,0.0075,1.31917,0,
0.0000,0.0075,1.31933,0,
0.0000,0.0075,1.31950,0,
0.0000,0.0075,1.31967,0,
0.0000,0.0075,1.31983,0,
0.0000,0.0075,1.32000,0,
0.0000,0.0075,1.32017,0,
0.0000,0.0075,1.32033,0,
0.0000,0.0075,1.32050,0,
-0.0372,0.0075,1.32067,0,
0.0000,0.0075,1.32083,0,
0.0000,0.0075,1.32100,0,
0.0000,0.0075,1.32117,0,
0.0000,0.0075,1.32133,0,
0.0000,0.0075,1.32150,0,
0.0000,0.0075,1.32167,0,
0.0000,0.0075,1.32183,0,
0.0000,0.0075,1.32200,0,
0.0000,0.0075,1.32217,0,
0.0000,0.0075,1.32233,0,
-0.0372,0.0075,1.32250,0,
0.0000,0.0075,1.32267,0,
0.0000,0.0075,1.32283,0,
0.0000,0.0075,1.32300,0,
0.0000,0.0075,1.32317,0,
0.0000,0.0075,1.32333,0,
0.0000,0.0075,1.32350,0,
0.0000,0.0075,1.32367,0,
0.0000,0.0075,1.32383,0,
0.0000,0.0075,1.32400,0,
0.0000,0.0075,1.32417,0,
0.0000,0.0075,1.32433,0,
0.0000,0.0075,1.32450,0,
0.0000,0.0075,1.32467,0,
0.0000,0.0075,1.32483,0,
0.0000,0.0075,1.32500,0,
0.0000,0.0075,1.32517,0,
0.0000,0.0075,1.32533,0,
0.0000,0.0075,1.32550,0,
0.0000,0.0075,1.32567,0,
0.0000,0.0075,1.32583,0,
0.0000,0.0075,1.32600,0,
0.0000,0.0075,1.32617,0,
0.0000,0.0075,1.32633,0,
0.0000,0.0075,1.32650,0,
0.0000,0.0075,1.32667,0,
0.0000,0.0075,1.32683,0,
0.0000,0.0075,1.32700,0,
0.0000,0.0075,1.32717,0,
0.0000,0.0075,1.32733,0,
0.0000,0.0075,1.32750,0,
0.0000,0.0075,1.32767,0,
0.0000,0.0075,1.32783,0,
0.0000,0.0075,1.32800,0,
0.0000,0.0075,1.32817,0,
0.0000,0.0075,1.32833,0,
0.0000,0.0075,1.32850,0,
0.0000,0.0075,1.32867,0,
0.0000,0.0075,1.32883,0,
0.0000,0.0075,1.32900,0,
0.0000,0.0075,1.32917,0,
0.0000,0.0075,1.32933,0,
0.0000,0.0075,1.32950,0,
0.0000,0.0075,1.32967,0,
0.0000,0.0075,1.32983,0,
0.0000,0.0075,1.33000,0,
0.0000,0.0075,1.33017,0,
0.0000,0.0075,1.33033,0,
0.0000,0.0075,1.33050,0,
0.0000,0.0075,1.33067,0,
0.0000,0.0075,1.33083,0,
0.0000,0.0075,1.33100,0,
0.0000,0.0075,1.33117,0,
0.0000,0.0075,1.33133,0,
0.0000,0.0075,1.33150,0,
0.0000,0.0075,1.33167,0,
0.0000,0.0075,1.33183,0,
0.0000,0.0075,1.33200,0,
0.0000,0.0075,1.33217,0,
0.0000,0.0075,1.33233,0,
0.0000,0.0075,1.33250,0,
0.0000,0.0075,1.33267,0,
0.0000,0.0075,1.33283,0,
0.0000,0.0075,1.33300,0,
0.0000,0.0075,1.33317,0,
0.0000,0.0075,1.33333,0,
0.0000,0.0075,1.33350,0,
0.0000,0.0075,1.33367,0,
0.0000,0.0075,1.33383,0,
0.0000,0.0075,1.33400,0,
0.0000,0.0075,1.33417,0,
0.0000,0.0075,1.33433,0,
0.0000,0.0075,1.33450,0,
0.0000,0.0075,1.33467,0,
0.0000,0.0075,1.33483,0,
0.0000,0.0075,1.33500,0,
0.0000,0.0075,1.33517,0,
0.0000,0.0075,1.33533,0,
0.0000,0.0075,1.33550,0,
0.0000,0.0075,1.33567,0,
0.0000,0.0075,1.33583,0,
0.0000,0.0075,1.33600,0,
0.0000,0.0075,1.33617,0,
0.0000,0.0075,1.33633,0,
0.0000,0.0075,1.33650,0,
0.0000,0.0075,1.33667,0,
0.0000,0.0075,1.33683,0,
0.0000,0.0075,1.33700,0,
0.0000,0.0075,1.33717,0,
0.0000,0.0075,1.33733,0,
0.0000,0.0075,1.33750,0,
0.0000,0.0075,1.33767,0,
0.0000,0.0075,1.33783,0,
0.0000,0.0075,1.33800,0,
0.0000,0.0075,1.33817,0,
0.0000,0.0075,1.33833,0,
0.0000,0.0075,1.33850,0,
0.0000,0.0075,1.33867,0,
0.0000,0.0075,1.33883,0,
0.0000,0.0075,1.33900,0,
0.0000,0.0075,1.33917,0,
0.0000,0.0075,1.33933,0,
0.0000,0.0075,1.33950,0,
0.0000,0.0075,1.33967,0,
0.0000,0.0075,1.33983,0,
0.0000,0.0075,1.34000,0,
0.0000,0.0075,1.34017,0,
0.0000,0.0075,1.34033,0,
0.0000,0.0075,1.34050,0,
0.0000,0.0075,1.34067,0,
0.0000,0.0075,1.34083,0,
0.0000,0.0075,1.34100,0,
0.0000,0.0075,1.34117,0,
0.0000,0.0075,1.34133,0,
0.0000,0.0075,1.34150,0,
0.0000,0.0075,1.34167,0,
0.0000,0.0075,1.34183,0,
0.0000,0.0075,1.34200,0,
0.0000,0.0075,1.34217,0,
0.0000,0.0075,1.34233,0,
0.0000,0.0075,1.34250,0,
0.0000,0.0075,1.34267,0,
0.0000,0.0075,1.34283,0,
0.0000,0.0075,1.34300,0,
0.0000,0.0075,1.34317,0,
0.0000,0.0075,1.34333,0,
0.0000,0.0075,1.34350,0,
0.0000,0.0075,1.34367,0,
0.0000,0.0075,1.34383,0,
0.0000,0.0075,1.34400,0,
0.0000,0.0075,1.34417,0,
0.0000,0.0075,1.34433,0,
0.0000,0.0075,1.34450,0,
0.0000,0.0075,1.34467,0,
0.0000,0.0075,1.34483,0,
0.0000,0.0075,1.34500,0,
0.0000,0.0075,1.34517,0,
0.0000,0.0075,1.34533,0,
0.0000,0.0075,1.34550,0,
0.0000,0.0075,1.34567,0,
0.0000,0.0075,1.34583,0,
0.0000,0.0075,1.34600,0,
0.0000,0.0075,1.34617,0,
0.0000,0.0075,1.34633,0,
0.0000,0.0075,1.34650,0,
0.0000,0.0075,1.34667,0,
0.0000,0.0075,1.34683,0,
0.0000,0.0075,1.34700,0,
0.0000,0.0075,1.34717,0,
0.0000,0.0075,1.34733,0,
0.0000,0.0075,1.34750,0,
0.0000,0.0075,1.34767,0,
0.0000,0.0075,1.34783,0,
0.0000,0.0075,1.34800,0,
0.0000,0.0075,1.34817,0,
0.0000,0.0075,1.34833,0,
0.0000,0.0075,1.34850,0,
0.0000,0.0075,1.34867,0,
0.0000,0.0075,1.34883,0,
0.0000,0.0075,1.34900,0,
0.0000,0.0075,1.34917,0,
0.0000,0.0075,1.34933,0,
0.0000,0.0075,1.34950,0,
0.0000,0.0075,1.34967,0,
0.0000,0.0075,1.34983,0,
0.0000,0.0075,1.35000,0,
0.0000,0.0075,1.35017,0,
0.0000,0.0075,1.35033,0,
0.0000,0.0075,1.35050,0,
0.0000,0.0075,1.35067,0,
0.0000,0.0075,1.35083,0,
0.0000,0.0075,1.35100,0,
0.0000,0.0075,1.35117,0,
0.0000,0.0075,1.35133,0,
0.0000,0.0075,1.35150,0,
0.0000,0.0075,1.35167,0,
0.0000,0.0075,1.35183,0,
0.0000,0.0075,1.35200,0,
0.0000,0.0075,1.35217,0,
0.0000,0.0075,1.35233,0,
0.0000,0.0075,1.35250,0,
0.0000,0.0075,1.35267,0,
0.0000,0.0075,1.35283,0,
0.0000,0.0075,1.35300,0,
0.0000,0.0075,1.35317,0,
0.0000,0.0075,1.35333,0,
0.0000,0.0075,1.35350,0,
0.0000,0.0075,1.35367,0,
0.0000,0.0075,1.35383,0,
0.0000,0.0075,1.35400,0,
0.0000,0.0075,1.35417,0,
0.0000,0.0075,1.35433,0,
0.0000,0.0075,1.35450,0,
0.0000,0.0075,1.35467,0,
0.0000,0.0075,1.35483,0,
0.0000,0.0075,1.35500,0,
0.0000,0.0075,1.35517,0,
0.0000,0.0075,1.35533,0,
0.0000,0.0075,1.35550,0,
0.0000,0.0075,1.35567,0,
0.0000,0.0075,1.35583,0,
0.0000,0.0075,1.35600,0,
0.0000,0.0075,1.35617,0,
0.0000,0.0075,1.35633,0,
0.0000,0.0075,1.35650,0,
0.0000,0.0075,1.35667,0,
0.0000,0.0075,1.35683,0,
0.0000,0.0075,1.35700,0,
0.0000,0.0075,1.35717,0,
0.0000,0.0075,1.35733,0,
0.0000,0.0075,1.35750,0,
0.0000,0.0075,1.35767,0,
0.0000,0.0075,1.35783,0,
0.0000,0.0075,1.35800,0,
0.0000,0.0075,1.35817,0,
0.0000,0.0075,1.35833,0,
0.0000,0.0075,1.35850,0,
0.0000,0.0075,1.35867,0,
0.0000,0.0075,1.35883,0,
0.0000,0.0075,1.35900,0,
0.0000,0.0075,1.35917,0,
0.0000,0.0075,1.35933,0,
0.0000,0.0075,1.35950,0,
0.0000,0.0075,1.35967,0,
0.0000,0.0075,1.35983,0,
0.0000,0.0075,1.36000,0,
0.0000,0.0075,1.36017,0,
0.0000,0.0075,1.36033,0,
0.0000,0.0075,1.36050,0,
0.0000,0.0075,1.36067,0,
0.0000,0.0075,1.36083,0,
0.0000,0.0075,1.36100,0,
0.0000,0.0075,1.36117,0,
0.0000,0.0075,1.36133,0,
0.0000,0.0075,1.36150,0,
0.0000,0.0075,1.36167,0,
0.0000,0.0075,1.36183,0,
0.0000,0.0075,1.36200,0,
0.0000,0.0075,1.36217,0,
0.0000,0.0075,1.36233,0,
0.0000,0.0075,1.36250,0,
0.0000,0.0075,1.36267,0,
0.0000,0.0075,1.36283,0,
0.0000,0.0075,1.36300,0,
0.0000,0.0075,1.36317,0,
0.0000,0.0075,1.36333,0,
0.0000,0.0075,1.36350,0,
0.0000,0.0075,1.36367,0,
0.0000,0.0075,1.36383,0,
0.0000,0.0075,1.36400,0,
0.0000,0.0075,1.36417,0,
0.0000,0.0075,1.36433,0,
0.0000,0.0075,1.36450,0,
0.0000,0.0075,1.36467,0,
0.0000,0.0075,1.36483,0,
0.0000,0.0075,1.36500,0,
0.0000,0.0075,1.36517,0,
0.0000,0.0075,1.36533,0,
0.0000,0.0075,1.36550,0,
0.0000,0.0075,1.36567,0,
0.0000,0.0075,1.36583,0,
0.0000,0.0075,1.36600,0,
0.0000,0.0075,1.36617,0,
0.0000,0.0075,1.36633,0,
0.0000,0.0075,1.36650,0,
0.0000,0.0075,1.36667,0,
0.0000,0.0075,1.36683,0,
0.0000,0.0075,1.36700,0,
0.0000,0.0075,1.36717,0,
0.0000,0.0075,1.36733,0,
0.0000,0.0075,1.36750,0,
0.0000,0.0075,1.36767,0,
0.0000,0.0075,1.36783,0,
0.0000,0.0075,1.36800,0,
0.0000,0.0075,1.36817,0,
0.0000,0.0075,1.36833,0,
0.0000,0.0075,1.36850,0,
0.0000,0.0075,1.36867,0,
0.0000,0.0075,1.36883,0,
0.0000,0.0075,1.36900,0,
0.0000,0.0075,1.36917,0,
0.0000,0.0075,1.36933,0,
0.0000,0.0075,1.36950,0,
0.0000,0.0075,1.36967,0,
0.0000,0.0075,1.36983,0,
0.0000,0.0075,1.37000,0,
0.0000,0.0075,1.37017,0,
0.0000,0.0075,1.37033,0,
0.0000,0.0075,1.37050,0,
0.0000,0.0075,1.37067,0,
0.0000,0.0075,1.37083,0,
0.0000,0.0075,1.37100,0,
0.0000,0.0075,1.37117,0,
0.0000,0.0075,1.37133,0,
0.0000,0.0075,1.37150,0,
0.0000,0.0075,1.37167,0,
0.0000,0.0075,1.37183,0,
0.0000,0.0075,1.37200,0,
0.0000,0.0075,1.37217,0,
0.0000,0.0075,1.37233,0,
0.0000,0.0075,1.37250,0,
0.0000,0.0075,1.37267,0,
0.0000,0.0075,1.37283,0,
0.0000,0.0075,1.37300,0,
0.0000,0.0075,1.37317,0,
0.0000,0.0075,1.37333,0,
0.0000,0.0075,1.37350,0,
0.0000,0.0075,1.37367,0,
0.0000,0.0075,1.37383,0,
0.0000,0.0075,1.37400,0,
0.0000,0.0075,1.37417,0,
0.0000,0.0075,1.37433,0,
0.0000,0.0075,1.37450,0,
0.0000,0.0075,1.37467,0,
0.0000,0.0075,1.37483,0,
0.0000,0.0075,1.37500,0,
0.0000,0.0075,1.37517,0,
0.0000,0.0075,1.37533,0,
0.0000,0.0075,1.37550,0,
0.0000,0.0075,1.37567,0,
0.0000,0.0075,1.37583,0,
0.0000,0.0075,1.37600,0,
0.0000,0.0075,1.37617,0,
0.0000,0.0075,1.37633,0,
0.0000,0.0075,1.37650,0,
0.0000,0.0075,1.37667,0,
0.0000,0.0075,1.37683,0,
0.0000,0.0075,1.37700,0,
0.0000,0.0075,1.37717,0,
0.0000,0.0075,1.37733,0,
0.0000,0.0075,1.37750,0,
0.0000,0.0075,1.37767,0,
0.0000,0.0075,1.37783,0,
0.0000,0.0075,1.37800,0,
0.0000,0.0075,1.37817,0,
0.0000,0.0075,1.37833,0,
0.0000,0.0075,1.37850,0,
0.0000,0.0075,1.37867,0,
0.0000,0.0075,1.37883,0,
0.0000,0.0075,1.37900,0,
0.0000,0.0075,1.37917,0,
0.0000,0.0075,1.37933,0,
0.0000,0.0075,1.37950,0,
0.0000,0.0075,1.37967,0,
0.0000,0.0075,1.37983,0,
0.0000,0.0075,1.38000,0,
0.0000,0.0075,1.38017,0,
0.0000,0.0075,1.38033,0,
0.0000,0.0075,1.38050,0,
0.0000,0.0075,1.38067,0,
0.0000,0.0075,1.38083,0,
0.0000,0.0075,1.38100,0,
0.0000,0.0075,1.38117,0,
0.0000,0.0075,1.38133,0,
0.0000,0.0075,1.38150,0,
0.0000,0.0075,1.38167,0,
0.0000,0.0075,1.38183,0,
0.0000,0.0075,1.38200,0,
0.0000,0.0075,1.38217,0,
0.0000,0.0075,1.38233,0,
0.0000,0.0075,1.38250,0,
0.0000,0.0075,1.38267,0,
0.0000,0.0075,1.38283,0,
0.0000,0.0075,1.38300,0,
0.0000,0.0075,1.38317,0,
0.0000,0.0075,1.38333,0,
0.0000,0.0075,1.38350,0,
0.0000,0.0075,1.38367,0,
0.0000,0.0075,1.38383,0,
0.0000,0.0075,1.38400,0,
0.0000,0.0075,1.38417,0,
0.0000,0.0075,1.38433,0,
0.0000,0.0075,1.38450,0,
0.0000,0.0075,1.38467,0,
0.0000,0.0075,1.38483,0,
0.0000,0.0075,1.38500,0,
0.0000,0.0075,1.38517,0,
0.0000,0.0075,1.38533,0,
0.0000,0.0075,1.38550,0,
0.0000,0.0075,1.38567,0,
0.0000,0.0075,1.38583,0,
0.0000,0.0075,1.38600,0,
0.0000,0.0075,1.38617,0,
0.0000,0.0075,1.38633,0,
0.0000,0.0075,1.38650,0,
0.0000,0.0075,1.38667,0,
0.0000,0.0075,1.38683,0,
0.0000,0.0075,1.38700,0,
0.0000,0.0075,1.38717,0,
0.0000,0.0075,1.38733,0,
0.0000,0.0075,1.38750,0,
0.0000,0.0075,1.38767,0,
0.0000,0.0075,1.38783,0,
0.0000,0.0075,1.38800,0,
0.0000,0.0075,1.38817,0,
0.0000,0.0075,1.38833,0,
0.0000,0.0075,1.38850,0,
0.0000,0.0075,1.38867,0,
0.0000,0.0075,1.38883,0,
0.0000,0.0075,1.38900,0,
0.0000,0.0075,1.38917,0,
0.0000,0.0075,1.38933,0,
0.0000,0.0075,1.38950,0,
0.0000,0.0075,1.38967,0,
0.0000,0.0075,1.38983,0,
0.0000,0.0075,1.39000,0,
0.0000,0.0075,1.39017,0,
0.0000,0.0075,1.39033,0,
0.0000,0.0075,1.39050,0,
0.0000,0.0075,1.39067,0,
0.0000,0.0075,1.39083,0,
0.0000,0.0075,1.39100,0,
0.0000,0.0075,1.39117,0,
0.0000,0.0075,1.39133,0,
0.0000,0.0075,1.39150,0,
0.0000,0.0075,1.39167,0,
0.0000,0.0075,1.39183,0,
0.0000,0.0075,1.39200,0,
0.0000,0.0075,1.39217,0,
0.0000,0.0075,1.39233,0,
0.0000,0.0075,1.39250,0,
0.0000,0.0075,1.39267,0,
0.0000,0.0075,1.39283,0,
0.0000,0.0075,1.39300,0,
0.0000,0.0075,1.39317,0,
0.0000,0.0075,1.39333,0,
0.0000,0.0075,1.39350,0,
0.0000,0.0075,1.39367,0,
0.0000,0.0075,1.39383,0,
0.0000,0.0075,1.39400,0,
0.0000,0.0075,1.39417,0,
0.0000,0.0075,1.39433,0,
0.0000,0.0075,1.39450,0,
0.0000,0.0075,1.39467,0,
0.0000,0.0075,1.39483,0,
0.0000,0.0075,1.39500,0,
0.0000,0.0075,1.39517,0,
0.0000,0.0075,1.39533,0,
0.0000,0.0075,1.39550,0,
0.0000,0.0075,1.39567,0,
0.0000,0.0075,1.39583,0,
0.0000,0.0075,1.39600,0,
-0.0372,0.0075,1.39617,0,
0.0000,0.0075,1.39633,0,
0.0000,0.0075,1.39650,0,
0.0000,0.0075,1.39667,0,
-0.0372,0.0075,1.39683,0,
0.0000,0.0075,1.39700,0,
0.0000,0.0075,1.39717,0,
0.0000,0.0075,1.39733,0,
0.0000,0.0075,1.39750,0,
0.0000,0.0075,1.39767,0,
0.0000,0.0075,1.39783,0,
0.0000,0.0075,1.39800,0,
0.0000,0.0075,1.39817,0,
0.0000,0.0075,1.39833,0,
0.0000,0.0075,1.39850,0,
0.0000,0.0075,1.39867,0,
0.0000,0.0075,1.39883,0,
0.0000,0.0075,1.39900,0,
0.0000,0.0075,1.39917,0,
0.0000,0.0075,1.39933,0,
0.0000,0.0075,1.39950,0,
0.0000,0.0075,1.39967,0,
0.0000,0.0075,1.39983,0,
0.0000,0.0075,1.40000,0,
0.0000,0.0075,1.40017,0,
0.0000,0.0075,1.40033,0,
0.0000,0.0075,1.40050,0,
0.0000,0.0075,1.40067,0,
0.0000,0.0075,1.40083,0,
0.0000,0.0075,1.40100,0,
0.0000,0.0075,1.40117,0,
0.0000,0.0075,1.40133,0,
0.0000,0.0075,1.40150,0,
0.0000,0.0075,1.40167,0,
0.0000,0.0075,1.40183,0,
0.0000,0.0075,1.40200,0,
0.0000,0.0075,1.40217,0,
0.0000,0.0075,1.40233,0,
0.0000,0.0075,1.40250,0,
0.0000,0.0075,1.40267,0,
0.0000,0.0075,1.40283,0,
0.0000,0.0075,1.40300,0,
0.0000,0.0075,1.40317,0,
0.0000,0.0075,1.40333,0,
0.0000,0.0075,1.40350,0,
0.0000,0.0075,1.40367,0,
0.0000,0.0075,1.40383,0,
0.0000,0.0075,1.40400,0,
0.0000,0.0075,1.40417,0,
0.0000,0.0075,1.40433,0,
0.0000,0.0075,1.40450,0,
0.0000,0.0075,1.40467,0,
0.0000,0.0075,1.40483,0,
0.0000,0.0075,1.40500,0,
0.0000,0.0075,1.40517,0,
0.0000,0.0075,1.40533,0,
0.0000,0.0075,1.40550,0,
0.0000,0.0075,1.40567,0,
0.0000,0.0075,1.40583,0,
0.0000,0.0075,1.40600,0,
0.0000,0.0075,1.40617,0,
0.0000,0.0075,1.40633,0,
0.0000,0.0075,1.40650,0,
0.0000,0.0075,1.40667,0,
0.0000,0.0075,1.40683,0,
0.0000,0.0075,1.40700,0,
0.0000,0.0075,1.40717,0,
0.0000,0.0075,1.40733,0,
0.0000,0.0075,1.40750,0,
0.0000,0.0075,1.40767,0,
0.0000,0.0075,1.40783,0,
0.0000,0.0075,1.40800,0,
0.0000,0.0075,1.40817,0,
0.0000,0.0075,1.40833,0,
0.0000,0.0075,1.40850,0,
0.0000,0.0075,1.40867,0,
0.0000,0.0075,1.40883,0,
0.0000,0.0075,1.40900,0,
0.0000,0.0075,1.40917,0,
0.0000,0.0075,1.40933,0,
0.0000,0.0075,1.40950,0,
0.0000,0.0075,1.40967,0,
0.0000,0.0075,1.40983,0,
0.0000,0.0075,1.41000,0,
0.0000,0.0075,1.41017,0,
0.0000,0.0075,1.41033,0,
0.0000,0.0075,1.41050,0,
0.0000,0.0075,1.41067,0,
0.0000,0.0075,1.41083,0,
0.0000,0.0075,1.41100,0,
0.0000,0.0075,1.41117,0,
0.0000,0.0075,1.41133,0,
0.0000,0.0075,1.41150,0,
0.0000,0.0075,1.41167,0,
0.0000,0.0075,1.41183,0,
0.0000,0.0075,1.41200,0,
0.0000,0.0075,1.41217,0,
0.0000,0.0075,1.41233,0,
0.0000,0.0075,1.41250,0,
0.0000,0.0075,1.41267,0,
0.0000,0.0075,1.41283,0,
0.0000,0.0075,1.41300,0,
0.0000,0.0075,1.41317,0,
0.0000,0.0075,1.41333,0,
0.0000,0.0075,1.41350,0,
0.0000,0.0075,1.41367,0,
0.0000,0.0075,1.41383,0,
0.0000,0.0075,1.41400,0,
0.0000,0.0075,1.41417,0,
0.0000,0.0075,1.41433,0,
0.0000,0.0075,1.41450,0,
0.0000,0.0075,1.41467,0,
0.0000,0.0075,1.41483,0,
0.0000,0.0075,1.41500,0,
0.0000,0.0075,1.41517,0,
0.0000,0.0075,1.41533,0,
0.0000,0.0075,1.41550,0,
0.0000,0.0075,1.41567,0,
0.0000,0.0075,1.41583,0,
0.0000,0.0075,1.41600,0,
0.0000,0.0075,1.41617,0,
0.0000,0.0075,1.41633,0,
0.0000,0.0075,1.41650,0,
0.0000,0.0075,1.41667,0,
0.0000,0.0075,1.41683,0,
0.0000,0.0075,1.41700,0,
0.0000,0.0075,1.41717,0,
0.0000,0.0075,1.41733,0,
0.0000,0.0075,1.41750,0,
0.0000,0.0075,1.41767,0,
0.0000,0.0075,1.41783,0,
0.0000,0.0075,1.41800,0,
0.0000,0.0075,1.41817,0,
0.0000,0.0075,1.41833,0,
0.0000,0.0075,1.41850,0,
0.0000,0.0075,1.41867,0,
0.0000,0.0075,1.41883,0,
0.0000,0.0075,1.41900,0,
0.0000,0.0075,1.41917,0,
0.0000,0.0075,1.41933,0,
0.0000,0.0075,1.41950,0,
0.0000,0.0075,1.41967,0,
0.0000,0.0075,1.41983,0,
0.0000,0.0075,1.42000,0,
0.0000,0.0075,1.42017,0,
0.0000,0.0075,1.42033,0,
0.0000,0.0075,1.42050,0,
0.0000,0.0075,1.42067,0,
0.0000,0.0075,1.42083,0,
0.0000,0.0075,1.42100,0,
0.0000,0.0075,1.42117,0,
0.0000,0.0075,1.42133,0,
0.0000,0.0075,1.42150,0,
0.0000,0.0075,1.42167,0,
0.0000,0.0075,1.42183,0,
0.0000,0.0075,1.42200,0,
0.0000,0.0075,1.42217,0,
0.0000,0.0075,1.42233,0,
0.0000,0.0075,1.42250,0,
0.0000,0.0075,1.42267,0,
0.0000,0.0075,1.42283,0,
0.0000,0.0075,1.42300,0,
0.0000,0.0075,1.42317,0,
0.0000,0.0075,1.42333,0,
0.0000,0.0075,1.42350,0,
0.0000,0.0075,1.42367,0,
0.0000,0.0075,1.42383,0,
0.0000,0.0075,1.42400,0,
0.0000,0.0075,1.42417,0,
0.0000,0.0075,1.42433,0,
0.0000,0.0075,1.42450,0,
0.0000,0.0075,1.42467,0,
0.0000,0.0075,1.42483,0,
0.0000,0.0075,1.42500,0,
0.0000,0.0075,1.42517,0,
0.0000,0.0075,1.42533,0,
0.0000,0.0075,1.42550,0,
0.0000,0.0075,1.42567,0,
0.0000,0.0075,1.42583,0,
0.0000,0.0075,1.42600,0,
0.0000,0.0075,1.42617,0,
0.0000,0.0075,1.42633,0,
0.0000,0.0075,1.42650,0,
0.0000,0.0075,1.42667,0,
0.0000,0.0075,1.42683,0,
0.0000,0.0075,1.42700,0,
0.0000,0.0075,1.42717,0,
0.0000,0.0075,1.42733,0,
0.0000,0.0075,1.42750,0,
0.0000,0.0075,1.42767,0,
0.0000,0.0075,1.42783,0,
0.0000,0.0075,1.42800,0,
0.0000,0.0075,1.42817,0,
0.0000,0.0075,1.42833,0,
0.0000,0.0075,1.42850,0,
0.0000,0.0075,1.42867,0,
0.0000,0.0075,1.42883,0,
0.0000,0.0075,1.42900,0,
0.0000,0.0075,1.42917,0,
0.0000,0.0075,1.42933,0,
0.0000,0.0075,1.42950,0,
0.0000,0.0075,1.42967,0,
0.0000,0.0075,1.42983,0,
0.0000,0.0075,1.43000,0,
0.0000,0.0075,1.43017,0,
0.0000,0.0075,1.43033,0,
0.0000,0.0075,1.43050,0,
0.0000,0.0075,1.43067,0,
0.0000,0.0075,1.43083,0,
0.0000,0.0075,1.43100,0,
0.0000,0.0075,1.43117,0,
0.0000,0.0075,1.43133,0,
0.0000,0.0075,1.43150,0,
0.0000,0.0075,1.43167,0,
0.0000,0.0075,1.43183,0,
0.0000,0.0075,1.43200,0,
0.0000,0.0075,1.43217,0,
0.0000,0.0075,1.43233,0,
0.0000,0.0075,1.43250,0,
0.0000,0.0075,1.43267,0,
0.0000,0.0075,1.43283,0,
0.0000,0.0075,1.43300,0,
0.0000,0.0075,1.43317,0,
0.0000,0.0075,1.43333,0,
0.0000,0.0075,1.43350,0,
0.0000,0.0075,1.43367,0,
0.0000,0.0075,1.43383,0,
0.0000,0.0075,1.43400,0,
0.0000,0.0075,1.43417,0,
0.0000,0.0075,1.43433,0,
0.0000,0.0075,1.43450,0,
0.0000,0.0075,1.43467,0,
0.0000,0.0075,1.43483,0,
0.0000,0.0075,1.43500,0,
0.0000,0.0075,1.43517,0,
0.0000,0.0075,1.43533,0,
0.0000,0.0075,1.43550,0,
0.0000,0.0075,1.43567,0,
0.0000,0.0075,1.43583,0,
0.0000,0.0075,1.43600,0,
0.0000,0.0075,1.43617,0,
0.0000,0.0075,1.43633,0,
0.0000,0.0075,1.43650,0,
0.0000,0.0075,1.43667,0,
0.0000,0.0075,1.43683,0,
0.0000,0.0075,1.43700,0,
0.0000,0.0075,1.43717,0,
0.0000,0.0075,1.43733,0,
0.0000,0.0075,1.43750,0,
0.0000,0.0075,1.43767,0,
0.0000,0.0075,1.43783,0,
0.0000,0.0075,1.43800,0,
0.0000,0.0075,1.43817,0,
0.0000,0.0075,1.43833,0,
0.0000,0.0075,1.43850,0,
0.0000,0.0075,1.43867,0,
0.0000,0.0075,1.43883,0,
0.0000,0.0075,1.43900,0,
0.0000,0.0075,1.43917,0,
0.0000,0.0075,1.43933,0,
0.0000,0.0075,1.43950,0,
0.0000,0.0075,1.43967,0,
0.0000,0.0075,1.43983,0,
0.0000,0.0075,1.44000,0,
0.0000,0.0075,1.44017,0,
0.0000,0.0075,1.44033,0,
0.0000,0.0075,1.44050,0,
0.0000,0.0075,1.44067,0,
0.0000,0.0075,1.44083,0,
0.0000,0.0075,1.44100,0,
0.0000,0.0075,1.44117,0,
0.0000,0.0075,1.44133,0,
0.0000,0.0075,1.44150,0,
0.0000,0.0075,1.44167,0,
0.0000,0.0075,1.44183,0,
0.0000,0.0075,1.44200,0,
0.0000,0.0075,1.44217,0,
0.0000,0.0075,1.44233,0,
0.0000,0.0075,1.44250,0,
0.0000,0.0075,1.44267,0,
0.0000,0.0075,1.44283,0,
0.0000,0.0075,1.44300,0,
0.0000,0.0075,1.44317,0,
0.0000,0.0075,1.44333,0,
0.0000,0.0075,1.44350,0,
0.0000,0.0075,1.44367,0,
0.0000,0.0075,1.44383,0,
0.0000,0.0075,1.44400,0,
0.0000,0.0075,1.44417,0,
0.0000,0.0075,1.44433,0,
0.0000,0.0075,1.44450,0,
0.0000,0.0075,1.44467,0,
0.0000,0.0075,1.44483,0,
0.0000,0.0075,1.44500,0,
0.0000,0.0075,1.44517,0,
0.0000,0.0075,1.44533,0,
0.0000,0.0075,1.44550,0,
0.0000,0.0075,1.44567,0,
0.0000,0.0075,1.44583,0,
0.0000,0.0075,1.44600,0,
0.0000,0.0075,1.44617,0,
0.0000,0.0075,1.44633,0,
0.0000,0.0075,1.44650,0,
0.0000,0.0075,1.44667,0,
0.0000,0.0075,1.44683,0,
0.0000,0.0075,1.44700,0,
0.0000,0.0075,1.44717,0,
0.0000,0.0075,1.44733,0,
0.0000,0.0075,1.44750,0,
0.0000,0.0075,1.44767,0,
0.0000,0.0075,1.44783,0,
0.0000,0.0075,1.44800,0,
0.0000,0.0075,1.44817,0,
0.0000,0.0075,1.44833,0,
0.0000,0.0075,1.44850,0,
0.0000,0.0075,1.44867,0,
0.0000,0.0075,1.44883,0,
0.0000,0.0075,1.44900,0,
0.0000,0.0075,1.44917,0,
0.0000,0.0075,1.44933,0,
0.0000,0.0075,1.44950,0,
0.0000,0.0075,1.44967,0,
0.0000,0.0075,1.44983,0,
0.0000,0.0075,1.45000,0,
0.0000,0.0075,1.45017,0,
0.0000,0.0075,1.45033,0,
0.0000,0.0075,1.45050,0,
0.0000,0.0075,1.45067,0,
0.0000,0.0075,1.45083,0,
0.0000,0.0075,1.45100,0,
0.0000,0.0075,1.45117,0,
0.0000,0.0075,1.45133,0,
0.0000,0.0075,1.45150,0,
0.0000,0.0075,1.45167,0,
0.0000,0.0075,1.45183,0,
0.0000,0.0075,1.45200,0,
0.0000,0.0075,1.45217,0,
0.0000,0.0075,1.45233,0,
0.0000,0.0075,1.45250,0,
0.0000,0.0075,1.45267,0,
0.0000,0.0075,1.45283,0,
0.0000,0.0075,1.45300,0,
0.0000,0.0075,1.45317,0,
0.0000,0.0075,1.45333,0,
0.0000,0.0075,1.45350,0,
0.0000,0.0075,1.45367,0,
0.0000,0.0075,1.45383,0,
0.0000,0.0075,1.45400,0,
0.0000,0.0075,1.45417,0,
0.0000,0.0075,1.45433,0,
0.0000,0.0075,1.45450,0,
0.0000,0.0075,1.45467,0,
0.0000,0.0075,1.45483,0,
0.0000,0.0075,1.45500,0,
0.0000,0.0075,1.45517,0,
0.0000,0.0075,1.45533,0,
0.0000,0.0075,1.45550,0,
0.0000,0.0075,1.45567,0,
0.0000,0.0075,1.45583,0,
0.0000,0.0075,1.45600,0,
0.0000,0.0075,1.45617,0,
0.0000,0.0075,1.45633,0,
0.0000,0.0075,1.45650,0,
0.0000,0.0075,1.45667,0,
0.0000,0.0075,1.45683,0,
0.0000,0.0075,1.45700,0,
0.0000,0.0075,1.45717,0,
0.0000,0.0075,1.45733,0,
0.0000,0.0075,1.45750,0,
0.0000,0.0075,1.45767,0,
0.0000,0.0075,1.45783,0,
0.0000,0.0075,1.45800,0,
0.0000,0.0075,1.45817,0,
0.0000,0.0075,1.45833,0,
0.0000,0.0075,1.45850,0,
0.0000,0.0075,1.45867,0,
0.0000,0.0075,1.45883,0,
0.0000,0.0075,1.45900,0,
0.0000,0.0075,1.45917,0,
0.0000,0.0075,1.45933,0,
0.0000,0.0075,1.45950,0,
0.0000,0.0075,1.45967,0,
0.0000,0.0075,1.45983,0,
0.0000,0.0075,1.46000,0,
0.0000,0.0075,1.46017,0,
0.0000,0.0075,1.46033,0,
0.0000,0.0075,1.46050,0,
0.0000,0.0075,1.46067,0,
0.0000,0.0075,1.46083,0,
0.0000,0.0075,1.46100,0,
0.0000,0.0075,1.46117,0,
0.0000,0.0075,1.46133,0,
0.0000,0.0075,1.46150,0,
0.0000,0.0075,1.46167,0,
0.0000,0.0075,1.46183,0,
0.0000,0.0075,1.46200,0,
0.0000,0.0075,1.46217,0,
0.0000,0.0075,1.46233,0,
0.0000,0.0075,1.46250,0,
0.0000,0.0075,1.46267,0,
0.0000,0.0075,1.46283,0,
0.0000,0.0075,1.46300,0,
0.0000,0.0075,1.46317,0,
0.0000,0.0075,1.46333,0,
0.0000,0.0075,1.46350,0,
0.0000,0.0075,1.46367,0,
0.0000,0.0075,1.46383,0,
0.0000,0.0075,1.46400,0,
0.0000,0.0075,1.46417,0,
0.0000,0.0075,1.46433,0,
0.0000,0.0075,1.46450,0,
0.0000,0.0075,1.46467,0,
0.0000,0.0075,1.46483,0,
0.0000,0.0075,1.46500,0,
0.0000,0.0075,1.46517,0,
0.0000,0.0075,1.46533,0,
0.0000,0.0075,1.46550,0,
0.0000,0.0075,1.46567,0,
0.0000,0.0075,1.46583,0,
0.0000,0.0075,1.46600,0,
0.0000,0.0075,1.46617,0,
0.0000,0.0075,1.46633,0,
0.0000,0.0075,1.46650,0,
0.0000,0.0075,1.46667,0,
0.0000,0.0075,1.46683,0,
0.0000,0.0075,1.46700,0,
0.0000,0.0075,1.46717,0,
0.0000,0.0075,1.46733,0,
0.0000,0.0075,1.46750,0,
0.0000,0.0075,1.46767,0,
0.0000,0.0075,1.46783,0,
0.0000,0.0075,1.46800,0,
0.0000,0.0075,1.46817,0,
0.0000,0.0075,1.46833,0,
0.0000,0.0075,1.46850,0,
0.0000,0.0075,1.46867,0,
0.0000,0.0075,1.46883,0,
0.0000,0.0075,1.46900,0,
0.0000,0.0075,1.46917,0,
0.0000,0.0075,1.46933,0,
0.0000,0.0075,1.46950,0,
0.0000,0.0075,1.46967,0,
0.0000,0.0075,1.46983,0,
0.0000,0.0075,1.47000,0,
0.0000,0.0075,1.47017,0,
0.0000,0.0075,1.47033,0,
0.0000,0.0075,1.47050,0,
0.0000,0.0075,1.47067,0,
0.0000,0.0075,1.47083,0,
0.0000,0.0075,1.47100,0,
0.0000,0.0075,1.47117,0,
0.0000,0.0075,1.47133,0,
0.0000,0.0075,1.47150,0,
0.0000,0.0075,1.47167,0,
0.0000,0.0075,1.47183,0,
0.0000,0.0075,1.47200,0,
0.0000,0.0075,1.47217,0,
0.0000,0.0075,1.47233,0,
0.0000,0.0075,1.47250,0,
0.0000,0.0075,1.47267,0,
0.0000,0.0075,1.47283,0,
0.0000,0.0075,1.47300,0,
0.0000,0.0075,1.47317,0,
0.0000,0.0075,1.47333,0,
0.0000,0.0075,1.47350,0,
0.0000,0.0075,1.47367,0,
0.0000,0.0075,1.47383,0,
0.0000,0.0075,1.47400,0,
0.0000,0.0075,1.47417,0,
0.0000,0.0075,1.47433,0,
0.0000,0.0075,1.47450,0,
0.0000,0.0075,1.47467,0,
0.0000,0.0075,1.47483,0,
0.0000,0.0075,1.47500,0,
0.0000,0.0075,1.47517,0,
0.0000,0.0075,1.47533,0,
0.0000,0.0075,1.47550,0,
0.0000,0.0075,1.47567,0,
0.0000,0.0075,1.47583,0,
0.0000,0.0075,1.47600,0,
0.0000,0.0075,1.47617,0,
0.0000,0.0075,1.47633,0,
0.0000,0.0075,1.47650,0,
0.0000,0.0075,1.47667,0,
0.0000,0.0075,1.47683,0,
0.0000,0.0075,1.47700,0,
0.0000,0.0075,1.47717,0,
0.0000,0.0075,1.47733,0,
0.0000,0.0075,1.47750,0,
0.0000,0.0075,1.47767,0,
-0.0372,0.0075,1.47783,0,
-0.0372,0.0075,1.47800,0,
0.0000,0.0075,1.47817,0,
0.0000,0.0075,1.47833,0,
0.0000,0.0075,1.47850,0,
0.0000,0.0075,1.47867,0,
0.0000,0.0075,1.47883,0,
0.0000,0.0075,1.47900,0,
0.0000,0.0075,1.47917,0,
0.0000,0.0075,1.47933,0,
0.0000,0.0075,1.47950,0,
0.0000,0.0075,1.47967,0,
0.0000,0.0075,1.47983,0,
0.0000,0.0075,1.48000,0,
0.0000,0.0075,1.48017,0,
0.0000,0.0075,1.48033,0,
0.0000,0.0075,1.48050,0,
0.0000,0.0075,1.48067,0,
0.0000,0.0075,1.48083,0,
0.0000,0.0075,1.48100,0,
0.0000,0.0075,1.48117,0,
0.0000,0.0075,1.48133,0,
0.0000,0.0075,1.48150,0,
0.0000,0.0075,1.48167,0,
0.0000,0.0075,1.48183,0,
0.0000,0.0075,1.48200,0,
0.0000,0.0075,1.48217,0,
0.0000,0.0075,1.48233,0,
0.0000,0.0075,1.48250,0,
0.0000,0.0075,1.48267,0,
0.0000,0.0075,1.48283,0,
0.0000,0.0075,1.48300,0,
0.0000,0.0075,1.48317,0,
0.0000,0.0075,1.48333,0,
0.0000,0.0075,1.48350,0,
0.0000,0.0075,1.48367,0,
0.0000,0.0075,1.48383,0,
0.0000,0.0075,1.48400,0,
0.0000,0.0075,1.48417,0,
0.0000,0.0075,1.48433,0,
0.0000,0.0075,1.48450,0,
0.0000,0.0075,1.48467,0,
0.0000,0.0075,1.48483,0,
0.0000,0.0075,1.48500,0,
0.0000,0.0075,1.48517,0,
0.0000,0.0075,1.48533,0,
0.0000,0.0075,1.48550,0,
0.0000,0.0075,1.48567,0,
0.0000,0.0075,1.48583,0,
0.0000,0.0075,1.48600,0,
0.0000,0.0075,1.48617,0,
0.0000,0.0075,1.48633,0,
0.0000,0.0075,1.48650,0,
0.0000,0.0075,1.48667,0,
0.0000,0.0075,1.48683,0,
0.0000,0.0075,1.48700,0,
0.0000,0.0075,1.48717,0,
0.0000,0.0075,1.48733,0,
0.0000,0.0075,1.48750,0,
0.0000,0.0075,1.48767,0,
0.0000,0.0075,1.48783,0,
0.0000,0.0075,1.48800,0,
0.0000,0.0075,1.48817,0,
0.0000,0.0075,1.48833,0,
0.0000,0.0075,1.48850,0,
0.0000,0.0075,1.48867,0,
0.0000,0.0075,1.48883,0,
0.0000,0.0075,1.48900,0,
0.0000,0.0075,1.48917,0,
0.0000,0.0075,1.48933,0,
0.0000,0.0075,1.48950,0,
0.0000,0.0075,1.48967,0,
0.0000,0.0075,1.48983,0,
0.0000,0.0075,1.49000,0,
0.0000,0.0075,1.49017,0,
0.0000,0.0075,1.49033,0,
0.0000,0.0075,1.49050,0,
0.0000,0.0075,1.49067,0,
0.0000,0.0075,1.49083,0,
0.0000,0.0075,1.49100,0,
0.0000,0.0075,1.49117,0,
0.0000,0.0075,1.49133,0,
0.0000,0.0075,1.49150,0,
0.0000,0.0075,1.49167,0,
0.0000,0.0075,1.49183,0,
0.0000,0.0075,1.49200,0,
0.0000,0.0075,1.49217,0,
0.0000,0.0075,1.49233,0,
0.0000,0.0075,1.49250,0,
0.0000,0.0075,1.49267,0,
0.0000,0.0075,1.49283,0,
0.0000,0.0075,1.49300,0,
0.0000,0.0075,1.49317,0,
0.0000,0.0075,1.49333,0,
0.0000,0.0075,1.49350,0,
0.0000,0.0075,1.49367,0,
0.0000,0.0075,1.49383,0,
0.0000,0.0075,1.49400,0,
0.0000,0.0075,1.49417,0,
0.0000,0.0075,1.49433,0,
0.0000,0.0075,1.49450,0,
0.0000,0.0075,1.49467,0,
0.0000,0.0075,1.49483,0,
0.0000,0.0075,1.49500,0,
0.0000,0.0075,1.49517,0,
0.0000,0.0075,1.49533,0,
0.0000,0.0075,1.49550,0,
0.0000,0.0075,1.49567,0,
0.0000,0.0075,1.49583,0,
0.0000,0.0075,1.49600,0,
0.0000,0.0075,1.49617,0,
0.0000,0.0075,1.49633,0,
0.0000,0.0075,1.49650,0,
0.0000,0.0075,1.49667,0,
0.0000,0.0075,1.49683,0,
0.0000,0.0075,1.49700,0,
0.0000,0.0075,1.49717,0,
0.0000,0.0075,1.49733,0,
0.0000,0.0075,1.49750,0,
0.0000,0.0075,1.49767,0,
0.0000,0.0075,1.49783,0,
0.0000,0.0075,1.49800,0,
0.0000,0.0075,1.49817,0,
0.0000,0.0075,1.49833,0,
0.0000,0.0075,1.49850,0,
0.0000,0.0075,1.49867,0,
0.0000,0.0075,1.49883,0,
0.0000,0.0075,1.49900,0,
0.0000,0.0075,1.49917,0,
0.0000,0.0075,1.49933,0,
0.0000,0.0075,1.49950,0,
0.0000,0.0075,1.49967,0,
0.0000,0.0075,1.49983,0,
0.0000,0.0075,1.50000,0,
0.0000,0.0075,1.50017,0,
0.0000,0.0075,1.50033,0,
0.0000,0.0075,1.50050,0,
0.0000,0.0075,1.50067,0,
0.0000,0.0075,1.50083,0,
0.0000,0.0075,1.50100,0,
0.0000,0.0075,1.50117,0,
0.0000,0.0075,1.50133,0,
0.0000,0.0075,1.50150,0,
0.0000,0.0075,1.50167,0,
0.0000,0.0075,1.50183,0,
0.0000,0.0075,1.50200,0,
0.0000,0.0075,1.50217,0,
0.0000,0.0075,1.50233,0,
0.0000,0.0075,1.50250,0,
0.0000,0.0075,1.50267,0,
0.0000,0.0075,1.50283,0,
0.0000,0.0075,1.50300,0,
0.0000,0.0075,1.50317,0,
0.0000,0.0075,1.50333,0,
0.0000,0.0075,1.50350,0,
0.0000,0.0075,1.50367,0,
0.0000,0.0075,1.50383,0,
0.0000,0.0075,1.50400,0,
0.0000,0.0075,1.50417,0,
0.0000,0.0075,1.50433,0,
0.0000,0.0075,1.50450,0,
0.0000,0.0075,1.50467,0,
0.0000,0.0075,1.50483,0,
0.0000,0.0075,1.50500,0,
0.0000,0.0075,1.50517,0,
0.0000,0.0075,1.50533,0,
0.0000,0.0075,1.50550,0,
0.0000,0.0075,1.50567,0,
0.0000,0.0075,1.50583,0,
0.0000,0.0075,1.50600,0,
0.0000,0.0075,1.50617,0,
0.0000,0.0075,1.50633,0,
0.0000,0.0075,1.50650,0,
0.0000,0.0075,1.50667,0,
0.0000,0.0075,1.50683,0,
0.0000,0.0075,1.50700,0,
0.0000,0.0075,1.50717,0,
0.0000,0.0075,1.50733,0,
0.0000,0.0075,1.50750,0,
0.0000,0.0075,1.50767,0,
0.0000,0.0075,1.50783,0,
0.0000,0.0075,1.50800,0,
0.0000,0.0075,1.50817,0,
0.0000,0.0075,1.50833,0,
0.0000,0.0075,1.50850,0,
0.0000,0.0075,1.50867,0,
0.0000,0.0075,1.50883,0,
0.0000,0.0075,1.50900,0,
0.0000,0.0075,1.50917,0,
0.0000,0.0075,1.50933,0,
0.0000,0.0075,1.50950,0,
0.0000,0.0075,1.50967,0,
0.0000,0.0075,1.50983,0,
0.0000,0.0075,1.51000,0,
0.0000,0.0075,1.51017,0,
0.0000,0.0075,1.51033,0,
0.0000,0.0075,1.51050,0,
0.0000,0.0075,1.51067,0,
0.0000,0.0075,1.51083,0,
0.0000,0.0075,1.51100,0,
0.0000,0.0075,1.51117,0,
0.0000,0.0075,1.51133,0,
0.0000,0.0075,1.51150,0,
0.0000,0.0075,1.51167,0,
0.0000,0.0075,1.51183,0,
0.0000,0.0075,1.51200,0,
0.0000,0.0075,1.51217,0,
0.0000,0.0075,1.51233,0,
0.0000,0.0075,1.51250,0,
0.0000,0.0075,1.51267,0,
0.0000,0.0075,1.51283,0,
0.0000,0.0075,1.51300,0,
0.0000,0.0075,1.51317,0,
0.0000,0.0075,1.51333,0,
0.0000,0.0075,1.51350,0,
0.0000,0.0075,1.51367,0,
0.0000,0.0075,1.51383,0,
0.0000,0.0075,1.51400,0,
0.0000,0.0075,1.51417,0,
0.0000,0.0075,1.51433,0,
0.0000,0.0075,1.51450,0,
0.0000,0.0075,1.51467,0,
0.0000,0.0075,1.51483,0,
0.0000,0.0075,1.51500,0,
0.0000,0.0075,1.51517,0,
0.0000,0.0075,1.51533,0,
0.0000,0.0075,1.51550,0,
0.0000,0.0075,1.51567,0,
0.0000,0.0075,1.51583,0,
0.0000,0.0075,1.51600,0,
0.0000,0.0075,1.51617,0,
0.0000,0.0075,1.51633,0,
0.0000,0.0075,1.51650,0,
0.0000,0.0075,1.51667,0,
0.0000,0.0075,1.51683,0,
0.0000,0.0075,1.51700,0,
0.0000,0.0075,1.51717,0,
0.0000,0.0075,1.51733,0,
0.0000,0.0075,1.51750,0,
0.0000,0.0075,1.51767,0,
0.0000,0.0075,1.51783,0,
0.0000,0.0075,1.51800,0,
0.0000,0.0075,1.51817,0,
0.0000,0.0075,1.51833,0,
0.0000,0.0075,1.51850,0,
0.0000,0.0075,1.51867,0,
0.0000,0.0075,1.51883,0,
0.0000,0.0075,1.51900,0,
0.0000,0.0075,1.51917,0,
0.0000,0.0075,1.51933,0,
0.0000,0.0075,1.51950,0,
0.0000,0.0075,1.51967,0,
0.0000,0.0075,1.51983,0,
0.0000,0.0075,1.52000,0,
0.0000,0.0075,1.52017,0,
0.0000,0.0075,1.52033,0,
0.0000,0.0075,1.52050,0,
0.0000,0.0075,1.52067,0,
0.0000,0.0075,1.52083,0,
0.0000,0.0075,1.52100,0,
0.0000,0.0075,1.52117,0,
0.0000,0.0075,1.52133,0,
0.0000,0.0075,1.52150,0,
0.0000,0.0075,1.52167,0,
0.0000,0.0075,1.52183,0,
0.0000,0.0075,1.52200,0,
0.0000,0.0075,1.52217,0,
0.0000,0.0075,1.52233,0,
0.0000,0.0075,1.52250,0,
0.0000,0.0075,1.52267,0,
0.0000,0.0075,1.52283,0,
0.0000,0.0075,1.52300,0,
0.0000,0.0075,1.52317,0,
0.0000,0.0075,1.52333,0,
0.0000,0.0075,1.52350,0,
0.0000,0.0075,1.52367,0,
0.0000,0.0075,1.52383,0,
0.0000,0.0075,1.52400,0,
0.0000,0.0075,1.52417,0,
0.0000,0.0075,1.52433,0,
0.0000,0.0075,1.52450,0,
0.0000,0.0075,1.52467,0,
0.0000,0.0075,1.52483,0,
0.0000,0.0075,1.52500,0,
0.0000,0.0075,1.52517,0,
0.0000,0.0075,1.52533,0,
0.0000,0.0075,1.52550,0,
0.0000,0.0075,1.52567,0,
0.0000,0.0075,1.52583,0,
0.0000,0.0075,1.52600,0,
0.0000,0.0075,1.52617,0,
0.0000,0.0075,1.52633,0,
0.0000,0.0075,1.52650,0,
0.0000,0.0075,1.52667,0,
0.0000,0.0075,1.52683,0,
0.0000,0.0075,1.52700,0,
0.0000,0.0075,1.52717,0,
0.0000,0.0075,1.52733,0,
0.0000,0.0075,1.52750,0,
0.0000,0.0075,1.52767,0,
0.0000,0.0075,1.52783,0,
0.0000,0.0075,1.52800,0,
0.0000,0.0075,1.52817,0,
0.0000,0.0075,1.52833,0,
0.0000,0.0075,1.52850,0,
0.0000,0.0075,1.52867,0,
0.0000,0.0075,1.52883,0,
0.0000,0.0075,1.52900,0,
0.0000,0.0075,1.52917,0,
0.0000,0.0075,1.52933,0,
0.0000,0.0075,1.52950,0,
0.0000,0.0075,1.52967,0,
0.0000,0.0075,1.52983,0,
0.0000,0.0075,1.53000,0,
0.0000,0.0075,1.53017,0,
0.0000,0.0075,1.53033,0,
0.0000,0.0075,1.53050,0,
0.0000,0.0075,1.53067,0,
0.0000,0.0075,1.53083,0,
0.0000,0.0075,1.53100,0,
0.0000,0.0075,1.53117,0,
0.0000,0.0075,1.53133,0,
0.0000,0.0075,1.53150,0,
0.0000,0.0075,1.53167,0,
0.0000,0.0075,1.53183,0,
0.0000,0.0075,1.53200,0,
0.0000,0.0075,1.53217,0,
0.0000,0.0075,1.53233,0,
0.0000,0.0075,1.53250,0,
0.0000,0.0075,1.53267,0,
0.0000,0.0075,1.53283,0,
0.0000,0.0075,1.53300,0,
0.0000,0.0075,1.53317,0,
0.0000,0.0075,1.53333,0,
0.0000,0.0075,1.53350,0,
0.0000,0.0075,1.53367,0,
0.0000,0.0075,1.53383,0,
0.0000,0.0075,1.53400,0,
0.0000,0.0075,1.53417,0,
0.0000,0.0075,1.53433,0,
0.0000,0.0075,1.53450,0,
0.0000,0.0075,1.53467,0,
0.0000,0.0075,1.53483,0,
0.0000,0.0075,1.53500,0,
0.0000,0.0075,1.53517,0,
0.0000,0.0075,1.53533,0,
0.0000,0.0075,1.53550,0,
0.0000,0.0075,1.53567,0,
0.0000,0.0075,1.53583,0,
0.0000,0.0075,1.53600,0,
0.0000,0.0075,1.53617,0,
0.0000,0.0075,1.53633,0,
0.0000,0.0075,1.53650,0,
0.0000,0.0075,1.53667,0,
0.0000,0.0075,1.53683,0,
0.0000,0.0075,1.53700,0,
0.0000,0.0075,1.53717,0,
0.0000,0.0075,1.53733,0,
0.0000,0.0075,1.53750,0,
0.0000,0.0075,1.53767,0,
0.0000,0.0075,1.53783,0,
0.0000,0.0075,1.53800,0,
0.0000,0.0075,1.53817,0,
0.0000,0.0075,1.53833,0,
0.0000,0.0075,1.53850,0,
0.0000,0.0075,1.53867,0,
0.0000,0.0075,1.53883,0,
0.0000,0.0075,1.53900,0,
0.0000,0.0075,1.53917,0,
0.0000,0.0075,1.53933,0,
0.0000,0.0075,1.53950,0,
0.0000,0.0075,1.53967,0,
0.0000,0.0075,1.53983,0,
0.0000,0.0075,1.54000,0,
0.0000,0.0075,1.54017,0,
0.0000,0.0075,1.54033,0,
0.0000,0.0075,1.54050,0,
0.0000,0.0075,1.54067,0,
0.0000,0.0075,1.54083,0,
0.0000,0.0075,1.54100,0,
0.0000,0.0075,1.54117,0,
0.0000,0.0075,1.54133,0,
0.0000,0.0075,1.54150,0,
0.0000,0.0075,1.54167,0,
0.0000,0.0075,1.54183,0,
0.0000,0.0075,1.54200,0,
0.0000,0.0075,1.54217,0,
0.0000,0.0075,1.54233,0,
0.0000,0.0075,1.54250,0,
0.0000,0.0075,1.54267,0,
0.0000,0.0075,1.54283,0,
0.0000,0.0075,1.54300,0,
0.0000,0.0075,1.54317,0,
0.0000,0.0075,1.54333,0,
0.0000,0.0075,1.54350,0,
0.0000,0.0075,1.54367,0,
0.0000,0.0075,1.54383,0,
0.0000,0.0075,1.54400,0,
0.0000,0.0075,1.54417,0,
0.0000,0.0075,1.54433,0,
0.0000,0.0075,1.54450,0,
0.0000,0.0075,1.54467,0,
0.0000,0.0075,1.54483,0,
0.0000,0.0075,1.54500,0,
0.0000,0.0075,1.54517,0,
0.0000,0.0075,1.54533,0,
0.0000,0.0075,1.54550,0,
0.0000,0.0075,1.54567,0,
0.0000,0.0075,1.54583,0,
0.0000,0.0075,1.54600,0,
0.0000,0.0075,1.54617,0,
0.0000,0.0075,1.54633,0,
0.0000,0.0075,1.54650,0,
0.0000,0.0075,1.54667,0,
0.0000,0.0075,1.54683,0,
0.0000,0.0075,1.54700,0,
0.0000,0.0075,1.54717,0,
0.0000,0.0075,1.54733,0,
0.0000,0.0075,1.54750,0,
0.0000,0.0075,1.54767,0,
0.0000,0.0075,1.54783,0,
0.0000,0.0075,1.54800,0,
0.0000,0.0075,1.54817,0,
0.0000,0.0075,1.54833,0,
0.0000,0.0075,1.54850,0,
0.0000,0.0075,1.54867,0,
0.0000,0.0075,1.54883,0,
0.0000,0.0075,1.54900,0,
0.0000,0.0075,1.54917,0,
0.0000,0.0075,1.54933,0,
0.0000,0.0075,1.54950,0,
0.0000,0.0075,1.54967,0,
0.0000,0.0075,1.54983,0,
0.0000,0.0075,1.55000,0,
0.0000,0.0075,1.55017,0,
0.0000,0.0075,1.55033,0,
0.0000,0.0075,1.55050,0,
0.0000,0.0075,1.55067,0,
0.0000,0.0075,1.55083,0,
0.0000,0.0075,1.55100,0,
0.0000,0.0075,1.55117,0,
0.0000,0.0075,1.55133,0,
0.0000,0.0075,1.55150,0,
0.0000,0.0075,1.55167,0,
0.0000,0.0075,1.55183,0,
0.0000,0.0075,1.55200,0,
0.0000,0.0075,1.55217,0,
0.0000,0.0075,1.55233,0,
0.0000,0.0075,1.55250,0,
0.0000,0.0075,1.55267,0,
0.0000,0.0075,1.55283,0,
0.0000,0.0075,1.55300,0,
0.0000,0.0075,1.55317,0,
0.0000,0.0075,1.55333,0,
0.0000,0.0075,1.55350,0,
0.0000,0.0075,1.55367,0,
0.0000,0.0075,1.55383,0,
0.0000,0.0075,1.55400,0,
0.0000,0.0075,1.55417,0,
0.0000,0.0075,1.55433,0,
0.0000,0.0075,1.55450,0,
0.0000,0.0075,1.55467,0,
0.0000,0.0075,1.55483,0,
0.0000,0.0075,1.55500,0,
0.0000,0.0075,1.55517,0,
0.0000,0.0075,1.55533,0,
0.0000,0.0075,1.55550,0,
0.0000,0.0075,1.55567,0,
0.0000,0.0075,1.55583,0,
0.0000,0.0075,1.55600,0,
0.0000,0.0075,1.55617,0,
0.0000,0.0075,1.55633,0,
0.0000,0.0075,1.55650,0,
0.0000,0.0075,1.55667,0,
0.0000,0.0075,1.55683,0,
0.0000,0.0075,1.55700,0,
0.0000,0.0075,1.55717,0,
0.0000,0.0075,1.55733,0,
0.0000,0.0075,1.55750,0,
0.0000,0.0075,1.55767,0,
0.0000,0.0075,1.55783,0,
0.0000,0.0075,1.55800,0,
0.0000,0.0075,1.55817,0,
0.0000,0.0075,1.55833,0,
0.0000,0.0075,1.55850,0,
0.0000,0.0075,1.55867,0,
0.0000,0.0075,1.55883,0,
0.0000,0.0075,1.55900,0,
0.0000,0.0075,1.55917,0,
0.0000,0.0075,1.55933,0,
0.0000,0.0075,1.55950,0,
0.0000,0.0075,1.55967,0,
0.0000,0.0075,1.55983,0,
0.0000,0.0075,1.56000,0,
0.0000,0.0075,1.56017,0,
0.0000,0.0075,1.56033,0,
0.0000,0.0075,1.56050,0,
0.0000,0.0075,1.56067,0,
0.0000,0.0075,1.56083,0,
0.0000,0.0075,1.56100,0,
0.0000,0.0075,1.56117,0,
0.0000,0.0075,1.56133,0,
0.0000,0.0075,1.56150,0,
0.0000,0.0075,1.56167,0,
0.0000,0.0075,1.56183,0,
0.0000,0.0075,1.56200,0,
0.0000,0.0075,1.56217,0,
0.0000,0.0075,1.56233,0,
0.0000,0.0075,1.56250,0,
0.0000,0.0075,1.56267,0,
0.0000,0.0075,1.56283,0,
0.0000,0.0075,1.56300,0,
0.0000,0.0075,1.56317,0,
0.0000,0.0075,1.56333,0,
0.0000,0.0075,1.56350,0,
0.0000,0.0075,1.56367,0,
0.0000,0.0075,1.56383,0,
0.0000,0.0075,1.56400,0,
0.0000,0.0075,1.56417,0,
0.0000,0.0075,1.56433,0,
0.0000,0.0075,1.56450,0,
0.0000,0.0075,1.56467,0,
0.0000,0.0075,1.56483,0,
0.0000,0.0075,1.56500,0,
0.0000,0.0075,1.56517,0,
0.0000,0.0075,1.56533,0,
0.0000,0.0075,1.56550,0,
0.0000,0.0075,1.56567,0,
0.0000,0.0075,1.56583,0,
0.0000,0.0075,1.56600,0,
0.0000,0.0075,1.56617,0,
0.0000,0.0075,1.56633,0,
0.0000,0.0075,1.56650,0,
0.0000,0.0075,1.56667,0,
0.0000,0.0075,1.56683,0,
0.0000,0.0075,1.56700,0,
0.0000,0.0075,1.56717,0,
0.0000,0.0075,1.56733,0,
0.0000,0.0075,1.56750,0,
0.0000,0.0075,1.56767,0,
0.0000,0.0075,1.56783,0,
0.0000,0.0075,1.56800,0,
0.0000,0.0075,1.56817,0,
0.0000,0.0075,1.56833,0,
0.0000,0.0075,1.56850,0,
0.0000,0.0075,1.56867,0,
0.0000,0.0075,1.56883,0,
0.0000,0.0075,1.56900,0,
0.0000,0.0075,1.56917,0,
0.0000,0.0075,1.56933,0,
0.0000,0.0075,1.56950,0,
0.0000,0.0075,1.56967,0,
0.0000,0.0075,1.56983,0,
0.0000,0.0075,1.57000,0,
0.0000,0.0075,1.57017,0,
0.0000,0.0075,1.57033,0,
0.0000,0.0075,1.57050,0,
0.0000,0.0075,1.57067,0,
0.0000,0.0075,1.57083,0,
0.0000,0.0075,1.57100,0,
0.0000,0.0075,1.57117,0,
0.0000,0.0075,1.57133,0,
0.0000,0.0075,1.57150,0,
0.0000,0.0075,1.57167,0,
0.0000,0.0075,1.57183,0,
0.0000,0.0075,1.57200,0,
0.0000,0.0075,1.57217,0,
0.0000,0.0075,1.57233,0,
0.0000,0.0075,1.57250,0,
0.0000,0.0075,1.57267,0,
0.0000,0.0075,1.57283,0,
0.0000,0.0075,1.57300,0,
0.0000,0.0075,1.57317,0,
0.0000,0.0075,1.57333,0,
0.0000,0.0075,1.57350,0,
0.0000,0.0075,1.57367,0,
0.0000,0.0075,1.57383,0,
0.0000,0.0075,1.57400,0,
0.0000,0.0075,1.57417,0,
0.0000,0.0075,1.57433,0,
0.0000,0.0075,1.57450,0,
0.0000,0.0075,1.57467,0,
0.0000,0.0075,1.57483,0,
0.0000,0.0075,1.57500,0,
0.0000,0.0075,1.57517,0,
0.0000,0.0075,1.57533,0,
0.0000,0.0075,1.57550,0,
0.0000,0.0075,1.57567,0,
0.0000,0.0075,1.57583,0,
0.0000,0.0075,1.57600,0,
0.0000,0.0075,1.57617,0,
0.0000,0.0075,1.57633,0,
0.0000,0.0075,1.57650,0,
0.0000,0.0075,1.57667,0,
0.0000,0.0075,1.57683,0,
0.0000,0.0075,1.57700,0,
0.0000,0.0075,1.57717,0,
0.0000,0.0075,1.57733,0,
0.0000,0.0075,1.57750,0,
0.0000,0.0075,1.57767,0,
0.0000,0.0075,1.57783,0,
0.0000,0.0075,1.57800,0,
0.0000,0.0075,1.57817,0,
0.0000,0.0075,1.57833,0,
0.0000,0.0075,1.57850,0,
0.0000,0.0075,1.57867,0,
0.0000,0.0075,1.57883,0,
0.0000,0.0075,1.57900,0,
0.0000,0.0075,1.57917,0,
0.0000,0.0075,1.57933,0,
0.0000,0.0075,1.57950,0,
0.0000,0.0075,1.57967,0,
0.0000,0.0075,1.57983,0,
0.0000,0.0075,1.58000,0,
0.0000,0.0075,1.58017,0,
0.0000,0.0075,1.58033,0,
0.0000,0.0075,1.58050,0,
0.0000,0.0075,1.58067,0,
0.0000,0.0075,1.58083,0,
0.0000,0.0075,1.58100,0,
0.0000,0.0075,1.58117,0,
0.0000,0.0075,1.58133,0,
0.0000,0.0075,1.58150,0,
0.0000,0.0075,1.58167,0,
0.0000,0.0075,1.58183,0,
0.0000,0.0075,1.58200,0,
0.0000,0.0075,1.58217,0,
0.0000,0.0075,1.58233,0,
0.0000,0.0075,1.58250,0,
0.0000,0.0075,1.58267,0,
0.0000,0.0075,1.58283,0,
0.0000,0.0075,1.58300,0,
0.0000,0.0075,1.58317,0,
0.0000,0.0075,1.58333,0,
0.0000,0.0075,1.58350,0,
0.0000,0.0075,1.58367,0,
0.0000,0.0075,1.58383,0,
0.0000,0.0075,1.58400,0,
0.0000,0.0075,1.58417,0,
0.0000,0.0075,1.58433,0,
0.0000,0.0075,1.58450,0,
0.0000,0.0075,1.58467,0,
0.0000,0.0075,1.58483,0,
0.0000,0.0075,1.58500,0,
0.0000,0.0075,1.58517,0,
0.0000,0.0075,1.58533,0,
0.0000,0.0075,1.58550,0,
0.0000,0.0075,1.58567,0,
0.0000,0.0075,1.58583,0,
0.0000,0.0075,1.58600,0,
0.0000,0.0075,1.58617,0,
0.0000,0.0075,1.58633,0,
0.0000,0.0075,1.58650,0,
0.0000,0.0075,1.58667,0,
0.0000,0.0075,1.58683,0,
0.0000,0.0075,1.58700,0,
0.0000,0.0075,1.58717,0,
0.0000,0.0075,1.58733,0,
0.0000,0.0075,1.58750,0,
0.0000,0.0075,1.58767,0,
0.0000,0.0075,1.58783,0,
0.0000,0.0075,1.58800,0,
0.0000,0.0075,1.58817,0,
0.0000,0.0075,1.58833,0,
0.0000,0.0075,1.58850,0,
0.0000,0.0075,1.58867,0,
0.0000,0.0075,1.58883,0,
0.0000,0.0075,1.58900,0,
0.0000,0.0075,1.58917,0,
0.0000,0.0075,1.58933,0,
0.0000,0.0075,1.58950,0,
0.0000,0.0075,1.58967,0,
0.0000,0.0075,1.58983,0,
0.0000,0.0075,1.59000,0,
0.0000,0.0075,1.59017,0,
0.0000,0.0075,1.59033,0,
0.0000,0.0075,1.59050,0,
0.0000,0.0075,1.59067,0,
0.0000,0.0075,1.59083,0,
0.0000,0.0075,1.59100,0,
0.0000,0.0075,1.59117,0,
0.0000,0.0075,1.59133,0,
0.0000,0.0075,1.59150,0,
0.0000,0.0075,1.59167,0,
0.0000,0.0075,1.59183,0,
0.0000,0.0075,1.59200,0,
0.0000,0.0075,1.59217,0,
0.0000,0.0075,1.59233,0,
0.0000,0.0075,1.59250,0,
0.0000,0.0075,1.59267,0,
0.0000,0.0075,1.59283,0,
0.0000,0.0075,1.59300,0,
0.0000,0.0075,1.59317,0,
0.0000,0.0075,1.59333,0,
0.0000,0.0075,1.59350,0,
0.0000,0.0075,1.59367,0,
0.0000,0.0075,1.59383,0,
0.0000,0.0075,1.59400,0,
0.0000,0.0075,1.59417,0,
0.0000,0.0075,1.59433,0,
0.0000,0.0075,1.59450,0,
0.0000,0.0075,1.59467,0,
0.0000,0.0075,1.59483,0,
0.0000,0.0075,1.59500,0,
0.0000,0.0075,1.59517,0,
0.0000,0.0075,1.59533,0,
0.0000,0.0075,1.59550,0,
0.0000,0.0075,1.59567,0,
0.0000,0.0075,1.59583,0,
0.0000,0.0075,1.59600,0,
0.0000,0.0075,1.59617,0,
0.0000,0.0075,1.59633,0,
0.0000,0.0075,1.59650,0,
0.0000,0.0075,1.59667,0,
0.0000,0.0075,1.59683,0,
0.0000,0.0075,1.59700,0,
0.0000,0.0075,1.59717,0,
0.0000,0.0075,1.59733,0,
0.0000,0.0075,1.59750,0,
0.0000,0.0075,1.59767,0,
0.0000,0.0075,1.59783,0,
0.0000,0.0075,1.59800,0,
0.0000,0.0075,1.59817,0,
0.0000,0.0075,1.59833,0,
0.0000,0.0075,1.59850,0,
0.0000,0.0075,1.59867,0,
0.0000,0.0075,1.59883,0,
0.0000,0.0075,1.59900,0,
0.0000,0.0075,1.59917,0,
0.0000,0.0075,1.59933,0,
0.0000,0.0075,1.59950,0,
0.0000,0.0075,1.59967,0,
0.0000,0.0075,1.59983,0,
0.0000,0.0075,1.60000,0,
0.0000,0.0075,1.60017,0,
0.0000,0.0075,1.60033,0,
0.0000,0.0075,1.60050,0,
0.0000,0.0075,1.60067,0,
0.0000,0.0075,1.60083,0,
0.0000,0.0075,1.60100,0,
0.0000,0.0075,1.60117,0,
0.0000,0.0075,1.60133,0,
0.0000,0.0075,1.60150,0,
0.0000,0.0075,1.60167,0,
0.0000,0.0075,1.60183,0,
0.0000,0.0075,1.60200,0,
0.0000,0.0075,1.60217,0,
0.0000,0.0075,1.60233,0,
0.0000,0.0075,1.60250,0,
0.0000,0.0075,1.60267,0,
0.0000,0.0075,1.60283,0,
0.0000,0.0075,1.60300,0,
0.0000,0.0075,1.60317,0,
0.0000,0.0075,1.60333,0,
0.0000,0.0075,1.60350,0,
0.0000,0.0075,1.60367,0,
0.0000,0.0075,1.60383,0,
0.0000,0.0075,1.60400,0,
0.0000,0.0075,1.60417,0,
0.0000,0.0075,1.60433,0,
0.0000,0.0075,1.60450,0,
0.0000,0.0075,1.60467,0,
0.0000,0.0075,1.60483,0,
0.0000,0.0075,1.60500,0,
0.0000,0.0075,1.60517,0,
0.0000,0.0075,1.60533,0,
0.0000,0.0075,1.60550,0,
0.0000,0.0075,1.60567,0,
0.0000,0.0075,1.60583,0,
0.0000,0.0075,1.60600,0,
0.0000,0.0075,1.60617,0,
0.0000,0.0075,1.60633,0,
0.0000,0.0075,1.60650,0,
0.0000,0.0075,1.60667,0,
0.0000,0.0075,1.60683,0,
0.0000,0.0075,1.60700,0,
0.0000,0.0075,1.60717,0,
0.0000,0.0075,1.60733,0,
0.0000,0.0075,1.60750,0,
0.0000,0.0075,1.60767,0,
0.0000,0.0075,1.60783,0,
0.0000,0.0075,1.60800,0,
0.0000,0.0075,1.60817,0,
0.0000,0.0075,1.60833,0,
0.0000,0.0075,1.60850,0,
0.0000,0.0075,1.60867,0,
0.0000,0.0075,1.60883,0,
0.0000,0.0075,1.60900,0,
0.0000,0.0075,1.60917,0,
0.0000,0.0075,1.60933,0,
0.0000,0.0075,1.60950,0,
0.0000,0.0075,1.60967,0,
0.0000,0.0075,1.60983,0,
0.0000,0.0075,1.61000,0,
0.0000,0.0075,1.61017,0,
0.0000,0.0075,1.61033,0,
0.0000,0.0075,1.61050,0,
0.0000,0.0075,1.61067,0,
0.0000,0.0075,1.61083,0,
0.0000,0.0075,1.61100,0,
0.0000,0.0075,1.61117,0,
0.0000,0.0075,1.61133,0,
0.0000,0.0075,1.61150,0,
0.0000,0.0075,1.61167,0,
0.0000,0.0075,1.61183,0,
0.0000,0.0075,1.61200,0,
0.0000,0.0075,1.61217,0,
0.0000,0.0075,1.61233,0,
0.0000,0.0075,1.61250,0,
0.0000,0.0075,1.61267,0,
0.0000,0.0075,1.61283,0,
0.0000,0.0075,1.61300,0,
0.0000,0.0075,1.61317,0,
0.0000,0.0075,1.61333,0,
0.0000,0.0075,1.61350,0,
0.0000,0.0075,1.61367,0,
0.0000,0.0075,1.61383,0,
0.0000,0.0075,1.61400,0,
0.0000,0.0075,1.61417,0,
0.0000,0.0075,1.61433,0,
0.0000,0.0075,1.61450,0,
0.0000,0.0075,1.61467,0,
0.0000,0.0075,1.61483,0,
0.0000,0.0075,1.61500,0,
0.0000,0.0075,1.61517,0,
0.0000,0.0075,1.61533,0,
0.0000,0.0075,1.61550,0,
0.0000,0.0075,1.61567,0,
0.0000,0.0075,1.61583,0,
0.0000,0.0075,1.61600,0,
0.0000,0.0075,1.61617,0,
0.0000,0.0075,1.61633,0,
0.0000,0.0075,1.61650,0,
0.0000,0.0075,1.61667,0,
0.0000,0.0075,1.61683,0,
0.0000,0.0075,1.61700,0,
0.0000,0.0075,1.61717,0,
0.0000,0.0075,1.61733,0,
0.0000,0.0075,1.61750,0,
0.0000,0.0075,1.61767,0,
0.0000,0.0075,1.61783,0,
0.0000,0.0075,1.61800,0,
0.0000,0.0075,1.61817,0,
0.0000,0.0075,1.61833,0,
0.0000,0.0075,1.61850,0,
0.0000,0.0075,1.61867,0,
0.0000,0.0075,1.61883,0,
0.0000,0.0075,1.61900,0,
0.0000,0.0075,1.61917,0,
0.0000,0.0075,1.61933,0,
0.0000,0.0075,1.61950,0,
0.0000,0.0075,1.61967,0,
0.0000,0.0075,1.61983,0,
0.0000,0.0075,1.62000,0,
0.0000,0.0075,1.62017,0,
0.0000,0.0075,1.62033,0,
0.0000,0.0075,1.62050,0,
0.0000,0.0075,1.62067,0,
0.0000,0.0075,1.62083,0,
0.0000,0.0075,1.62100,0,
0.0000,0.0075,1.62117,0,
0.0000,0.0075,1.62133,0,
0.0000,0.0075,1.62150,0,
0.0000,0.0075,1.62167,0,
0.0000,0.0075,1.62183,0,
0.0000,0.0075,1.62200,0,
0.0000,0.0075,1.62217,0,
0.0000,0.0075,1.62233,0,
0.0000,0.0075,1.62250,0,
0.0000,0.0075,1.62267,0,
0.0000,0.0075,1.62283,0,
0.0000,0.0075,1.62300,0,
0.0000,0.0075,1.62317,0,
0.0000,0.0075,1.62333,0,
0.0000,0.0075,1.62350,0,
0.0000,0.0075,1.62367,0,
0.0000,0.0075,1.62383,0,
0.0000,0.0075,1.62400,0,
0.0000,0.0075,1.62417,0,
0.0000,0.0075,1.62433,0,
0.0000,0.0075,1.62450,0,
0.0000,0.0075,1.62467,0,
0.0000,0.0075,1.62483,0,
0.0000,0.0075,1.62500,0,
0.0000,0.0075,1.62517,0,
0.0000,0.0075,1.62533,0,
0.0000,0.0075,1.62550,0,
0.0000,0.0075,1.62567,0,
0.0000,0.0075,1.62583,0,
0.0000,0.0075,1.62600,0,
0.0000,0.0075,1.62617,0,
0.0000,0.0075,1.62633,0,
0.0000,0.0075,1.62650,0,
0.0000,0.0075,1.62667,0,
0.0000,0.0075,1.62683,0,
0.0000,0.0075,1.62700,0,
0.0000,0.0075,1.62717,0,
0.0000,0.0075,1.62733,0,
0.0000,0.0075,1.62750,0,
0.0000,0.0075,1.62767,0,
0.0000,0.0075,1.62783,0,
0.0000,0.0075,1.62800,0,
0.0000,0.0075,1.62817,0,
0.0000,0.0075,1.62833,0,
0.0000,0.0075,1.62850,0,
0.0000,0.0075,1.62867,0,
0.0000,0.0075,1.62883,0,
0.0000,0.0075,1.62900,0,
0.0000,0.0075,1.62917,0,
0.0000,0.0075,1.62933,0,
0.0000,0.0075,1.62950,0,
0.0000,0.0075,1.62967,0,
0.0000,0.0075,1.62983,0,
0.0000,0.0075,1.63000,0,
0.0000,0.0075,1.63017,0,
0.0000,0.0075,1.63033,0,
0.0000,0.0075,1.63050,0,
0.0000,0.0075,1.63067,0,
0.0000,0.0075,1.63083,0,
0.0000,0.0075,1.63100,0,
0.0000,0.0075,1.63117,0,
0.0000,0.0075,1.63133,0,
0.0000,0.0075,1.63150,0,
0.0000,0.0075,1.63167,0,
0.0000,0.0075,1.63183,0,
0.0000,0.0075,1.63200,0,
0.0000,0.0075,1.63217,0,
0.0000,0.0075,1.63233,0,
0.0000,0.0075,1.63250,0,
0.0000,0.0075,1.63267,0,
0.0000,0.0075,1.63283,0,
0.0000,0.0075,1.63300,0,
0.0000,0.0075,1.63317,0,
0.0000,0.0075,1.63333,0,
0.0000,0.0075,1.63350,0,
0.0000,0.0075,1.63367,0,
0.0000,0.0075,1.63383,0,
0.0000,0.0075,1.63400,0,
0.0000,0.0075,1.63417,0,
0.0000,0.0075,1.63433,0,
0.0000,0.0075,1.63450,0,
0.0000,0.0075,1.63467,0,
0.0000,0.0075,1.63483,0,
0.0000,0.0075,1.63500,0,
0.0000,0.0075,1.63517,0,
0.0000,0.0075,1.63533,0,
0.0000,0.0075,1.63550,0,
0.0000,0.0075,1.63567,0,
0.0000,0.0075,1.63583,0,
0.0000,0.0075,1.63600,0,
0.0000,0.0075,1.63617,0,
0.0000,0.0075,1.63633,0,
0.0000,0.0075,1.63650,0,
0.0000,0.0075,1.63667,0,
0.0000,0.0075,1.63683,0,
0.0000,0.0075,1.63700,0,
0.0000,0.0075,1.63717,0,
0.0000,0.0075,1.63733,0,
0.0000,0.0075,1.63750,0,
0.0000,0.0075,1.63767,0,
0.0000,0.0075,1.63783,0,
0.0000,0.0075,1.63800,0,
0.0000,0.0075,1.63817,0,
0.0000,0.0075,1.63833,0,
0.0000,0.0075,1.63850,0,
0.0000,0.0075,1.63867,0,
0.0000,0.0075,1.63883,0,
0.0000,0.0075,1.63900,0,
0.0000,0.0075,1.63917,0,
0.0000,0.0075,1.63933,0,
0.0000,0.0075,1.63950,0,
0.0000,0.0075,1.63967,0,
0.0000,0.0075,1.63983,0,
0.0000,0.0075,1.64000,0,
0.0000,0.0075,1.64017,0,
0.0000,0.0075,1.64033,0,
0.0000,0.0075,1.64050,0,
0.0000,0.0075,1.64067,0,
0.0000,0.0075,1.64083,0,
0.0000,0.0075,1.64100,0,
0.0000,0.0075,1.64117,0,
0.0000,0.0075,1.64133,0,
0.0000,0.0075,1.64150,0,
0.0000,0.0075,1.64167,0,
0.0000,0.0075,1.64183,0,
0.0000,0.0075,1.64200,0,
0.0000,0.0075,1.64217,0,
0.0000,0.0075,1.64233,0,
0.0000,0.0075,1.64250,0,
0.0000,0.0075,1.64267,0,
0.0000,0.0075,1.64283,0,
0.0000,0.0075,1.64300,0,
0.0000,0.0075,1.64317,0,
0.0000,0.0075,1.64333,0,
0.0000,0.0075,1.64350,0,
0.0000,0.0075,1.64367,0,
0.0000,0.0075,1.64383,0,
0.0000,0.0075,1.64400,0,
0.0000,0.0075,1.64417,0,
0.0000,0.0075,1.64433,0,
0.0000,0.0075,1.64450,0,
0.0000,0.0075,1.64467,0,
0.0000,0.0075,1.64483,0,
0.0000,0.0075,1.64500,0,
0.0000,0.0075,1.64517,0,
0.0000,0.0075,1.64533,0,
0.0000,0.0075,1.64550,0,
0.0000,0.0075,1.64567,0,
0.0000,0.0075,1.64583,0,
0.0000,0.0075,1.64600,0,
0.0000,0.0075,1.64617,0,
0.0000,0.0075,1.64633,0,
0.0000,0.0075,1.64650,0,
0.0000,0.0075,1.64667,0,
0.0000,0.0075,1.64683,0,
0.0000,0.0075,1.64700,0,
0.0000,0.0075,1.64717,0,
0.0000,0.0075,1.64733,0,
0.0000,0.0075,1.64750,0,
0.0000,0.0075,1.64767,0,
0.0000,0.0075,1.64783,0,
0.0000,0.0075,1.64800,0,
0.0000,0.0075,1.64817,0,
0.0000,0.0075,1.64833,0,
0.0000,0.0075,1.64850,0,
0.0000,0.0075,1.64867,0,
0.0000,0.0075,1.64883,0,
0.0000,0.0075,1.64900,0,
0.0000,0.0075,1.64917,0,
0.0000,0.0075,1.64933,0,
0.0000,0.0075,1.64950,0,
0.0000,0.0075,1.64967,0,
0.0000,0.0075,1.64983,0,
0.0000,0.0075,1.65000,0,
0.0000,0.0075,1.65017,0,
0.0000,0.0075,1.65033,0,
0.0000,0.0075,1.65050,0,
0.0000,0.0075,1.65067,0,
0.0000,0.0075,1.65083,0,
0.0000,0.0075,1.65100,0,
0.0000,0.0075,1.65117,0,
0.0000,0.0075,1.65133,0,
0.0000,0.0075,1.65150,0,
0.0000,0.0075,1.65167,0,
0.0000,0.0075,1.65183,0,
0.0000,0.0075,1.65200,0,
0.0000,0.0075,1.65217,0,
0.0000,0.0075,1.65233,0,
0.0000,0.0075,1.65250,0,
0.0000,0.0075,1.65267,0,
0.0000,0.0075,1.65283,0,
0.0000,0.0075,1.65300,0,
0.0000,0.0075,1.65317,0,
0.0000,0.0075,1.65333,0,
0.0000,0.0075,1.65350,0,
0.0000,0.0075,1.65367,0,
0.0000,0.0075,1.65383,0,
0.0000,0.0075,1.65400,0,
0.0000,0.0075,1.65417,0,
0.0000,0.0075,1.65433,0,
0.0000,0.0075,1.65450,0,
0.0000,0.0075,1.65467,0,
0.0000,0.0075,1.65483,0,
0.0000,0.0075,1.65500,0,
0.0000,0.0075,1.65517,0,
0.0000,0.0075,1.65533,0,
0.0000,0.0075,1.65550,0,
0.0000,0.0075,1.65567,0,
0.0000,0.0075,1.65583,0,
0.0000,0.0075,1.65600,0,
0.0000,0.0075,1.65617,0,
0.0000,0.0075,1.65633,0,
0.0000,0.0075,1.65650,0,
0.0000,0.0075,1.65667,0,
0.0000,0.0075,1.65683,0,
0.0000,0.0075,1.65700,0,
0.0000,0.0075,1.65717,0,
0.0000,0.0075,1.65733,0,
0.0000,0.0075,1.65750,0,
0.0000,0.0075,1.65767,0,
0.0000,0.0075,1.65783,0,
0.0000,0.0075,1.65800,0,
0.0000,0.0075,1.65817,0,
0.0000,0.0075,1.65833,0,
0.0000,0.0075,1.65850,0,
0.0000,0.0075,1.65867,0,
0.0000,0.0075,1.65883,0,
0.0000,0.0075,1.65900,0,
0.0000,0.0075,1.65917,0,
0.0000,0.0075,1.65933,0,
0.0000,0.0075,1.65950,0,
0.0000,0.0075,1.65967,0,
0.0000,0.0075,1.65983,0,
0.0000,0.0075,1.66000,0,
0.0000,0.0075,1.66017,0,
0.0000,0.0075,1.66033,0,
0.0000,0.0075,1.66050,0,
0.0000,0.0075,1.66067,0,
0.0000,0.0075,1.66083,0,
0.0000,0.0075,1.66100,0,
0.0000,0.0075,1.66117,0,
0.0000,0.0075,1.66133,0,
0.0000,0.0075,1.66150,0,
0.0000,0.0075,1.66167,0,
0.0000,0.0075,1.66183,0,
0.0000,0.0075,1.66200,0,
0.0000,0.0075,1.66217,0,
0.0000,0.0075,1.66233,0,
0.0000,0.0075,1.66250,0,
0.0000,0.0075,1.66267,0,
0.0000,0.0075,1.66283,0,
0.0000,0.0075,1.66300,0,
0.0000,0.0075,1.66317,0,
0.0000,0.0075,1.66333,0,
0.0000,0.0075,1.66350,0,
0.0000,0.0075,1.66367,0,
0.0000,0.0075,1.66383,0,
0.0000,0.0075,1.66400,0,
0.0000,0.0075,1.66417,0,
0.0000,0.0075,1.66433,0,
0.0000,0.0075,1.66450,0,
0.0000,0.0075,1.66467,0,
0.0000,0.0075,1.66483,0,
0.0000,0.0075,1.66500,0,
0.0000,0.0075,1.66517,0,
0.0000,0.0075,1.66533,0,
0.0000,0.0075,1.66550,0,
0.0000,0.0075,1.66567,0,
0.0000,0.0075,1.66583,0,
0.0000,0.0075,1.66600,0,
0.0000,0.0075,1.66617,0,
0.0000,0.0075,1.66633,0,
0.0000,0.0075,1.66650,0,
0.0000,0.0075,1.66667,0,
0.0000,0.0075,1.66683,0,
0.0000,0.0075,1.66700,0,
0.0000,0.0075,1.66717,0,
0.0000,0.0075,1.66733,0,
0.0000,0.0075,1.66750,0,
0.0000,0.0075,1.66767,0,
0.0000,0.0075,1.66783,0,
0.0000,0.0075,1.66800,0,
0.0000,0.0075,1.66817,0,
0.0000,0.0075,1.66833,0,
0.0000,0.0075,1.66850,0,
0.0000,0.0075,1.66867,0,
0.0000,0.0075,1.66883,0,
0.0000,0.0075,1.66900,0,
0.0000,0.0075,1.66917,0,
0.0000,0.0075,1.66933,0,
0.0000,0.0075,1.66950,0,
0.0000,0.0075,1.66967,0,
0.0000,0.0075,1.66983,0,
0.0000,0.0075,1.67000,0,
0.0000,0.0075,1.67017,0,
0.0000,0.0075,1.67033,0,
0.0000,0.0075,1.67050,0,
0.0000,0.0075,1.67067,0,
0.0000,0.0075,1.67083,0,
0.0000,0.0075,1.67100,0,
0.0000,0.0075,1.67117,0,
0.0000,0.0075,1.67133,0,
0.0000,0.0075,1.67150,0,
0.0000,0.0075,1.67167,0,
0.0000,0.0075,1.67183,0,
0.0000,0.0075,1.67200,0,
0.0000,0.0075,1.67217,0,
0.0000,0.0075,1.67233,0,
0.0000,0.0075,1.67250,0,
0.0000,0.0075,1.67267,0,
0.0000,0.0075,1.67283,0,
0.0000,0.0075,1.67300,0,
0.0000,0.0075,1.67317,0,
0.0000,0.0075,1.67333,0,
0.0000,0.0075,1.67350,0,
0.0000,0.0075,1.67367,0,
0.0000,0.0075,1.67383,0,
0.0000,0.0075,1.67400,0,
0.0000,0.0075,1.67417,0,
0.0000,0.0075,1.67433,0,
0.0000,0.0075,1.67450,0,
0.0000,0.0075,1.67467,0,
0.0000,0.0075,1.67483,0,
0.0000,0.0075,1.67500,0,
0.0000,0.0075,1.67517,0,
0.0000,0.0075,1.67533,0,
0.0000,0.0075,1.67550,0,
0.0000,0.0075,1.67567,0,
0.0000,0.0075,1.67583,0,
0.0000,0.0075,1.67600,0,
0.0000,0.0075,1.67617,0,
0.0000,0.0075,1.67633,0,
0.0000,0.0075,1.67650,0,
0.0000,0.0075,1.67667,0,
0.0000,0.0075,1.67683,0,
0.0000,0.0075,1.67700,0,
0.0000,0.0075,1.67717,0,
0.0000,0.0075,1.67733,0,
0.0000,0.0075,1.67750,0,
0.0000,0.0075,1.67767,0,
0.0000,0.0075,1.67783,0,
0.0000,0.0075,1.67800,0,
0.0000,0.0075,1.67817,0,
0.0000,0.0075,1.67833,0,
0.0000,0.0075,1.67850,0,
0.0000,0.0075,1.67867,0,
0.0000,0.0075,1.67883,0,
0.0000,0.0075,1.67900,0,
0.0000,0.0075,1.67917,0,
0.0000,0.0075,1.67933,0,
0.0000,0.0075,1.67950,0,
0.0000,0.0075,1.67967,0,
0.0000,0.0075,1.67983,0,
0.0000,0.0075,1.68000,0,
0.0000,0.0075,1.68017,0,
0.0000,0.0075,1.68033,0,
0.0000,0.0075,1.68050,0,
0.0000,0.0075,1.68067,0,
0.0000,0.0075,1.68083,0,
0.0000,0.0075,1.68100,0,
0.0000,0.0075,1.68117,0,
0.0000,0.0075,1.68133,0,
0.0000,0.0075,1.68150,0,
0.0000,0.0075,1.68167,0,
0.0000,0.0075,1.68183,0,
0.0000,0.0075,1.68200,0,
0.0000,0.0075,1.68217,0,
0.0000,0.0075,1.68233,0,
0.0000,0.0075,1.68250,0,
0.0000,0.0075,1.68267,0,
0.0000,0.0075,1.68283,0,
0.0000,0.0075,1.68300,0,
0.0000,0.0075,1.68317,0,
0.0000,0.0075,1.68333,0,
0.0000,0.0075,1.68350,0,
0.0000,0.0075,1.68367,0,
0.0000,0.0075,1.68383,0,
0.0000,0.0075,1.68400,0,
0.0000,0.0075,1.68417,0,
0.0000,0.0075,1.68433,0,
0.0000,0.0075,1.68450,0,
0.0000,0.0075,1.68467,0,
0.0000,0.0075,1.68483,0,
0.0000,0.0075,1.68500,0,
0.0000,0.0075,1.68517,0,
0.0000,0.0075,1.68533,0,
0.0000,0.0075,1.68550,0,
0.0000,0.0075,1.68567,0,
0.0000,0.0075,1.68583,0,
0.0000,0.0075,1.68600,0,
0.0000,0.0075,1.68617,0,
0.0000,0.0075,1.68633,0,
0.0000,0.0075,1.68650,0,
0.0000,0.0075,1.68667,0,
0.0000,0.0075,1.68683,0,
0.0000,0.0075,1.68700,0,
0.0000,0.0075,1.68717,0,
0.0000,0.0075,1.68733,0,
0.0000,0.0075,1.68750,0,
0.0000,0.0075,1.68767,0,
0.0000,0.0075,1.68783,0,
0.0000,0.0075,1.68800,0,
0.0000,0.0075,1.68817,0,
0.0000,0.0075,1.68833,0,
0.0000,0.0075,1.68850,0,
0.0000,0.0075,1.68867,0,
0.0000,0.0075,1.68883,0,
0.0000,0.0075,1.68900,0,
0.0000,0.0075,1.68917,0,
0.0000,0.0075,1.68933,0,
0.0000,0.0075,1.68950,0,
0.0000,0.0075,1.68967,0,
0.0000,0.0075,1.68983,0,
0.0000,0.0075,1.69000,0,
0.0000,0.0075,1.69017,0,
0.0000,0.0075,1.69033,0,
0.0000,0.0075,1.69050,0,
0.0000,0.0075,1.69067,0,
0.0000,0.0075,1.69083,0,
0.0000,0.0075,1.69100,0,
0.0000,0.0075,1.69117,0,
0.0000,0.0075,1.69133,0,
0.0000,0.0075,1.69150,0,
0.0000,0.0075,1.69167,0,
0.0000,0.0075,1.69183,0,
0.0000,0.0075,1.69200,0,
0.0000,0.0075,1.69217,0,
0.0000,0.0075,1.69233,0,
0.0000,0.0075,1.69250,0,
0.0000,0.0075,1.69267,0,
0.0000,0.0075,1.69283,0,
0.0000,0.0075,1.69300,0,
0.0000,0.0075,1.69317,0,
0.0000,0.0075,1.69333,0,
0.0000,0.0075,1.69350,0,
0.0000,0.0075,1.69367,0,
0.0000,0.0075,1.69383,0,
0.0000,0.0075,1.69400,0,
0.0000,0.0075,1.69417,0,
0.0000,0.0075,1.69433,0,
0.0000,0.0075,1.69450,0,
0.0000,0.0075,1.69467,0,
0.0000,0.0075,1.69483,0,
0.0000,0.0075,1.69500,0,
0.0000,0.0075,1.69517,0,
0.0000,0.0075,1.69533,0,
0.0000,0.0075,1.69550,0,
0.0000,0.0075,1.69567,0,
0.0000,0.0075,1.69583,0,
0.0000,0.0075,1.69600,0,
0.0000,0.0075,1.69617,0,
0.0000,0.0075,1.69633,0,
0.0000,0.0075,1.69650,0,
0.0000,0.0075,1.69667,0,
0.0000,0.0075,1.69683,0,
0.0000,0.0075,1.69700,0,
0.0000,0.0075,1.69717,0,
0.0000,0.0075,1.69733,0,
0.0000,0.0075,1.69750,0,
0.0000,0.0075,1.69767,0,
0.0000,0.0075,1.69783,0,
0.0000,0.0075,1.69800,0,
0.0000,0.0075,1.69817,0,
0.0000,0.0075,1.69833,0,
0.0000,0.0075,1.69850,0,
0.0000,0.0075,1.69867,0,
0.0000,0.0075,1.69883,0,
0.0000,0.0075,1.69900,0,
0.0000,0.0075,1.69917,0,
0.0000,0.0075,1.69933,0,
0.0000,0.0075,1.69950,0,
0.0000,0.0075,1.69967,0,
0.0000,0.0075,1.69983,0,
0.0000,0.0075,1.70000,0,
0.0000,0.0075,1.70017,0,
0.0000,0.0075,1.70033,0,
0.0000,0.0075,1.70050,0,
0.0000,0.0075,1.70067,0,
0.0000,0.0075,1.70083,0,
0.0000,0.0075,1.70100,0,
0.0000,0.0075,1.70117,0,
0.0000,0.0075,1.70133,0,
0.0000,0.0075,1.70150,0,
0.0000,0.0075,1.70167,0,
0.0000,0.0075,1.70183,0,
0.0000,0.0075,1.70200,0,
0.0000,0.0075,1.70217,0,
0.0000,0.0075,1.70233,0,
0.0000,0.0075,1.70250,0,
0.0000,0.0075,1.70267,0,
0.0000,0.0075,1.70283,0,
0.0000,0.0075,1.70300,0,
0.0000,0.0075,1.70317,0,
0.0000,0.0075,1.70333,0,
0.0000,0.0075,1.70350,0,
0.0000,0.0075,1.70367,0,
0.0000,0.0075,1.70383,0,
0.0000,0.0075,1.70400,0,
0.0000,0.0075,1.70417,0,
0.0000,0.0075,1.70433,0,
0.0000,0.0075,1.70450,0,
0.0000,0.0075,1.70467,0,
0.0000,0.0075,1.70483,0,
0.0000,0.0075,1.70500,0,
0.0000,0.0075,1.70517,0,
0.0000,0.0075,1.70533,0,
0.0000,0.0075,1.70550,0,
0.0000,0.0075,1.70567,0,
0.0000,0.0075,1.70583,0,
0.0000,0.0075,1.70600,0,
0.0000,0.0075,1.70617,0,
0.0000,0.0075,1.70633,0,
0.0000,0.0075,1.70650,0,
0.0000,0.0075,1.70667,0,
0.0000,0.0075,1.70683,0,
0.0000,0.0075,1.70700,0,
0.0000,0.0075,1.70717,0,
0.0000,0.0075,1.70733,0,
0.0000,0.0075,1.70750,0,
0.0000,0.0075,1.70767,0,
0.0000,0.0075,1.70783,0,
0.0000,0.0075,1.70800,0,
0.0000,0.0075,1.70817,0,
0.0000,0.0075,1.70833,0,
0.0000,0.0075,1.70850,0,
0.0000,0.0075,1.70867,0,
0.0000,0.0075,1.70883,0,
0.0000,0.0075,1.70900,0,
0.0000,0.0075,1.70917,0,
0.0000,0.0075,1.70933,0,
0.0000,0.0075,1.70950,0,
0.0000,0.0075,1.70967,0,
0.0000,0.0075,1.70983,0,
0.0000,0.0075,1.71000,0,
0.0000,0.0075,1.71017,0,
0.0000,0.0075,1.71033,0,
0.0000,0.0075,1.71050,0,
0.0000,0.0075,1.71067,0,
0.0000,0.0075,1.71083,0,
0.0000,0.0075,1.71100,0,
0.0000,0.0075,1.71117,0,
0.0000,0.0075,1.71133,0,
0.0000,0.0075,1.71150,0,
0.0000,0.0075,1.71167,0,
0.0000,0.0075,1.71183,0,
0.0000,0.0075,1.71200,0,
0.0000,0.0075,1.71217,0,
0.0000,0.0075,1.71233,0,
0.0000,0.0075,1.71250,0,
0.0000,0.0075,1.71267,0,
0.0000,0.0075,1.71283,0,
0.0000,0.0075,1.71300,0,
0.0000,0.0075,1.71317,0,
0.0000,0.0075,1.71333,0,
0.0000,0.0075,1.71350,0,
0.0000,0.0075,1.71367,0,
0.0000,0.0075,1.71383,0,
0.0000,0.0075,1.71400,0,
0.0000,0.0075,1.71417,0,
0.0000,0.0075,1.71433,0,
0.0000,0.0025,1.71450,0,
-0.0745,-0.0350,1.71467,0,
-0.0372,-0.0900,1.71483,0,
-0.1117,-0.1500,1.71500,0,
-0.5212,-0.2150,1.71517,0,
-1.4147,-0.2825,1.71533,0,
-2.6806,-0.3550,1.71550,0,
-4.1325,-0.4275,1.71567,0,
-5.4728,-0.5050,1.71583,0,
-6.5153,-0.5875,1.71600,0,
-7.5949,-0.6700,1.71617,0,
-9.3447,-0.7550,1.71633,0,
-11.3179,-0.8450,1.71650,0,
-13.2911,-0.9350,1.71667,0,
-15.3388,-1.0300,1.71683,0,
-17.1258,-1.1275,1.71700,0,
-19.3224,-1.2250,1.71717,0,
-21.5562,-1.3250,1.71733,0,
-23.4922,-1.4300,1.71750,0,
-25.5026,-1.5350,1.71767,0,
-26.5823,-1.6425,1.71783,0,
-27.8853,-1.7500,1.71800,0,
-29.1139,-1.8625,1.71817,0,
-30.1936,-1.9750,1.71833,0,
-31.3850,-2.0900,1.71850,0,
-32.4274,-2.2075,1.71867,0,
-33.4698,-2.3250,1.71883,0,
-34.8474,-2.4425,1.71900,0,
-34.8846,-2.5650,1.71917,0,
-35.9270,-2.6875,1.71933,0,
-37.1929,-2.8100,1.71950,0,
-37.9747,-2.9375,1.71967,0,
-39.1288,-3.0625,1.71983,0,
-39.1288,-3.1900,1.72000,0,
-39.7245,-3.3200,1.72017,0,
-39.1660,-3.4500,1.72033,0,
-38.7937,-3.5825,1.72050,0,
-38.5704,-3.7150,1.72067,0,
-39.2405,-3.8500,1.72083,0,
-38.5331,-3.9850,1.72100,0,
-38.3842,-4.1225,1.72117,0,
-37.6396,-4.2600,1.72133,0,
-37.1556,-4.3975,1.72150,0,
-37.0067,-4.5350,1.72167,0,
-37.4535,-4.6750,1.72183,0,
-37.2673,-4.8175,1.72200,0,
-36.9695,-4.9575,1.72217,0,
-36.4482,-5.1025,1.72233,0,
-36.1504,-5.2450,1.72250,0,
-35.9270,-5.3900,1.72267,0,
-35.2197,-5.5350,1.72283,0,
-34.8101,-5.6800,1.72300,0,
-34.5495,-5.8275,1.72317,0,
-34.2144,-5.9750,1.72333,0,
-33.4326,-6.1225,1.72350,0,
-33.5071,-6.2700,1.72367,0,
-32.3157,-6.4200,1.72383,0,
-31.9434,-6.5700,1.72400,0,
-31.8317,-6.7200,1.72417,0,
-30.7148,-6.8700,1.72433,0,
-31.0499,-7.0225,1.72450,0,
-30.2308,-7.1725,1.72467,0,
-30.1564,-7.3250,1.72483,0,
-29.5979,-7.4800,1.72500,0,
-29.4490,-7.6325,1.72517,0,
-28.9650,-7.7850,1.72533,0,
-28.3321,-7.9400,1.72550,0,
-27.4386,-8.0950,1.72567,0,
-27.1780,-8.2500,1.72583,0,
-26.2844,-8.4050,1.72600,0,
-25.7632,-8.5625,1.72617,0,
-25.3537,-8.7175,1.72633,0,
-25.0186,-8.8750,1.72650,0,
-24.7208,-9.0325,1.72667,0,
-24.2368,-9.1900,1.72683,0,
-24.0134,-9.3475,1.72700,0,
-23.7528,-9.5050,1.72717,0,
-23.3433,-9.6650,1.72733,0,
-23.0454,-9.8225,1.72750,0,
-22.8593,-9.9825,1.72767,0,
-21.8541,-10.1425,1.72783,0,
-21.4818,-10.3000,1.72800,0,
-21.0722,-10.4625,1.72817,0,
-20.7372,-10.6200,1.72833,0,
-20.4765,-10.7825,1.72850,0,
-20.1787,-10.9425,1.72867,0,
-19.9926,-11.1025,1.72883,0,
-19.5086,-11.2650,1.72900,0,
-19.2852,-11.4250,1.72917,0,
-18.9501,-11.5875,1.72933,0,
-18.9501,-11.7475,1.72950,0,
-18.3917,-11.9100,1.72967,0,
-18.3917,-12.0725,1.72983,0,
-18.3172,-12.2350,1.73000,0,
-18.0938,-12.3950,1.73017,0,
-17.6471,-12.5575,1.73033,0,
-17.2748,-12.7225,1.73050,0,
-17.3120,-12.8850,1.73067,0,
-16.9025,-13.0475,1.73083,0,
-16.6791,-13.2100,1.73100,0,
-16.7908,-13.3725,1.73117,0,
-16.6791,-13.5375,1.73133,0,
-16.6046,-13.7000,1.73150,0,
-16.5674,-13.8650,1.73167,0,
-16.3440,-14.0275,1.73183,0,
-16.1951,-14.1925,1.73200,0,
-16.1206,-14.3550,1.73217,0,
-16.0834,-14.5200,1.73233,0,
-15.8600,-14.6825,1.73250,0,
-15.8228,-14.8475,1.73267,0,
-15.7111,-15.0125,1.73283,0,
-15.7856,-15.1775,1.73300,0,
-15.5994,-15.3400,1.73317,0,
-15.4133,-15.5025,1.73333,0,
-15.2643,-15.6675,1.73350,0,
-15.3388,-15.8325,1.73367,0,
-15.3760,-15.9950,1.73383,0,
-15.2271,-16.1600,1.73400,0,
-15.3016,-16.3250,1.73417,0,
-15.3388,-16.4900,1.73433,0,
-15.3388,-16.6550,1.73450,0,
-15.3388,-16.8225,1.73467,0,
-15.2643,-16.9850,1.73483,0,
-15.0782,-17.1500,1.73500,0,
-15.1526,-17.3150,1.73517,0,
-15.1526,-17.4800,1.73533,0,
-14.9665,-17.6475,1.73550,0,
-15.1526,-17.8125,1.73567,0,
-15.0037,-17.9775,1.73583,0,
-15.2271,-18.1450,1.73600,0,
-15.1526,-18.3100,1.73617,0,
-15.0410,-18.4750,1.73633,0,
-15.0782,-18.6400,1.73650,0,
-15.3016,-18.8075,1.73667,0,
-15.4133,-18.9725,1.73683,0,
-15.5994,-19.1375,1.73700,0,
-15.7856,-19.3025,1.73717,0,
-15.8972,-19.4700,1.73733,0,
-15.9345,-19.6375,1.73750,0,
-15.9717,-19.8025,1.73767,0,
-16.0089,-19.9675,1.73783,0,
-16.1579,-20.1350,1.73800,0,
-16.2323,-20.3000,1.73817,0,
-16.3068,-20.4650,1.73833,0,
-16.2323,-20.6325,1.73850,0,
-16.3812,-20.8000,1.73867,0,
-16.3068,-20.9650,1.73883,0,
-16.4185,-21.1300,1.73900,0,
-16.7163,-21.2975,1.73917,0,
-16.8652,-21.4625,1.73933,0,
-17.0141,-21.6275,1.73950,0,
-17.0886,-21.7950,1.73967,0,
-17.1631,-21.9600,1.73983,0,
-17.2375,-22.1275,1.74000,0,
-17.3864,-22.2950,1.74017,0,
-17.4237,-22.4600,1.74033,0,
-17.5354,-22.6275,1.74050,0,
-17.8332,-22.7925,1.74067,0,
-18.0194,-22.9575,1.74083,0,
-18.3172,-23.1250,1.74100,0,
-18.5778,-23.2925,1.74117,0,
-18.8012,-23.4575,1.74133,0,
-19.0246,-23.6250,1.74150,0,
-19.2852,-23.7900,1.74167,0,
-19.5086,-23.9550,1.74183,0,
-19.7319,-24.1225,1.74200,0,
-19.9553,-24.2875,1.74217,0,
-20.2159,-24.4550,1.74233,0,
-20.5138,-24.6225,1.74250,0,
-20.8488,-24.7875,1.74267,0,
-21.2584,-24.9525,1.74283,0,
-21.6679,-25.1200,1.74300,0,
-22.0774,-25.2850,1.74317,0,
-22.5242,-25.4525,1.74333,0,
-23.0826,-25.6175,1.74350,0,
-23.7900,-25.7850,1.74367,0,
-24.4602,-25.9525,1.74383,0,
-25.0186,-26.1175,1.74400,0,
-25.6143,-26.2800,1.74417,0,
-26.2472,-26.4425,1.74433,0,
-26.7684,-26.6025,1.74450,0,
-27.2524,-26.7600,1.74467,0,
-27.7364,-26.9150,1.74483,0,
-28.2204,-27.0700,1.74500,0,
-28.6299,-27.2225,1.74517,0,
-29.0767,-27.3725,1.74533,0,
-29.4118,-27.5175,1.74550,0,
-29.8213,-27.6600,1.74567,0,
-30.1564,-27.8025,1.74583,0,
-30.4914,-27.9400,1.74600,0,
-30.8637,-28.0750,1.74617,0,
-31.1988,-28.2075,1.74633,0,
-31.4222,-28.3375,1.74650,0,
-31.7200,-28.4650,1.74667,0,
-32.0179,-28.5875,1.74683,0,
-32.2412,-28.7075,1.74700,0,
-32.4646,-28.8250,1.74717,0,
-32.6880,-28.9400,1.74733,0,
-32.8742,-29.0525,1.74750,0,
-33.0603,-29.1625,1.74767,0,
-33.2092,-29.2675,1.74783,0,
-33.3582,-29.3700,1.74800,0,
-33.5443,-29.4700,1.74817,0,
-33.6560,-29.5675,1.74833,0,
-33.8049,-29.6600,1.74850,0,
-33.9166,-29.7525,1.74867,0,
-33.9911,-29.8400,1.74883,0,
-34.1400,-29.9250,1.74900,0,
-34.2517,-30.0075,1.74917,0,
-34.3261,-30.0875,1.74933,0,
-34.4378,-30.1625,1.74950,0,
-34.5123,-30.2375,1.74967,0,
-34.5867,-30.3075,1.74983,0,
-34.6612,-30.3775,1.75000,0,
-34.6984,-30.4425,1.75017,0,
-34.7357,-30.5050,1.75033,0,
-34.7729,-30.5650,1.75050,0,
-34.8101,-30.6250,1.75067,0,
-34.7729,-30.6725,1.75083,0,
-34.6612,-30.6975,1.75100,0,
-34.4751,-30.7075,1.75117,0,
-34.2517,-30.7100,1.75133,0,
-34.0283,-30.7075,1.75150,0,
-33.8421,-30.7075,1.75167,0,
-33.6932,-30.7125,1.75183,0,
-33.5815,-30.7175,1.75200,0,
-33.4698,-30.7200,1.75217,0,
-33.3582,-30.7225,1.75233,0,
-33.2092,-30.7250,1.75250,0,
-33.0975,-30.7275,1.75267,0,
-33.0231,-30.7275,1.75283,0,
-32.9114,-30.7275,1.75300,0,
-32.7997,-30.7275,1.75317,0,
-32.6880,-30.7275,1.75333,0,
-32.5763,-30.7275,1.75350,0,
-32.5019,-30.7275,1.75367,0,
-32.4274,-30.7275,1.75383,0,
-32.3157,-30.7275,1.75400,0,
-32.2412,-30.7275,1.75417,0,
-32.1668,-30.7275,1.75433,0,
-31.9806,-30.7050,1.75450,0,
-31.6083,-30.6525,1.75467,0,
-31.1243,-30.5925,1.75483,0,
-30.6031,-30.5275,1.75500,0,
-30.0819,-30.4600,1.75517,0,
-29.5979,-30.3925,1.75533,0,
-29.0767,-30.3175,1.75550,0,
-28.5927,-30.2425,1.75567,0,
-28.0715,-30.1650,1.75583,0,
-27.5875,-30.0825,1.75600,0,
-27.1407,-29.9975,1.75617,0,
-26.7312,-29.9100,1.75633,0,
-26.3589,-29.8200,1.75650,0,
-25.9866,-29.7275,1.75667,0,
-25.6143,-29.6325,1.75683,0,
-25.2048,-29.5325,1.75700,0,
-24.7952,-29.4325,1.75717,0,
-24.3485,-29.3300,1.75733,0,
-23.9389,-29.2275,1.75750,0,
-23.5666,-29.1200,1.75767,0,
-23.1571,-29.0125,1.75783,0,
-22.7104,-28.9025,1.75800,0,
-22.2636,-28.7900,1.75817,0,
-21.8541,-28.6750,1.75833,0,
-21.4445,-28.5600,1.75850,0,
-21.0350,-28.4425,1.75867,0,
-20.6255,-28.3225,1.75883,0,
-20.2904,-28.2025,1.75900,0,
-19.9181,-28.0800,1.75917,0,
-19.4341,-27.9575,1.75933,0,
-19.0246,-27.8325,1.75950,0,
-18.5778,-27.7050,1.75967,0,
-18.2055,-27.5775,1.75983,0,
-17.7960,-27.4475,1.76000,0,
-17.3864,-27.3175,1.76017,0,
-16.9769,-27.1850,1.76033,0,
-16.6046,-27.0525,1.76050,0,
-16.1206,-26.9200,1.76067,0,
-15.7111,-26.7850,1.76083,0,
-15.3016,-26.6475,1.76100,0,
-14.8548,-26.5125,1.76117,0,
-14.4453,-26.3725,1.76133,0,
-14.1102,-26.2350,1.76150,0,
-13.8124,-26.0950,1.76167,0,
-13.5518,-25.9525,1.76183,0,
-13.2539,-25.8125,1.76200,0,
-13.0678,-25.6700,1.76217,0,
-12.8071,-25.5250,1.76233,0,
-12.6210,-25.3825,1.76250,0,
-12.4721,-25.2375,1.76267,0,
-12.2487,-25.0900,1.76283,0,
-12.0998,-24.9450,1.76300,0,
-11.9136,-24.7975,1.76317,0,
-11.7275,-24.6500,1.76333,0,
-11.6158,-24.5025,1.76350,0,
-11.5041,-24.3525,1.76367,0,
-11.3179,-24.2050,1.76383,0,
-11.2063,-24.0550,1.76400,0,
-11.0946,-23.9025,1.76417,0,
-11.0201,-23.7525,1.76433,0,
-10.9084,-23.6000,1.76450,0,
-10.7595,-23.4475,1.76467,0,
-10.6478,-23.2950,1.76483,0,
-10.4989,-23.1425,1.76500,0,
-10.3500,-22.9875,1.76517,0,
-10.2383,-22.8325,1.76533,0,
-10.0894,-22.6800,1.76550,0,
-9.9777,-22.5250,1.76567,0,
-9.8660,-22.3675,1.76583,0,
-9.7171,-22.2125,1.76600,0,
-9.6054,-22.0550,1.76617,0,
-9.4937,-21.9000,1.76633,0,
-9.3447,-21.7425,1.76650,0,
-9.3075,-21.5850,1.76667,0,
-9.1214,-21.4275,1.76683,0,
-9.1214,-21.2700,1.76700,0,
-8.9352,-21.1100,1.76717,0,
-8.8608,-20.9525,1.76733,0,
-8.7863,-20.7950,1.76750,0,
-8.4885,-20.6350,1.76767,0,
-8.4140,-20.4750,1.76783,0,
-8.3768,-20.3150,1.76800,0,
-8.1906,-20.1575,1.76817,0,
-8.1534,-19.9975,1.76833,0,
-8.0417,-19.8375,1.76850,0,
-8.0045,-19.6775,1.76867,0,
-7.8183,-19.5150,1.76883,0,
-7.8183,-19.3550,1.76900,0,
-7.7439,-19.1950,1.76917,0,
-7.5949,-19.0325,1.76933,0,
-7.4832,-18.8725,1.76950,0,
-7.3716,-18.7100,1.76967,0,
-7.3716,-18.5475,1.76983,0,
-7.2226,-18.3875,1.77000,0,
-7.0737,-18.2250,1.77017,0,
-7.0365,-18.0625,1.77033,0,
-6.9620,-17.9000,1.77050,0,
-6.9248,-17.7350,1.77067,0,
-6.8876,-17.5750,1.77083,0,
-6.8876,-17.4125,1.77100,0,
-6.8131,-17.2475,1.77117,0,
-6.8131,-17.0850,1.77133,0,
-6.7759,-16.9200,1.77150,0,
-6.6642,-16.7575,1.77167,0,
-6.6270,-16.5950,1.77183,0,
-6.5153,-16.4325,1.77200,0,
-6.4408,-16.2675,1.77217,0,
-6.5153,-16.1050,1.77233,0,
-6.4408,-15.9400,1.77250,0,
-6.4780,-15.7750,1.77267,0,
-6.4408,-15.6125,1.77283,0,
-6.4408,-15.4475,1.77300,0,
-6.4408,-15.2850,1.77317,0,
-6.5525,-15.1200,1.77333,0,
-6.5897,-14.9575,1.77350,0,
-6.4780,-14.7925,1.77367,0,
-6.4408,-14.6275,1.77383,0,
-6.5897,-14.4625,1.77400,0,
-6.6270,-14.2925,1.77417,0,
-6.5897,-14.1350,1.77433,0,
-6.5525,-13.9700,1.77450,0,
-6.7014,-13.8050,1.77467,0,
-6.7386,-13.6375,1.77483,0,
-6.8876,-13.4725,1.77500,0,
-6.7386,-13.3075,1.77517,0,
-6.9248,-13.1425,1.77533,0,
-6.9248,-12.9750,1.77550,0,
-6.9620,-12.8125,1.77567,0,
-7.1482,-12.6475,1.77583,0,
-7.0737,-12.4800,1.77600,0,
-7.1854,-12.3150,1.77617,0,
-7.3716,-12.1500,1.77633,0,
-7.5949,-11.9850,1.77650,0,
-7.7439,-11.8175,1.77667,0,
-7.7066,-11.6475,1.77683,0,
-8.0789,-11.4850,1.77700,0,
-8.1162,-11.3200,1.77717,0,
-8.2651,-11.1550,1.77733,0,
-8.4512,-10.9875,1.77750,0,
-8.7118,-10.8225,1.77767,0,
-8.7863,-10.6575,1.77783,0,
-9.0097,-10.4900,1.77800,0,
-9.3075,-10.3225,1.77817,0,
-9.3820,-10.1600,1.77833,0,
-9.6054,-9.9925,1.77850,0,
-9.8287,-9.8275,1.77867,0,
-9.7915,-9.6625,1.77883,0,
-10.0521,-9.4975,1.77900,0,
-10.3872,-9.3325,1.77917,0,
-10.5733,-9.1650,1.77933,0,
-10.8712,-8.9950,1.77950,0,
-11.0946,-8.8325,1.77967,0,
-11.2807,-8.6675,1.77983,0,
-11.6158,-8.5000,1.78000,0,
-11.7275,-8.3350,1.78017,0,
-11.9509,-8.1675,1.78033,0,
-12.0625,-8.0025,1.78050,0,
-12.1742,-7.8350,1.78067,0,
-12.3232,-7.6675,1.78083,0,
-12.6210,-7.5050,1.78100,0,
-12.7699,-7.3375,1.78117,0,
-12.6955,-7.1700,1.78133,0,
-13.1050,-7.0050,1.78150,0,
-13.2911,-6.8375,1.78167,0,
-13.4401,-6.6700,1.78183,0,
-13.6262,-6.5050,1.78200,0,
-13.7007,-6.3375,1.78217,0,
-13.5145,-6.1725,1.78233,0,
-13.6262,-6.0050,1.78250,0,
-13.4773,-5.8400,1.78267,0,
-13.5890,-5.6725,1.78283,0,
-13.5518,-5.5075,1.78300,0,
-13.3656,-5.3400,1.78317,0,
-13.3656,-5.1725,1.78333,0,
-13.1422,-5.0075,1.78350,0,
-13.1422,-4.8400,1.78367,0,
-12.6582,-4.6750,1.78383,0,
-12.5465,-4.5100,1.78400,0,
-12.0253,-4.3475,1.78417,0,
-11.8019,-4.1850,1.78433,0,
-11.5786,-4.0250,1.78450,0,
-11.4669,-3.8675,1.78467,0,
-11.4296,-3.7125,1.78483,0,
-10.9084,-3.5600,1.78500,0,
-10.4989,-3.4100,1.78517,0,
-10.0149,-3.2625,1.78533,0,
-9.4192,-3.1175,1.78550,0,
-8.9725,-2.9750,1.78567,0,
-8.2651,-2.8350,1.78583,0,
-7.7066,-2.7000,1.78600,0,
-7.1482,-2.5650,1.78617,0,
-6.4036,-2.4325,1.78633,0,
-5.7334,-2.3050,1.78650,0,
-4.9888,-2.1800,1.78667,0,
-4.2070,-2.0575,1.78683,0,
-3.3879,-1.9400,1.78700,0,
-2.6806,-1.8225,1.78717,0,
-1.9732,-1.7100,1.78733,0,
-1.2658,-1.6000,1.78750,0,
-0.5957,-1.4925,1.78767,0,
0.0372,-1.3900,1.78783,0,
0.7074,-1.2875,1.78800,0,
1.1914,-1.1900,1.78817,0,
1.3031,-1.0950,1.78833,0,
0.9308,-1.0050,1.78850,0,
0.0745,-0.9150,1.78867,0,
0.0000,-0.8300,1.78883,0,
0.0000,-0.7475,1.78900,0,
0.0000,-0.6675,1.78917,0,
0.0000,-0.5900,1.78933,0,
0.0000,-0.5175,1.78950,0,
0.0000,-0.4450,1.78967,0,
0.0000,-0.3750,1.78983,0,
0.0000,-0.3100,1.79000,0,
0.0000,-0.2450,1.79017,0,
0.0000,-0.1850,1.79033,0,
0.0000,-0.1275,1.79050,0,
-0.0372,-0.0925,1.79067,0,
-0.0372,-0.0750,1.79083,0,
0.0000,-0.0775,1.79100,0,
0.0000,-0.0825,1.79117,0,
0.0000,-0.0825,1.79133,0,
0.0000,-0.0700,1.79150,0,
0.0000,-0.0600,1.79167,0,
0.0000,-0.0525,1.79183,0,
0.0000,-0.0525,1.79200,0,
0.0000,-0.0525,1.79217,0,
0.0000,-0.0475,1.79233,0,
0.0000,-0.0400,1.79250,0,
0.0000,-0.0325,1.79267,0,
0.0000,-0.0250,1.79283,0,
0.0000,-0.0225,1.79300,0,
0.0000,-0.0225,1.79317,0,
0.0000,-0.0175,1.79333,0,
0.0000,-0.0100,1.79350,0,
0.0000,-0.0025,1.79367,0,
0.0000,0.0025,1.79383,0,
0.0000,0.0050,1.79400,0,
0.0000,0.0025,1.79417,0,
0.0000,0.0025,1.79433,0,
0.0000,0.0025,1.79450,0,
0.0000,0.0025,1.79467,0,
0.0000,0.0025,1.79483,0,
0.0000,0.0025,1.79500,0,
0.0000,0.0025,1.79517,0,
0.0000,0.0025,1.79533,0,
0.0000,0.0025,1.79550,0,
0.0000,0.0025,1.79567,0,
0.0000,0.0025,1.79583,0,
0.0000,0.0025,1.79600,0,
0.0000,0.0025,1.79617,0,
0.0000,0.0025,1.79633,0,
0.0000,0.0025,1.79650,0,
-0.0372,-0.0200,1.79667,0,
0.0000,-0.0700,1.79683,0,
-0.0372,-0.1300,1.79700,0,
0.0000,-0.1950,1.79717,0,
0.0000,-0.2625,1.79733,0,
0.0000,-0.3350,1.79750,0,
0.0000,-0.4075,1.79767,0,
-0.0372,-0.4850,1.79783,0,
0.0000,-0.5650,1.79800,0,
-0.0372,-0.6475,1.79817,0,
-0.2606,-0.7325,1.79833,0,
-1.0424,-0.8200,1.79850,0,
-2.3083,-0.9100,1.79867,0,
-3.8347,-1.0025,1.79883,0,
-5.2494,-1.1000,1.79900,0,
-6.2547,-1.1975,1.79917,0,
-7.9300,-1.2975,1.79933,0,
-9.4192,-1.4000,1.79950,0,
-11.1318,-1.5050,1.79967,0,
-12.6955,-1.6100,1.79983,0,
-14.2219,-1.7200,1.80000,0,
-15.5249,-1.8300,1.80017,0,
-17.0141,-1.9425,1.80033,0,
-18.1683,-2.0575,1.80050,0,
-19.3969,-2.1725,1.80067,0,
-20.4765,-2.2900,1.80083,0,
-21.8913,-2.4100,1.80100,0,
-22.5987,-2.5300,1.80117,0,
-23.6411,-2.6525,1.80133,0,
-24.1623,-2.7750,1.80150,0,
-24.9069,-2.9000,1.80167,0,
-25.3165,-3.0250,1.80183,0,
-26.1727,-3.1525,1.80200,0,
-27.4386,-3.2825,1.80217,0,
-28.2204,-3.4125,1.80233,0,
-28.2204,-3.5425,1.80250,0,
-28.1459,-3.6775,1.80267,0,
-27.8109,-3.8100,1.80283,0,
-28.0343,-3.9450,1.80300,0,
-28.0715,-4.0825,1.80317,0,
-28.4810,-4.2175,1.80333,0,
-28.8533,-4.3550,1.80350,0,
-28.8533,-4.4950,1.80367,0,
-29.0767,-4.6350,1.80383,0,
-28.8905,-4.7750,1.80400,0,
-29.2628,-4.9150,1.80417,0,
-29.1512,-5.0600,1.80433,0,
-28.8533,-5.2025,1.80450,0,
-28.5555,-5.3450,1.80467,0,
-28.5555,-5.4900,1.80483,0,
-27.6992,-5.6350,1.80500,0,
-27.8481,-5.7825,1.80517,0,
-27.8853,-5.9300,1.80533,0,
-27.9226,-6.0775,1.80550,0,
-27.6247,-6.2275,1.80567,0,
-27.0663,-6.3750,1.80583,0,
-26.8057,-6.5250,1.80600,0,
-27.4013,-6.6750,1.80617,0,
-27.0663,-6.8250,1.80633,0,
-26.0238,-6.9775,1.80650,0,
-25.5771,-7.1300,1.80667,0,
-24.7580,-7.2825,1.80683,0,
-24.6091,-7.4350,1.80700,0,
-24.1623,-7.5875,1.80717,0,
-24.1251,-7.7425,1.80733,0,
-23.4550,-7.8950,1.80750,0,
-22.8220,-8.0500,1.80767,0,
-22.7104,-8.2050,1.80783,0,
-22.1147,-8.3625,1.80800,0,
-22.0402,-8.5175,1.80817,0,
-21.8913,-8.6725,1.80833,0,
-21.5934,-8.8300,1.80850,0,
-21.1095,-8.9875,1.80867,0,
-20.7372,-9.1425,1.80883,0,
-20.5510,-9.3025,1.80900,0,
-19.9553,-9.4600,1.80917,0,
-19.8436,-9.6175,1.80933,0,
-19.3969,-9.7775,1.80950,0,
-19.2480,-9.9350,1.80967,0,
-18.8757,-10.0950,1.80983,0,
-18.3172,-10.2550,1.81000,0,
-18.1311,-10.4150,1.81017,0,
-18.0566,-10.5750,1.81033,0,
-17.5726,-10.7350,1.81050,0,
-17.6471,-10.8950,1.81067,0,
-17.2003,-11.0575,1.81083,0,
-17.4237,-11.2175,1.81100,0,
-16.7535,-11.3775,1.81117,0,
-16.7535,-11.5400,1.81133,0,
-16.3812,-11.7000,1.81150,0,
-16.3812,-11.8625,1.81167,0,
-15.7483,-12.0250,1.81183,0,
-15.5994,-12.1875,1.81200,0,
-15.3388,-12.3475,1.81217,0,
-15.1899,-12.5100,1.81233,0,
-15.0037,-12.6725,1.81250,0,
-14.8548,-12.8350,1.81267,0,
-14.6314,-12.9975,1.81283,0,
-14.5942,-13.1625,1.81300,0,
-14.4453,-13.3250,1.81317,0,
-14.4453,-13.4875,1.81333,0,
-14.2964,-13.6525,1.81350,0,
-14.2591,-13.8150,1.81367,0,
-13.9240,-13.9775,1.81383,0,
-13.7007,-14.1425,1.81400,0,
-13.7379,-14.3075,1.81417,0,
-13.6634,-14.4700,1.81433,0,
-13.8124,-14.6350,1.81450,0,
-13.7007,-14.8000,1.81467,0,
-13.6634,-14.9650,1.81483,0,
-13.5890,-15.1275,1.81500,0,
-13.5890,-15.2925,1.81517,0,
-13.6262,-15.4550,1.81533,0,
-13.6262,-15.6200,1.81550,0,
-13.5518,-15.7850,1.81567,0,
-13.5890,-15.9500,1.81583,0,
-13.5145,-16.1150,1.81600,0,
-13.4028,-16.2775,1.81617,0,
-13.4401,-16.4425,1.81633,0,
-13.4401,-16.6075,1.81650,0,
-13.4401,-16.7725,1.81667,0,
-13.3284,-16.9400,1.81683,0,
-13.2539,-17.1025,1.81700,0,
-13.4401,-17.2700,1.81717,0,
-13.4401,-17.4350,1.81733,0,
-13.5145,-17.6000,1.81750,0,
-13.6262,-17.7650,1.81767,0,
-13.6634,-17.9300,1.81783,0,
-13.8124,-18.0975,1.81800,0,
-13.8496,-18.2625,1.81817,0,
-13.9240,-18.4275,1.81833,0,
-13.9985,-18.5925,1.81850,0,
-13.9985,-18.7600,1.81867,0,
-13.9985,-18.9250,1.81883,0,
-14.1847,-19.0900,1.81900,0,
-14.2219,-19.2550,1.81917,0,
-14.2591,-19.4225,1.81933,0,
-14.2591,-19.5900,1.81950,0,
-14.3336,-19.7550,1.81967,0,
-14.3708,-19.9200,1.81983,0,
-14.4825,-20.0850,1.82000,0,
-14.5197,-20.2525,1.82017,0,
-14.5942,-20.4175,1.82033,0,
-14.7431,-20.5850,1.82050,0,
-14.9293,-20.7500,1.82067,0,
-15.0037,-20.9175,1.82083,0,
-15.1154,-21.0825,1.82100,0,
-15.2271,-21.2500,1.82117,0,
-15.1899,-21.4150,1.82133,0,
-15.3760,-21.5825,1.82150,0,
-15.4877,-21.7475,1.82167,0,
-15.6366,-21.9125,1.82183,0,
-15.7111,-22.0775,1.82200,0,
-15.7483,-22.2450,1.82217,0,
-15.9717,-22.4100,1.82233,0,
-16.1206,-22.5800,1.82250,0,
-16.2323,-22.7450,1.82267,0,
-16.3068,-22.9100,1.82283,0,
-16.4557,-23.0775,1.82300,0,
-16.8280,-23.2425,1.82317,0,
-16.9769,-23.4075,1.82333,0,
-17.1631,-23.5750,1.82350,0,
-17.4981,-23.7425,1.82367,0,
-17.7960,-23.9075,1.82383,0,
-17.9821,-24.0750,1.82400,0,
-18.2800,-24.2400,1.82417,0,
-18.5406,-24.4050,1.82433,0,
-18.7640,-24.5725,1.82450,0,
-19.0246,-24.7375,1.82467,0,
-19.3596,-24.9050,1.82483,0,
-19.7319,-25.0700,1.82500,0,
-20.1787,-25.2375,1.82517,0,
-20.5882,-25.4050,1.82533,0,
-20.9978,-25.5700,1.82550,0,
-21.5190,-25.7375,1.82567,0,
-22.1891,-25.9025,1.82583,0,
-22.8593,-26.0700,1.82600,0,
-23.4922,-26.2325,1.82617,0,
-24.1251,-26.3975,1.82633,0,
-24.6835,-26.5575,1.82650,0,
-25.2048,-26.7150,1.82667,0,
-25.6515,-26.8725,1.82683,0,
-26.2100,-27.0275,1.82700,0,
-26.7312,-27.1775,1.82717,0,
-27.1780,-27.3275,1.82733,0,
-27.6992,-27.4750,1.82750,0,
-28.1832,-27.6175,1.82767,0,
-28.5555,-27.7600,1.82783,0,
-28.8905,-27.9000,1.82800,0,
-29.2628,-28.0350,1.82817,0,
-29.6351,-28.1675,1.82833,0,
-29.9330,-28.3000,1.82850,0,
-30.2308,-28.4275,1.82867,0,
-30.4542,-28.5500,1.82883,0,
-30.7520,-28.6725,1.82900,0,
-31.0127,-28.7900,1.82917,0,
-31.2360,-28.9075,1.82933,0,
-31.4966,-29.0175,1.82950,0,
-31.7200,-29.1275,1.82967,0,
-31.9434,-29.2350,1.82983,0,
-32.1296,-29.3375,1.83000,0,
-32.2785,-29.4375,1.83017,0,
-32.4274,-29.5350,1.83033,0,
-32.6136,-29.6300,1.83050,0,
-32.7252,-29.7225,1.83067,0,
-32.8369,-29.8100,1.83083,0,
-33.0231,-29.8950,1.83100,0,
-33.1348,-29.9800,1.83117,0,
-33.2837,-30.0600,1.83133,0,
-33.3582,-30.1375,1.83150,0,
-33.4698,-30.2125,1.83167,0,
-33.5815,-30.2825,1.83183,0,
-33.6188,-30.3525,1.83200,0,
-33.7305,-30.4200,1.83217,0,
-33.8049,-30.4825,1.83233,0,
-33.8794,-30.5450,1.83250,0,
-33.9538,-30.6025,1.83267,0,
-33.9538,-30.6575,1.83283,0,
-33.8794,-30.6925,1.83300,0,
-33.7305,-30.7075,1.83317,0,
-33.5815,-30.7125,1.83333,0,
-33.3582,-30.7125,1.83350,0,
-33.1720,-30.7125,1.83367,0,
-33.0231,-30.7150,1.83383,0,
-32.9114,-30.7200,1.83400,0,
-32.7997,-30.7225,1.83417,0,
-32.6880,-30.7250,1.83433,0,
-32.5763,-30.7275,1.83450,0,
-32.4646,-30.7300,1.83467,0,
-32.3902,-30.7325,1.83483,0,
-32.2785,-30.7325,1.83500,0,
-32.2040,-30.7325,1.83517,0,
-32.0923,-30.7325,1.83533,0,
-32.0179,-30.7325,1.83550,0,
-31.9062,-30.7325,1.83567,0,
-31.8317,-30.7325,1.83583,0,
-31.7573,-30.7325,1.83600,0,
-31.6828,-30.7325,1.83617,0,
-31.6083,-30.7325,1.83633,0,
-31.5339,-30.7325,1.83650,0,
-31.4594,-30.7325,1.83667,0,
-31.4222,-30.7325,1.83683,0,
-31.3477,-30.7325,1.83700,0,
-31.2733,-30.7325,1.83717,0,
-31.2360,-30.7325,1.83733,0,
-31.1988,-30.7325,1.83750,0,
-31.1243,-30.7325,1.83767,0,
-31.0871,-30.7325,1.83783,0,
-31.0127,-30.7325,1.83800,0,
-30.9754,-30.7325,1.83817,0,
-30.9010,-30.7250,1.83833,0,
-30.5659,-30.6825,1.83850,0,
-30.1564,-30.6250,1.83867,0,
-29.6724,-30.5625,1.83883,0,
-29.1139,-30.4975,1.83900,0,
-28.6299,-30.4275,1.83917,0,
-28.1459,-30.3575,1.83933,0,
-27.6619,-30.2825,1.83950,0,
-27.2524,-30.2050,1.83967,0,
-26.8429,-30.1250,1.83983,0,
-26.4706,-30.0400,1.84000,0,
-26.0611,-29.9525,1.84017,0,
-25.6888,-29.8650,1.84033,0,
-25.2048,-29.7725,1.84050,0,
-24.8697,-29.6800,1.84067,0,
-24.5346,-29.5825,1.84083,0,
-24.1623,-29.4825,1.84100,0,
-23.7156,-29.3825,1.84117,0,
-23.3060,-29.2800,1.84133,0,
-22.9337,-29.1725,1.84150,0,
-22.4870,-29.0675,1.84167,0,
-22.0774,-28.9575,1.84183,0,
-21.7051,-28.8450,1.84200,0,
-21.2956,-28.7325,1.84217,0,
-20.8488,-28.6175,1.84233,0,
-20.4393,-28.5000,1.84250,0,
-20.0298,-28.3825,1.84267,0,
-19.5830,-28.2625,1.84283,0,
-19.1735,-28.1400,1.84300,0,
-18.8012,-28.0175,1.84317,0,
-18.3917,-27.8925,1.84333,0,
-17.9821,-27.7675,1.84350,0,
-17.5354,-27.6400,1.84367,0,
-17.0886,-27.5100,1.84383,0,
-16.6791,-27.3800,1.84400,0,
-16.1951,-27.2500,1.84417,0,
-15.7856,-27.1200,1.84433,0,
-15.4877,-26.9850,1.84450,0,
-15.0410,-26.8500,1.84467,0,
-14.6314,-26.7150,1.84483,0,
-14.2591,-26.5775,1.84500,0,
-13.8868,-26.4400,1.84517,0,
-13.5890,-26.3025,1.84533,0,
-13.2911,-26.1625,1.84550,0,
-13.0305,-26.0225,1.84567,0,
-12.7327,-25.8800,1.84583,0,
-12.5093,-25.7400,1.84600,0,
-12.3232,-25.5975,1.84617,0,
-12.1370,-25.4525,1.84633,0,
-11.9509,-25.3075,1.84650,0,
-11.8019,-25.1625,1.84667,0,
-11.5786,-25.0150,1.84683,0,
-11.3552,-24.8700,1.84700,0,
-11.2435,-24.7225,1.84717,0,
-11.0946,-24.5750,1.84733,0,
-10.9829,-24.4250,1.84750,0,
-10.8712,-24.2750,1.84767,0,
-10.7595,-24.1275,1.84783,0,
-10.6850,-23.9750,1.84800,0,
-10.6478,-23.8250,1.84817,0,
-10.6106,-23.6725,1.84833,0,
-10.3872,-23.5225,1.84850,0,
-10.3500,-23.3700,1.84867,0,
-10.1638,-23.2175,1.84883,0,
-10.0521,-23.0625,1.84900,0,
-9.9404,-22.9075,1.84917,0,
-9.8287,-22.7525,1.84933,0,
-9.7171,-22.5975,1.84950,0,
-9.4937,-22.4425,1.84967,0,
-9.3447,-22.2875,1.84983,0,
-9.2703,-22.1300,1.85000,0,
-9.1586,-21.9725,1.85017,0,
-8.9725,-21.8175,1.85033,0,
-8.8980,-21.6600,1.85050,0,
-8.8608,-21.5025,1.85067,0,
-8.7491,-21.3425,1.85083,0,
-8.6001,-21.1850,1.85100,0,
-8.6001,-21.0275,1.85117,0,
-8.3768,-20.8700,1.85133,0,
-8.3023,-20.7125,1.85150,0,
-8.2278,-20.5525,1.85167,0,
-8.1162,-20.3925,1.85183,0,
-7.8928,-20.2325,1.85200,0,
-7.8555,-20.0750,1.85217,0,
-7.7439,-19.9125,1.85233,0,
-7.6694,-19.7525,1.85250,0,
-7.5577,-19.5925,1.85267,0,
-7.5205,-19.4325,1.85283,0,
-7.3343,-19.2700,1.85300,0,
-7.3343,-19.1100,1.85317,0,
-7.2226,-18.9475,1.85333,0,
-7.1109,-18.7875,1.85350,0,
-7.1109,-18.6250,1.85367,0,
-6.9620,-18.4625,1.85383,0,
-6.9248,-18.3025,1.85400,0,
-6.7759,-18.1400,1.85417,0,
-6.5897,-17.9775,1.85433,0,
-6.6270,-17.8150,1.85450,0,
-6.4408,-17.6500,1.85467,0,
-6.4408,-17.4900,1.85483,0,
-6.3663,-17.3275,1.85500,0,
-6.4036,-17.1625,1.85517,0,
-6.3663,-17.0000,1.85533,0,
-6.2919,-16.8375,1.85550,0,
-6.2919,-16.6750,1.85567,0,
-6.2547,-16.5100,1.85583,0,
-6.1057,-16.3475,1.85600,0,
-6.1802,-16.1825,1.85617,0,
-6.1057,-16.0175,1.85633,0,
-6.0313,-15.8550,1.85650,0,
-6.1057,-15.6900,1.85667,0,
-6.0685,-15.5275,1.85683,0,
-5.9940,-15.3650,1.85700,0,
-5.9568,-15.2000,1.85717,0,
-5.9940,-15.0350,1.85733,0,
-5.9940,-14.8725,1.85750,0,
-6.0313,-14.7050,1.85767,0,
-6.1057,-14.5425,1.85783,0,
-6.0685,-14.3775,1.85800,0,
-6.1057,-14.2125,1.85817,0,
-6.1802,-14.0475,1.85833,0,
-6.1802,-13.8825,1.85850,0,
-6.2174,-13.7175,1.85867,0,
-6.2547,-13.5500,1.85883,0,
-6.4036,-13.3850,1.85900,0,
-6.3291,-13.2200,1.85917,0,
-6.4408,-13.0550,1.85933,0,
-6.5153,-12.8900,1.85950,0,
-6.5525,-12.7225,1.85967,0,
-6.7386,-12.5575,1.85983,0,
-6.7386,-12.3925,1.86000,0,
-6.7759,-12.2250,1.86017,0,
-7.1109,-12.0600,1.86033,0,
-7.1482,-11.8950,1.86050,0,
-7.1109,-11.7275,1.86067,0,
-7.4088,-11.5625,1.86083,0,
-7.5949,-11.3975,1.86100,0,
-7.8183,-11.2325,1.86117,0,
-7.7811,-11.0650,1.86133,0,
-7.9672,-10.8975,1.86150,0,
-8.1906,-10.7325,1.86167,0,
-8.1534,-10.5675,1.86183,0,
-8.5257,-10.4000,1.86200,0,
-8.7118,-10.2350,1.86217,0,
-8.7863,-10.0700,1.86233,0,
-9.1586,-9.9050,1.86250,0,
-9.2703,-9.7375,1.86267,0,
-9.4937,-9.5725,1.86283,0,
-9.7171,-9.4075,1.86300,0,
-9.6798,-9.2400,1.86317,0,
-10.0894,-9.0750,1.86333,0,
-10.2755,-8.9100,1.86350,0,
-10.4244,-8.7425,1.86367,0,
-10.5733,-8.5775,1.86383,0,
-10.8340,-8.4100,1.86400,0,
-11.0201,-8.2450,1.86417,0,
-11.2435,-8.0775,1.86433,0,
-11.2435,-7.9100,1.86450,0,
-11.3552,-7.7450,1.86467,0,
-11.3924,-7.5800,1.86483,0,
-11.8019,-7.4125,1.86500,0,
-11.9509,-7.2450,1.86517,0,
-12.0625,-7.0800,1.86533,0,
-12.2115,-6.9150,1.86550,0,
-12.3604,-6.7475,1.86567,0,
-12.5465,-6.5800,1.86583,0,
-12.5465,-6.4150,1.86600,0,
-12.3976,-6.2500,1.86617,0,
-12.6582,-6.0825,1.86633,0,
-12.5838,-5.9175,1.86650,0,
-12.5093,-5.7500,1.86667,0,
-12.5838,-5.5825,1.86683,0,
-12.4721,-5.4175,1.86700,0,
-12.6210,-5.2500,1.86717,0,
-12.3976,-5.0825,1.86733,0,
-12.2115,-4.9175,1.86750,0,
-11.8764,-4.7525,1.86767,0,
-11.8019,-4.5875,1.86783,0,
-11.5041,-4.4225,1.86800,0,
-10.9829,-4.2600,1.86817,0,
-10.7967,-4.1000,1.86833,0,
-10.5361,-3.9400,1.86850,0,
-10.2383,-3.7850,1.86867,0,
-9.7171,-3.6325,1.86883,0,
-9.2331,-3.4800,1.86900,0,
-8.8608,-3.3325,1.86917,0,
-8.3395,-3.1850,1.86933,0,
-7.7439,-3.0400,1.86950,0,
-7.3343,-2.9000,1.86967,0,
-6.6642,-2.7625,1.86983,0,
-6.0313,-2.6250,1.87000,0,
-5.3984,-2.4925,1.87017,0,
-4.5421,-2.3625,1.87033,0,
-3.9092,-2.2375,1.87050,0,
-3.0901,-2.1150,1.87067,0,
-2.3827,-1.9925,1.87083,0,
-1.6754,-1.8750,1.87100,0,
-1.0797,-1.7600,1.87117,0,
-0.4095,-1.6500,1.87133,0,
0.2606,-1.5425,1.87150,0,
0.8563,-1.4350,1.87167,0,
1.3031,-1.3350,1.87183,0,
1.2658,-1.2350,1.87200,0,
0.6329,-1.1350,1.87217,0,
0.0000,-1.0450,1.87233,0,
0.0000,-0.9550,1.87250,0,
0.0000,-0.8675,1.87267,0,
0.0000,-0.7850,1.87283,0,
0.0000,-0.7025,1.87300,0,
0.0000,-0.6250,1.87317,0,
0.0000,-0.5475,1.87333,0,
0.0000,-0.4725,1.87350,0,
0.0000,-0.4050,1.87367,0,
0.0000,-0.3375,1.87383,0,
0.0000,-0.2725,1.87400,0,
0.0000,-0.2100,1.87417,0,
0.0000,-0.1500,1.87433,0,
0.0000,-0.0925,1.87450,0,
-0.0372,-0.0475,1.87467,0,
-0.0372,-0.0225,1.87483,0,
-0.0372,-0.0150,1.87500,0,
0.0000,-0.0150,1.87517,0,
0.0000,-0.0175,1.87533,0,
0.0000,-0.0175,1.87550,0,
0.0000,-0.0100,1.87567,0,
0.0000,-0.0050,1.87583,0,
0.0000,-0.0025,1.87600,0,
0.0000,-0.0000,1.87617,0,
0.0000,-0.0000,1.87633,0,
0.0000,0.0025,1.87650,0,
0.0000,0.0025,1.87667,0,
0.0000,0.0025,1.87683,0,
0.0000,0.0025,1.87700,0,
0.0000,0.0025,1.87717,0,
0.0000,0.0025,1.87733,0,
0.0000,0.0025,1.87750,0,
0.0000,0.0025,1.87767,0,
0.0000,0.0025,1.87783,0,
0.0000,0.0025,1.87800,0,
0.0000,0.0025,1.87817,0,
0.0000,0.0025,1.87833,0,
0.0000,0.0025,1.87850,0,
-0.0372,-0.0100,1.87867,0,
-0.0372,-0.0550,1.87883,0,
0.0000,-0.1125,1.87900,0,
-0.0372,-0.1775,1.87917,0,
0.0000,-0.2450,1.87933,0,
0.0000,-0.3125,1.87950,0,
0.0000,-0.3850,1.87967,0,
0.0000,-0.4625,1.87983,0,
0.0000,-0.5400,1.88000,0,
0.0000,-0.6250,1.88017,0,
0.0000,-0.7075,1.88033,0,
-0.0372,-0.7950,1.88050,0,
-0.1861,-0.8850,1.88067,0,
-0.8935,-0.9775,1.88083,0,
-2.0849,-1.0725,1.88100,0,
-3.5741,-1.1700,1.88117,0,
-5.1378,-1.2700,1.88133,0,
-6.1802,-1.3725,1.88150,0,
-7.7439,-1.4750,1.88167,0,
-9.0841,-1.5800,1.88183,0,
-10.7967,-1.6900,1.88200,0,
-12.2115,-1.8000,1.88217,0,
-13.4028,-1.9125,1.88233,0,
-14.8176,-2.0250,1.88250,0,
-16.0834,-2.1400,1.88267,0,
-17.2003,-2.2600,1.88283,0,
-18.2055,-2.3775,1.88300,0,
-19.3224,-2.4975,1.88317,0,
-20.2159,-2.6175,1.88333,0,
-21.2211,-2.7425,1.88350,0,
-22.1891,-2.8675,1.88367,0,
-22.7476,-2.9925,1.88383,0,
-23.0826,-3.1200,1.88400,0,
-23.7156,-3.2500,1.88417,0,
-24.5346,-3.3800,1.88433,0,
-24.9442,-3.5100,1.88450,0,
-25.8749,-3.6425,1.88467,0,
-26.1727,-3.7750,1.88483,0,
-26.2472,-3.9100,1.88500,0,
-26.6940,-4.0450,1.88517,0,
-26.3217,-4.1825,1.88533,0,
-26.6567,-4.3200,1.88550,0,
-26.8429,-4.4575,1.88567,0,
-26.6195,-4.5975,1.88583,0,
-26.9173,-4.7400,1.88600,0,
-26.8801,-4.8800,1.88617,0,
-26.7684,-5.0225,1.88633,0,
-27.1035,-5.1650,1.88650,0,
-26.5450,-5.3100,1.88667,0,
-26.5450,-5.4525,1.88683,0,
-26.5823,-5.6000,1.88700,0,
-26.6567,-5.7450,1.88717,0,
-26.8057,-5.8925,1.88733,0,
-26.3217,-6.0375,1.88750,0,
-25.6888,-6.1850,1.88767,0,
-25.3909,-6.3350,1.88783,0,
-25.3537,-6.4850,1.88800,0,
-25.0186,-6.6325,1.88817,0,
-24.6835,-6.7850,1.88833,0,
-24.2740,-6.9350,1.88850,0,
-24.2368,-7.0875,1.88867,0,
-24.0506,-7.2400,1.88883,0,
-23.1943,-7.3925,1.88900,0,
-23.1199,-7.5450,1.88917,0,
-22.7104,-7.7000,1.88933,0,
-22.3008,-7.8525,1.88950,0,
-22.0774,-8.0075,1.88967,0,
-21.8913,-8.1600,1.88983,0,
-21.3328,-8.3150,1.89000,0,
-21.0350,-8.4725,1.89017,0,
-20.6627,-8.6275,1.89033,0,
-20.2532,-8.7850,1.89050,0,
-20.3276,-8.9425,1.89067,0,
-20.0298,-9.0975,1.89083,0,
-19.5458,-9.2550,1.89100,0,
-19.3596,-9.4125,1.89117,0,
-19.0618,-9.5700,1.89133,0,
-19.1363,-9.7325,1.89150,0,
-18.8012,-9.8900,1.89167,0,
-18.5778,-10.0500,1.89183,0,
-18.1683,-10.2100,1.89200,0,
-17.6098,-10.3675,1.89217,0,
-17.4609,-10.5275,1.89233,0,
-16.9397,-10.6850,1.89250,0,
-17.1631,-10.8450,1.89267,0,
-16.7908,-11.0100,1.89283,0,
-16.6791,-11.1700,1.89300,0,
-16.4185,-11.3300,1.89317,0,
-16.0834,-11.4925,1.89333,0,
-16.1579,-11.6525,1.89350,0,
-15.5994,-11.8150,1.89367,0,
-15.5249,-11.9775,1.89383,0,
-15.3760,-12.1375,1.89400,0,
-15.1899,-12.3025,1.89417,0,
-15.0037,-12.4650,1.89433,0,
-14.7431,-12.6250,1.89450,0,
-14.4825,-12.7875,1.89467,0,
-14.4453,-12.9500,1.89483,0,
-14.2964,-13.1125,1.89500,0,
-14.1102,-13.2775,1.89517,0,
-14.1474,-13.4400,1.89533,0,
-13.9613,-13.6050,1.89550,0,
-13.7751,-13.7675,1.89567,0,
-13.7751,-13.9300,1.89583,0,
-13.6634,-14.0950,1.89600,0,
-13.4401,-14.2600,1.89617,0,
-13.5145,-14.4225,1.89633,0,
-13.5518,-14.5850,1.89650,0,
-13.3284,-14.7500,1.89667,0,
-13.2539,-14.9150,1.89683,0,
-13.1422,-15.0800,1.89700,0,
-13.2539,-15.2450,1.89717,0,
-13.3284,-15.4075,1.89733,0,
-13.3284,-15.5700,1.89750,0,
-13.1050,-15.7350,1.89767,0,
-13.0305,-15.9000,1.89783,0,
-12.9933,-16.0650,1.89800,0,
-13.1050,-16.2300,1.89817,0,
-13.2167,-16.3950,1.89833,0,
-13.2167,-16.5600,1.89850,0,
-13.2167,-16.7250,1.89867,0,
-13.1422,-16.8875,1.89883,0,
-13.1794,-17.0550,1.89900,0,
-13.0305,-17.2200,1.89917,0,
-13.1050,-17.3850,1.89933,0,
-13.0305,-17.5500,1.89950,0,
-13.2167,-17.7150,1.89967,0,
-13.3284,-17.8800,1.89983,0,
-13.3656,-18.0450,1.90000,0,
-13.4028,-18.2100,1.90017,0,
-13.2911,-18.3775,1.90033,0,
-13.3656,-18.5425,1.90050,0,
-13.4773,-18.7075,1.90067,0,
-13.6262,-18.8725,1.90083,0,
-13.3656,-19.0400,1.90100,0,
-13.4401,-19.2050,1.90117,0,
-13.5518,-19.3700,1.90133,0,
-13.6634,-19.5375,1.90150,0,
-13.6634,-19.7025,1.90167,0,
-13.8124,-19.8700,1.90183,0,
-13.9240,-20.0350,1.90200,0,
-14.0730,-20.2000,1.90217,0,
-14.1474,-20.3675,1.90233,0,
-14.2591,-20.5325,1.90250,0,
-14.2964,-20.7000,1.90267,0,
-14.4080,-20.8650,1.90283,0,
-14.3336,-21.0325,1.90300,0,
-14.4080,-21.1975,1.90317,0,
-14.5570,-21.3650,1.90333,0,
-14.7803,-21.5300,1.90350,0,
-14.9293,-21.6950,1.90367,0,
-15.0037,-21.8625,1.90383,0,
-15.2271,-22.0275,1.90400,0,
-15.2643,-22.1950,1.90417,0,
-15.4877,-22.3600,1.90433,0,
-15.5622,-22.5275,1.90450,0,
-15.7483,-22.6925,1.90467,0,
-15.8228,-22.8600,1.90483,0,
-15.9717,-23.0250,1.90500,0,
-16.1579,-23.1925,1.90517,0,
-16.3812,-23.3575,1.90533,0,
-16.6791,-23.5250,1.90550,0,
-16.8280,-23.6900,1.90567,0,
-17.0141,-23.8575,1.90583,0,
-17.2003,-24.0250,1.90600,0,
-17.3864,-24.1925,1.90617,0,
-17.7960,-24.3575,1.90633,0,
-18.0194,-24.5225,1.90650,0,
-18.2800,-24.6900,1.90667,0,
-18.6523,-24.8575,1.90683,0,
-19.0246,-25.0225,1.90700,0,
-19.4341,-25.1900,1.90717,0,
-19.8436,-25.3550,1.90733,0,
-20.2904,-25.5225,1.90750,0,
-20.7372,-25.6875,1.90767,0,
-21.3328,-25.8550,1.90783,0,
-22.0402,-26.0200,1.90800,0,
-22.6731,-26.1850,1.90817,0,
-23.3060,-26.3475,1.90833,0,
-23.9017,-26.5100,1.90850,0,
-24.4602,-26.6700,1.90867,0,
-24.9814,-26.8275,1.90883,0,
-25.5398,-26.9825,1.90900,0,
-26.0983,-27.1350,1.90917,0,
-26.5078,-27.2850,1.90933,0,
-26.9546,-27.4325,1.90950,0,
-27.3641,-27.5775,1.90967,0,
-27.8109,-27.7200,1.90983,0,
-28.1832,-27.8600,1.91000,0,
-28.5555,-27.9975,1.91017,0,
-28.9278,-28.1300,1.91033,0,
-29.2628,-28.2625,1.91050,0,
-29.5607,-28.3900,1.91067,0,
-29.8958,-28.5150,1.91083,0,
-30.1564,-28.6375,1.91100,0,
-30.3797,-28.7575,1.91117,0,
-30.6404,-28.8725,1.91133,0,
-30.9010,-28.9875,1.91150,0,
-31.1243,-29.0975,1.91167,0,
-31.3477,-29.2050,1.91183,0,
-31.5339,-29.3100,1.91200,0,
-31.7200,-29.4100,1.91217,0,
-31.9062,-29.5075,1.91233,0,
-32.0923,-29.6025,1.91250,0,
-32.2412,-29.6950,1.91267,0,
-32.3529,-29.7850,1.91283,0,
-32.5019,-29.8725,1.91300,0,
-32.6508,-29.9550,1.91317,0,
-32.7997,-30.0375,1.91333,0,
-32.9114,-30.1150,1.91350,0,
-32.9859,-30.1900,1.91367,0,
-33.0975,-30.2625,1.91383,0,
-33.2092,-30.3325,1.91400,0,
-33.2837,-30.4000,1.91417,0,
-33.3582,-30.4650,1.91433,0,
-33.4326,-30.5250,1.91450,0,
-33.5071,-30.5850,1.91467,0,
-33.5443,-30.6425,1.91483,0,
-33.5443,-30.6850,1.91500,0,
-33.4326,-30.7050,1.91517,0,
-33.2465,-30.7125,1.91533,0,
-33.0231,-30.7125,1.91550,0,
-32.8369,-30.7100,1.91567,0,
-32.6880,-30.7125,1.91583,0,
-32.5763,-30.7175,1.91600,0,
-32.4646,-30.7225,1.91617,0,
-32.3529,-30.7250,1.91633,0,
-32.2412,-30.7275,1.91650,0,
-32.1668,-30.7300,1.91667,0,
-32.0923,-30.7350,1.91683,0,
-31.9806,-30.7375,1.91700,0,
-31.9062,-30.7375,1.91717,0,
-31.7945,-30.7350,1.91733,0,
-31.6828,-30.7350,1.91750,0,
-31.6083,-30.7350,1.91767,0,
-31.5339,-30.7350,1.91783,0,
-31.4594,-30.7350,1.91800,0,
-31.3850,-30.7350,1.91817,0,
-31.3105,-30.7350,1.91833,0,
-31.2360,-30.7350,1.91850,0,
-31.1988,-30.7350,1.91867,0,
-31.1243,-30.7350,1.91883,0,
-31.0499,-30.7350,1.91900,0,
-31.0127,-30.7350,1.91917,0,
-30.9382,-30.7350,1.91933,0,
-30.9010,-30.7350,1.91950,0,
-30.8265,-30.7350,1.91967,0,
-30.7893,-30.7350,1.91983,0,
-30.7148,-30.7350,1.92000,0,
-30.6776,-30.7350,1.92017,0,
-30.6404,-30.7350,1.92033,0,
-30.4542,-30.7150,1.92050,0,
-30.1564,-30.6675,1.92067,0,
-29.6724,-30.6050,1.92083,0,
-29.1139,-30.5400,1.92100,0,
-28.6299,-30.4750,1.92117,0,
-28.1459,-30.4050,1.92133,0,
-27.6619,-30.3325,1.92150,0,
-27.1780,-30.2550,1.92167,0,
-26.7312,-30.1750,1.92183,0,
-26.3217,-30.0950,1.92200,0,
-25.9866,-30.0100,1.92217,0,
-25.6143,-29.9200,1.92233,0,
-25.2420,-29.8300,1.92250,0,
-24.9069,-29.7375,1.92267,0,
-24.5719,-29.6425,1.92283,0,
-24.1996,-29.5450,1.92300,0,
-23.8273,-29.4450,1.92317,0,
-23.4550,-29.3425,1.92333,0,
-22.9710,-29.2375,1.92350,0,
-22.5987,-29.1325,1.92367,0,
-22.1519,-29.0250,1.92383,0,
-21.7796,-28.9125,1.92400,0,
-21.3701,-28.8025,1.92417,0,
-20.9978,-28.6875,1.92433,0,
-20.5510,-28.5725,1.92450,0,
-20.1042,-28.4550,1.92467,0,
-19.6947,-28.3350,1.92483,0,
-19.2852,-28.2150,1.92500,0,
-18.8384,-28.0925,1.92517,0,
-18.3917,-27.9675,1.92533,0,
-18.0194,-27.8425,1.92550,0,
-17.5354,-27.7175,1.92567,0,
-17.1258,-27.5900,1.92583,0,
-16.7535,-27.4600,1.92600,0,
-16.4185,-27.3300,1.92617,0,
-15.9717,-27.1975,1.92633,0,
-15.6366,-27.0650,1.92650,0,
-15.2271,-26.9300,1.92667,0,
-14.7803,-26.7950,1.92683,0,
-14.3336,-26.6600,1.92700,0,
-13.9985,-26.5225,1.92717,0,
-13.7379,-26.3850,1.92733,0,
-13.4028,-26.2475,1.92750,0,
-13.1050,-26.1075,1.92767,0,
-12.9561,-25.9650,1.92783,0,
-12.7327,-25.8250,1.92800,0,
-12.5093,-25.6825,1.92817,0,
-12.2487,-25.5375,1.92833,0,
-12.0625,-25.3950,1.92850,0,
-11.9136,-25.2500,1.92867,0,
-11.6530,-25.1050,1.92883,0,
-11.5413,-24.9575,1.92900,0,
-11.3179,-24.8100,1.92917,0,
-11.0946,-24.6625,1.92933,0,
-10.9456,-24.5150,1.92950,0,
-10.8340,-24.3650,1.92967,0,
-10.7967,-24.2150,1.92983,0,
-10.6850,-24.0650,1.93000,0,
-10.5733,-23.9125,1.93017,0,
-10.3500,-23.7625,1.93033,0,
-10.2755,-23.6100,1.93050,0,
-10.0521,-23.4575,1.93067,0,
-10.0894,-23.3050,1.93083,0,
-9.9404,-23.1525,1.93100,0,
-9.7915,-23.0000,1.93117,0,
-9.7171,-22.8450,1.93133,0,
-9.5309,-22.6900,1.93150,0,
-9.4192,-22.5350,1.93167,0,
-9.2703,-22.3800,1.93183,0,
-9.1214,-22.2225,1.93200,0,
-8.9725,-22.0650,1.93217,0,
-8.8608,-21.9100,1.93233,0,
-8.7491,-21.7525,1.93250,0,
-8.6001,-21.5950,1.93267,0,
-8.5629,-21.4375,1.93283,0,
-8.3395,-21.2775,1.93300,0,
-8.3023,-21.1200,1.93317,0,
-8.2278,-20.9625,1.93333,0,
-8.0789,-20.8025,1.93350,0,
-7.9672,-20.6450,1.93367,0,
-7.9672,-20.4850,1.93383,0,
-7.8183,-20.3250,1.93400,0,
-7.6694,-20.1675,1.93417,0,
-7.6322,-20.0075,1.93433,0,
-7.5949,-19.8475,1.93450,0,
-7.4460,-19.6875,1.93467,0,
-7.4088,-19.5250,1.93483,0,
-7.2599,-19.3650,1.93500,0,
-7.1854,-19.2050,1.93517,0,
-7.1109,-19.0425,1.93533,0,
-7.0365,-18.8825,1.93550,0,
-6.8503,-18.7200,1.93567,0,
-6.8503,-18.5575,1.93583,0,
-6.7014,-18.3950,1.93600,0,
-6.5525,-18.2350,1.93617,0,
-6.5153,-18.0725,1.93633,0,
-6.3663,-17.9100,1.93650,0,
-6.4036,-17.7475,1.93667,0,
-6.3663,-17.5850,1.93683,0,
-6.3291,-17.4200,1.93700,0,
-6.3291,-17.2575,1.93717,0,
-6.2547,-17.0950,1.93733,0,
-6.2174,-16.9300,1.93750,0,
-6.2174,-16.7675,1.93767,0,
-5.9940,-16.6050,1.93783,0,
-5.9940,-16.4400,1.93800,0,
-5.9196,-16.2775,1.93817,0,
-5.9196,-16.1125,1.93833,0,
-5.8824,-15.9475,1.93850,0,
-5.8824,-15.7850,1.93867,0,
-5.8451,-15.6200,1.93883,0,
-5.8079,-15.4575,1.93900,0,
-5.8079,-15.2950,1.93917,0,
-5.7707,-15.1300,1.93933,0,
-5.7334,-14.9650,1.93950,0,
-5.6962,-14.8000,1.93967,0,
-5.7334,-14.6375,1.93983,0,
-5.8451,-14.4725,1.94000,0,
-5.8824,-14.3075,1.94017,0,
-5.8824,-14.1425,1.94033,0,
-5.8824,-13.9775,1.94050,0,
-5.9196,-13.8125,1.94067,0,
-5.9568,-13.6450,1.94083,0,
-5.8079,-13.4800,1.94100,0,
-6.0685,-13.3150,1.94117,0,
-6.1430,-13.1500,1.94133,0,
-6.1430,-12.9850,1.94150,0,
-6.2547,-12.8200,1.94167,0,
-6.3663,-12.6550,1.94183,0,
-6.3663,-12.4875,1.94200,0,
-6.5153,-12.3225,1.94217,0,
-6.7386,-12.1575,1.94233,0,
-6.8131,-11.9900,1.94250,0,
-6.8876,-11.8250,1.94267,0,
-6.9248,-11.6575,1.94283,0,
-7.1854,-11.4925,1.94300,0,
-7.1854,-11.3275,1.94317,0,
-7.3343,-11.1600,1.94333,0,
-7.7066,-10.9950,1.94350,0,
-7.7439,-10.8300,1.94367,0,
-7.8928,-10.6625,1.94383,0,
-8.0789,-10.4975,1.94400,0,
-8.2278,-10.3300,1.94417,0,
-8.5257,-10.1650,1.94433,0,
-8.7863,-10.0000,1.94450,0,
-8.8235,-9.8350,1.94467,0,
-9.1958,-9.6675,1.94483,0,
-9.2703,-9.5025,1.94500,0,
-9.4564,-9.3375,1.94517,0,
-9.4564,-9.1700,1.94533,0,
-9.6054,-9.0050,1.94550,0,
-9.7915,-8.8400,1.94567,0,
-10.1266,-8.6725,1.94583,0,
-10.1638,-8.5075,1.94600,0,
-10.3127,-8.3400,1.94617,0,
-10.4989,-8.1750,1.94633,0,
-10.5733,-8.0075,1.94650,0,
-10.6106,-7.8425,1.94667,0,
-10.8340,-7.6750,1.94683,0,
-11.0573,-7.5100,1.94700,0,
-11.4296,-7.3425,1.94717,0,
-11.6530,-7.1775,1.94733,0,
-11.9136,-7.0100,1.94750,0,
-11.8392,-6.8450,1.94767,0,
-11.9509,-6.6775,1.94783,0,
-12.1742,-6.5125,1.94800,0,
-12.1370,-6.3450,1.94817,0,
-11.9509,-6.1800,1.94833,0,
-12.1370,-6.0125,1.94850,0,
-11.9509,-5.8475,1.94867,0,
-12.0625,-5.6800,1.94883,0,
-11.9136,-5.5150,1.94900,0,
-11.9136,-5.3475,1.94917,0,
-11.7275,-5.1800,1.94933,0,
-11.5786,-5.0150,1.94950,0,
-11.4296,-4.8500,1.94967,0,
-11.0573,-4.6825,1.94983,0,
-10.9829,-4.5175,1.95000,0,
-10.6850,-4.3550,1.95017,0,
-10.3872,-4.1925,1.95033,0,
-10.1638,-4.0350,1.95050,0,
-9.7543,-3.8775,1.95067,0,
-9.4564,-3.7225,1.95083,0,
-8.8608,-3.5700,1.95100,0,
-8.4885,-3.4175,1.95117,0,
-7.9672,-3.2700,1.95133,0,
-7.4832,-3.1250,1.95150,0,
-6.9620,-2.9825,1.95167,0,
-6.2919,-2.8425,1.95183,0,
-5.6217,-2.7050,1.95200,0,
-5.0261,-2.5700,1.95217,0,
-4.3559,-2.4400,1.95233,0,
-3.5741,-2.3100,1.95250,0,
-2.8295,-2.1850,1.95267,0,
-2.1593,-2.0625,1.95283,0,
-1.4520,-1.9450,1.95300,0,
-0.7818,-1.8275,1.95317,0,
-0.2234,-1.7150,1.95333,0,
0.4468,-1.6050,1.95350,0,
1.0424,-1.4975,1.95367,0,
1.3403,-1.3950,1.95383,0,
1.2286,-1.2925,1.95400,0,
0.4095,-1.1950,1.95417,0,
0.0000,-1.1000,1.95433,0,
0.0000,-1.0075,1.95450,0,
0.0000,-0.9200,1.95467,0,
0.0000,-0.8350,1.95483,0,
0.0000,-0.7500,1.95500,0,
0.0000,-0.6725,1.95517,0,
0.0000,-0.5950,1.95533,0,
0.0000,-0.5200,1.95550,0,
0.0000,-0.4475,1.95567,0,
0.0000,-0.3800,1.95583,0,
0.0000,-0.3125,1.95600,0,
0.0000,-0.2475,1.95617,0,
0.0000,-0.1875,1.95633,0,
0.0000,-0.1300,1.95650,0,
-0.0372,-0.0925,1.95667,0,
-0.0372,-0.0750,1.95683,0,
-0.0372,-0.0750,1.95700,0,
0.0000,-0.0800,1.95717,0,
0.0000,-0.0800,1.95733,0,
0.0000,-0.0700,1.95750,0,
0.0000,-0.0575,1.95767,0,
0.0000,-0.0525,1.95783,0,
0.0000,-0.0525,1.95800,0,
0.0000,-0.0500,1.95817,0,
0.0000,-0.0475,1.95833,0,
0.0000,-0.0400,1.95850,0,
0.0000,-0.0300,1.95867,0,
0.0000,-0.0250,1.95883,0,
0.0000,-0.0225,1.95900,0,
0.0000,-0.0200,1.95917,0,
0.0000,-0.0175,1.95933,0,
0.0000,-0.0075,1.95950,0,
0.0000,0.0000,1.95967,0,
0.0000,0.0050,1.95983,0,
0.0000,0.0050,1.96000,0,
0.0000,0.0050,1.96017,0,
0.0000,0.0050,1.96033,0,
0.0000,0.0050,1.96050,0,
0.0000,0.0050,1.96067,0,
0.0000,0.0050,1.96083,0,
0.0000,0.0050,1.96100,0,
0.0000,0.0050,1.96117,0,
0.0000,0.0050,1.96133,0,
0.0000,0.0050,1.96150,0,
0.0000,0.0050,1.96167,0,
0.0000,0.0050,1.96183,0,
-0.0372,-0.0125,1.96200,0,
-0.0372,-0.0575,1.96217,0,
-0.0372,-0.1175,1.96233,0,
0.0000,-0.1825,1.96250,0,
0.0000,-0.2500,1.96267,0,
0.0000,-0.3200,1.96283,0,
-0.0372,-0.3950,1.96300,0,
0.0000,-0.4675,1.96317,0,
0.0000,-0.5475,1.96333,0,
0.0000,-0.6300,1.96350,0,
-0.0372,-0.7150,1.96367,0,
-0.0372,-0.8025,1.96383,0,
-0.1117,-0.8925,1.96400,0,
-0.5957,-0.9875,1.96417,0,
-1.6381,-1.0825,1.96433,0,
-3.0156,-1.1800,1.96450,0,
-4.5421,-1.2800,1.96467,0,
-5.7707,-1.3825,1.96483,0,
-7.0737,-1.4875,1.96500,0,
-8.4512,-1.5950,1.96517,0,
-10.0521,-1.7025,1.96533,0,
-11.5413,-1.8125,1.96550,0,
-12.8816,-1.9250,1.96567,0,
-14.2219,-2.0400,1.96583,0,
-15.5622,-2.1550,1.96600,0,
-16.7163,-2.2725,1.96617,0,
-17.6843,-2.3900,1.96633,0,
-18.5778,-2.5125,1.96650,0,
-19.5086,-2.6325,1.96667,0,
-20.2904,-2.7575,1.96683,0,
-20.9605,-2.8825,1.96700,0,
-21.6307,-3.0075,1.96717,0,
-22.2264,-3.1350,1.96733,0,
-23.1943,-3.2650,1.96750,0,
-23.8273,-3.3950,1.96767,0,
-24.6463,-3.5250,1.96783,0,
-25.0558,-3.6575,1.96800,0,
-25.9866,-3.7925,1.96817,0,
-26.2472,-3.9275,1.96833,0,
-26.3217,-4.0625,1.96850,0,
-26.6195,-4.2000,1.96867,0,
-26.4334,-4.3375,1.96883,0,
-26.7684,-4.4750,1.96900,0,
-26.4706,-4.6150,1.96917,0,
-26.1727,-4.7550,1.96933,0,
-26.3961,-4.8975,1.96950,0,
-26.2844,-5.0400,1.96967,0,
-25.9866,-5.1825,1.96983,0,
-25.8749,-5.3275,1.97000,0,
-25.9121,-5.4725,1.97017,0,
-25.8749,-5.6175,1.97033,0,
-25.4281,-5.7650,1.97050,0,
-25.2048,-5.9100,1.97067,0,
-25.3165,-6.0575,1.97083,0,
-25.3909,-6.2075,1.97100,0,
-25.2420,-6.3550,1.97117,0,
-24.8325,-6.5050,1.97133,0,
-24.5719,-6.6550,1.97150,0,
-24.6463,-6.8050,1.97167,0,
-24.3485,-6.9550,1.97183,0,
-23.8273,-7.1075,1.97200,0,
-23.5666,-7.2600,1.97217,0,
-23.6783,-7.4125,1.97233,0,
-23.3805,-7.5650,1.97250,0,
-22.9710,-7.7175,1.97267,0,
-22.5242,-7.8725,1.97283,0,
-22.4125,-8.0250,1.97300,0,
-22.2264,-8.1800,1.97317,0,
-21.8913,-8.3350,1.97333,0,
-21.2584,-8.4925,1.97350,0,
-20.6255,-8.6475,1.97367,0,
-19.8064,-8.8050,1.97383,0,
-19.6203,-8.9600,1.97400,0,
-19.0990,-9.1250,1.97417,0,
-18.9873,-9.2750,1.97433,0,
-18.5406,-9.4325,1.97450,0,
-18.5406,-9.5925,1.97467,0,
-18.1311,-9.7500,1.97483,0,
-18.0938,-9.9100,1.97500,0,
-18.1683,-10.0675,1.97517,0,
-17.7960,-10.2275,1.97533,0,
-17.6098,-10.3925,1.97550,0,
-17.2748,-10.5475,1.97567,0,
-16.9769,-10.7075,1.97583,0,
-16.6418,-10.8675,1.97600,0,
-16.5302,-11.0275,1.97617,0,
-16.1951,-11.1900,1.97633,0,
-15.9717,-11.3500,1.97650,0,
-15.9345,-11.5125,1.97667,0,
-15.7856,-11.6750,1.97683,0,
-15.5622,-11.8350,1.97700,0,
-15.1526,-11.9950,1.97717,0,
-15.0410,-12.1575,1.97733,0,
-14.7803,-12.3200,1.97750,0,
-14.4453,-12.4825,1.97767,0,
-14.3708,-12.6450,1.97783,0,
-14.2964,-12.8075,1.97800,0,
-14.1102,-12.9725,1.97817,0,
-14.1847,-13.1325,1.97833,0,
-13.9613,-13.2950,1.97850,0,
-13.8868,-13.4600,1.97867,0,
-13.8496,-13.6225,1.97883,0,
-13.7007,-13.7850,1.97900,0,
-13.5890,-13.9500,1.97917,0,
-13.5518,-14.1125,1.97933,0,
-13.3656,-14.2800,1.97950,0,
-13.1050,-14.4400,1.97967,0,
-12.9188,-14.6050,1.97983,0,
-12.9933,-14.7675,1.98000,0,
-12.9188,-14.9325,1.98017,0,
-12.9561,-15.0975,1.98033,0,
-13.1422,-15.2625,1.98050,0,
-13.1050,-15.4225,1.98067,0,
-13.0305,-15.5900,1.98083,0,
-13.0678,-15.7525,1.98100,0,
-12.9188,-15.9175,1.98117,0,
-12.8444,-16.0825,1.98133,0,
-12.8071,-16.2475,1.98150,0,
-12.8071,-16.4125,1.98167,0,
-12.7327,-16.5775,1.98183,0,
-12.6955,-16.7425,1.98200,0,
-12.6582,-16.9075,1.98217,0,
-12.6955,-17.0725,1.98233,0,
-13.0305,-17.2375,1.98250,0,
-12.9933,-17.4025,1.98267,0,
-13.0678,-17.5675,1.98283,0,
-13.0305,-17.7325,1.98300,0,
-12.9561,-17.8975,1.98317,0,
-13.0305,-18.0625,1.98333,0,
-13.0678,-18.2275,1.98350,0,
-13.0678,-18.3950,1.98367,0,
-13.1050,-18.5600,1.98383,0,
-13.3284,-18.7250,1.98400,0,
-13.4028,-18.8900,1.98417,0,
-13.4028,-19.0575,1.98433,0,
-13.4028,-19.2225,1.98450,0,
-13.5518,-19.3900,1.98467,0,
-13.7007,-19.5550,1.98483,0,
-13.8124,-19.7200,1.98500,0,
-13.8124,-19.8875,1.98517,0,
-13.8496,-20.0525,1.98533,0,
-13.9613,-20.2200,1.98550,0,
-14.1102,-20.3850,1.98567,0,
-14.1102,-20.5500,1.98583,0,
-14.1847,-20.7150,1.98600,0,
-14.3336,-20.8825,1.98617,0,
-14.4825,-21.0475,1.98633,0,
-14.6314,-21.2150,1.98650,0,
-14.7431,-21.3800,1.98667,0,
-14.8176,-21.5475,1.98683,0,
-14.9665,-21.7125,1.98700,0,
-15.1526,-21.8800,1.98717,0,
-15.1526,-22.0450,1.98733,0,
-15.2643,-22.2125,1.98750,0,
-15.3760,-22.3775,1.98767,0,
-15.3760,-22.5425,1.98783,0,
-15.5249,-22.7100,1.98800,0,
-15.6366,-22.8750,1.98817,0,
-15.7111,-23.0425,1.98833,0,
-15.8600,-23.2075,1.98850,0,
-15.9345,-23.3725,1.98867,0,
-16.1951,-23.5400,1.98883,0,
-16.5674,-23.7075,1.98900,0,
-16.8280,-23.8725,1.98917,0,
-17.0141,-24.0400,1.98933,0,
-17.2748,-24.2050,1.98950,0,
-17.5726,-24.3725,1.98967,0,
-17.9077,-24.5400,1.98983,0,
-18.1683,-24.7050,1.99000,0,
-18.4661,-24.8725,1.99017,0,
-18.7640,-25.0375,1.99033,0,
-19.1735,-25.2050,1.99050,0,
-19.6575,-25.3700,1.99067,0,
-20.0298,-25.5350,1.99083,0,
-20.4765,-25.7025,1.99100,0,
-20.9978,-25.8700,1.99117,0,
-21.7051,-26.0350,1.99133,0,
-22.3753,-26.2000,1.99150,0,
-22.9710,-26.3625,1.99167,0,
-23.5666,-26.5250,1.99183,0,
-24.1251,-26.6825,1.99200,0,
-24.7208,-26.8400,1.99217,0,
-25.2048,-26.9950,1.99233,0,
-25.6888,-27.1475,1.99250,0,
-26.1727,-27.2975,1.99267,0,
-26.6195,-27.4475,1.99283,0,
-27.0663,-27.5900,1.99300,0,
-27.4758,-27.7325,1.99317,0,
-27.8481,-27.8725,1.99333,0,
-28.2576,-28.0075,1.99350,0,
-28.5555,-28.1425,1.99367,0,
-28.9278,-28.2725,1.99383,0,
-29.2628,-28.4025,1.99400,0,
-29.5235,-28.5275,1.99417,0,
-29.7841,-28.6500,1.99433,0,
-30.0819,-28.7675,1.99450,0,
-30.3425,-28.8850,1.99467,0,
-30.5659,-28.9975,1.99483,0,
-30.8265,-29.1075,1.99500,0,
-31.0127,-29.2150,1.99517,0,
-31.2360,-29.3200,1.99533,0,
-31.4222,-29.4200,1.99550,0,
-31.5711,-29.5175,1.99567,0,
-31.7200,-29.6125,1.99583,0,
-31.9434,-29.7050,1.99600,0,
-32.0551,-29.7950,1.99617,0,
-32.2040,-29.8800,1.99633,0,
-32.3157,-29.9650,1.99650,0,
-32.4646,-30.0450,1.99667,0,
-32.5763,-30.1225,1.99683,0,
-32.6880,-30.1975,1.99700,0,
-32.7997,-30.2700,1.99717,0,
-32.9114,-30.3400,1.99733,0,
-32.9859,-30.4075,1.99750,0,
-33.0603,-30.4700,1.99767,0,
-33.1348,-30.5325,1.99783,0,
-33.2092,-30.5925,1.99800,0,
-33.2465,-30.6475,1.99817,0,
-33.1720,-30.6875,1.99833,0,
-33.0975,-30.7050,1.99850,0,
-32.9486,-30.7125,1.99867,0,
-32.7252,-30.7125,1.99883,0,
-32.5391,-30.7100,1.99900,0,
-32.3902,-30.7125,1.99917,0,
-32.3157,-30.7175,1.99933,0,
-32.2040,-30.7225,1.99950,0,
-32.0923,-30.7250,1.99967,0,
-31.9806,-30.7275,1.99983,0,
-31.9062,-30.7300,2.00000,0,
-31.7945,-30.7325,2.00017,0,
-31.7200,-30.7300,2.00033,0,
-31.6083,-30.7300,2.00050,0,
-31.5339,-30.7300,2.00067,0,
-31.4222,-30.7300,2.00083,0,
-31.3477,-30.7300,2.00100,0,
-31.2733,-30.7300,2.00117,0,
-31.1988,-30.7300,2.00133,0,
-31.1243,-30.7300,2.00150,0,
-31.0871,-30.7300,2.00167,0,
-31.0127,-30.7300,2.00183,0,
-30.9382,-30.7300,2.00200,0,
-30.9010,-30.7300,2.00217,0,
-30.8265,-30.7300,2.00233,0,
-30.6776,-30.7200,2.00250,0,
-30.4170,-30.6750,2.00267,0,
-29.9330,-30.6175,2.00283,0,
-29.4490,-30.5550,2.00300,0,
-28.8905,-30.4875,2.00317,0,
-28.4066,-30.4200,2.00333,0,
-27.9226,-30.3475,2.00350,0,
-27.4386,-30.2725,2.00367,0,
-27.0290,-30.1950,2.00383,0,
-26.6940,-30.1125,2.00400,0,
-26.3217,-30.0300,2.00417,0,
-25.9494,-29.9425,2.00433,0,
-25.5771,-29.8525,2.00450,0,
-25.1675,-29.7625,2.00467,0,
-24.7580,-29.6675,2.00483,0,
-24.3857,-29.5700,2.00500,0,
-23.9762,-29.4700,2.00517,0,
-23.6039,-29.3700,2.00533,0,
-23.2688,-29.2650,2.00550,0,
-22.8593,-29.1600,2.00567,0,
-22.4870,-29.0525,2.00583,0,
-22.0774,-28.9425,2.00600,0,
-21.6307,-28.8300,2.00617,0,
-21.1467,-28.7175,2.00633,0,
-20.7372,-28.6025,2.00650,0,
-20.3276,-28.4850,2.00667,0,
-19.9181,-28.3675,2.00683,0,
-19.5086,-28.2475,2.00700,0,
-19.1363,-28.1250,2.00717,0,
-18.6895,-28.0025,2.00733,0,
-18.2055,-27.8775,2.00750,0,
-17.8332,-27.7500,2.00767,0,
-17.3864,-27.6225,2.00783,0,
-16.9397,-27.4950,2.00800,0,
-16.5674,-27.3650,2.00817,0,
-16.1206,-27.2350,2.00833,0,
-15.6739,-27.1025,2.00850,0,
-15.2643,-26.9675,2.00867,0,
-14.7431,-26.8325,2.00883,0,
-14.3336,-26.6975,2.00900,0,
-13.9240,-26.5600,2.00917,0,
-13.5518,-26.4225,2.00933,0,
-13.2539,-26.2850,2.00950,0,
-12.9561,-26.1450,2.00967,0,
-12.7327,-26.0050,2.00983,0,
-12.5465,-25.8625,2.01000,0,
-12.2859,-25.7200,2.01017,0,
-12.0625,-25.5775,2.01033,0,
-11.8764,-25.4325,2.01050,0,
-11.6902,-25.2875,2.01067,0,
-11.5041,-25.1450,2.01083,0,
-11.3552,-24.9975,2.01100,0,
-11.1318,-24.8525,2.01117,0,
-11.0201,-24.7050,2.01133,0,
-10.9084,-24.5550,2.01150,0,
-10.7595,-24.4075,2.01167,0,
-10.6106,-24.2575,2.01183,0,
-10.4989,-24.1075,2.01200,0,
-10.3872,-23.9575,2.01217,0,
-10.3127,-23.8050,2.01233,0,
-10.2383,-23.6550,2.01250,0,
-10.0149,-23.5025,2.01267,0,
-9.9404,-23.3500,2.01283,0,
-9.9404,-23.1975,2.01300,0,
-9.7915,-23.0425,2.01317,0,
-9.6426,-22.8875,2.01333,0,
-9.4564,-22.7325,2.01350,0,
-9.3447,-22.5800,2.01367,0,
-9.1586,-22.4225,2.01383,0,
-9.1586,-22.2675,2.01400,0,
-9.0841,-22.1100,2.01417,0,
-9.0097,-21.9550,2.01433,0,
-8.7118,-21.7950,2.01450,0,
-8.6746,-21.6375,2.01467,0,
-8.5629,-21.4825,2.01483,0,
-8.6001,-21.3250,2.01500,0,
-8.4140,-21.1650,2.01517,0,
-8.3023,-21.0075,2.01533,0,
-8.1906,-20.8475,2.01550,0,
-8.0789,-20.6875,2.01567,0,
-7.9672,-20.5300,2.01583,0,
-7.8183,-20.3700,2.01600,0,
-7.7066,-20.2100,2.01617,0,
-7.6322,-20.0525,2.01633,0,
-7.4460,-19.8925,2.01650,0,
-7.4088,-19.7325,2.01667,0,
-7.2971,-19.5700,2.01683,0,
-7.2226,-19.4100,2.01700,0,
-7.0365,-19.2475,2.01717,0,
-6.9620,-19.0875,2.01733,0,
-6.9620,-18.9275,2.01750,0,
-6.8131,-18.7650,2.01767,0,
-6.7759,-18.6050,2.01783,0,
-6.6642,-18.4425,2.01800,0,
-6.5897,-18.2775,2.01817,0,
-6.5525,-18.1175,2.01833,0,
-6.3663,-17.9550,2.01850,0,
-6.3291,-17.7925,2.01867,0,
-6.2174,-17.6300,2.01883,0,
-6.1802,-17.4675,2.01900,0,
-6.2174,-17.3025,2.01917,0,
-6.1430,-17.1400,2.01933,0,
-5.9940,-16.9775,2.01950,0,
-6.0685,-16.8150,2.01967,0,
-6.0685,-16.6525,2.01983,0,
-6.0313,-16.4875,2.02000,0,
-5.8824,-16.3225,2.02017,0,
-5.9196,-16.1600,2.02033,0,
-5.9196,-15.9950,2.02050,0,
-5.8451,-15.8325,2.02067,0,
-5.7707,-15.6675,2.02083,0,
-5.8079,-15.5025,2.02100,0,
-5.8079,-15.3425,2.02117,0,
-5.7707,-15.1775,2.02133,0,
-5.8451,-15.0125,2.02150,0,
-5.7707,-14.8475,2.02167,0,
-5.7334,-14.6825,2.02183,0,
-5.7707,-14.5175,2.02200,0,
-5.8079,-14.3550,2.02217,0,
-5.7334,-14.1900,2.02233,0,
-5.8079,-14.0250,2.02250,0,
-5.8079,-13.8550,2.02267,0,
-5.8451,-13.6925,2.02283,0,
-5.9196,-13.5275,2.02300,0,
-5.9940,-13.3625,2.02317,0,
-5.9568,-13.1950,2.02333,0,
-5.9940,-13.0300,2.02350,0,
-6.1057,-12.8650,2.02367,0,
-6.2547,-12.7000,2.02383,0,
-6.4036,-12.5325,2.02400,0,
-6.3291,-12.3675,2.02417,0,
-6.5525,-12.2025,2.02433,0,
-6.5897,-12.0350,2.02450,0,
-6.7014,-11.8700,2.02467,0,
-6.8876,-11.7050,2.02483,0,
-6.9993,-11.5375,2.02500,0,
-7.1854,-11.3725,2.02517,0,
-7.4460,-11.2050,2.02533,0,
-7.4460,-11.0400,2.02550,0,
-7.6322,-10.8725,2.02567,0,
-7.7066,-10.7075,2.02583,0,
-7.8183,-10.5425,2.02600,0,
-8.0417,-10.3775,2.02617,0,
-8.2651,-10.2125,2.02633,0,
-8.4885,-10.0450,2.02650,0,
-8.5257,-9.8775,2.02667,0,
-8.9352,-9.7125,2.02683,0,
-9.0469,-9.5475,2.02700,0,
-8.9352,-9.3825,2.02717,0,
-9.3447,-9.2150,2.02733,0,
-9.6054,-9.0500,2.02750,0,
-9.7543,-8.8850,2.02767,0,
-9.8287,-8.7175,2.02783,0,
-10.1638,-8.5500,2.02800,0,
-10.3500,-8.3875,2.02817,0,
-10.4617,-8.2200,2.02833,0,
-10.5361,-8.0525,2.02850,0,
-10.8340,-7.8875,2.02867,0,
-11.0201,-7.7200,2.02883,0,
-11.1318,-7.5550,2.02900,0,
-11.0946,-7.3900,2.02917,0,
-11.2807,-7.2225,2.02933,0,
-11.3924,-7.0575,2.02950,0,
-11.6530,-6.8900,2.02967,0,
-11.7275,-6.7250,2.02983,0,
-11.7647,-6.5575,2.03000,0,
-11.5413,-6.3925,2.03017,0,
-11.9136,-6.2250,2.03033,0,
-11.6902,-6.0600,2.03050,0,
-11.7647,-5.8925,2.03067,0,
-11.5041,-5.7250,2.03083,0,
-11.7275,-5.5600,2.03100,0,
-11.8392,-5.3925,2.03117,0,
-11.6530,-5.2275,2.03133,0,
-11.4296,-5.0600,2.03150,0,
-11.2435,-4.8925,2.03167,0,
-10.9829,-4.7275,2.03183,0,
-10.6850,-4.5625,2.03200,0,
-10.5361,-4.3975,2.03217,0,
-10.2010,-4.2350,2.03233,0,
-9.8287,-4.0775,2.03250,0,
-9.3447,-3.9175,2.03267,0,
-9.0097,-3.7625,2.03283,0,
-8.5257,-3.6100,2.03300,0,
-8.1162,-3.4575,2.03317,0,
-7.5577,-3.3100,2.03333,0,
-7.1109,-3.1625,2.03350,0,
-6.5897,-3.0200,2.03367,0,
-6.0313,-2.8800,2.03383,0,
-5.3239,-2.7425,2.03400,0,
-4.7654,-2.6075,2.03417,0,
-4.0581,-2.4750,2.03433,0,
-3.3135,-2.3450,2.03450,0,
-2.6061,-2.2175,2.03467,0,
-1.8615,-2.0975,2.03483,0,
-1.1914,-1.9775,2.03500,0,
-0.6329,-1.8600,2.03517,0,
0.0000,-1.7450,2.03533,0,
0.6329,-1.6350,2.03550,0,
1.1541,-1.5275,2.03567,0,
1.3403,-1.4225,2.03583,0,
1.0797,-1.3200,2.03600,0,
0.1117,-1.2225,2.03617,0,
0.0000,-1.1275,2.03633,0,
0.0000,-1.0350,2.03650,0,
0.0000,-0.9450,2.03667,0,
0.0000,-0.8575,2.03683,0,
0.0000,-0.7750,2.03700,0,
0.0000,-0.6950,2.03717,0,
0.0000,-0.6150,2.03733,0,
0.0000,-0.5425,2.03750,0,
0.0000,-0.4700,2.03767,0,
0.0000,-0.4000,2.03783,0,
0.0000,-0.3325,2.03800,0,
0.0000,-0.2675,2.03817,0,
0.0000,-0.2075,2.03833,0,
0.0000,-0.1475,2.03850,0,
-0.0372,-0.1025,2.03867,0,
-0.0372,-0.0825,2.03883,0,
0.0000,-0.0775,2.03900,0,
0.0000,-0.0800,2.03917,0,
0.0000,-0.0825,2.03933,0,
0.0000,-0.0750,2.03950,0,
0.0000,-0.0650,2.03967,0,
0.0000,-0.0550,2.03983,0,
0.0000,-0.0525,2.04000,0,
0.0000,-0.0525,2.04017,0,
0.0000,-0.0500,2.04033,0,
0.0000,-0.0450,2.04050,0,
0.0000,-0.0350,2.04067,0,
0.0000,-0.0275,2.04083,0,
0.0000,-0.0250,2.04100,0,
0.0000,-0.0225,2.04117,0,
0.0000,-0.0200,2.04133,0,
0.0000,-0.0150,2.04150,0,
0.0000,-0.0050,2.04167,0,
0.0000,-0.0000,2.04183,0,
0.0000,0.0025,2.04200,0,
0.0000,0.0025,2.04217,0,
0.0000,-0.0000,2.04233,0,
0.0000,-0.0025,2.04250,0,
0.0000,-0.0025,2.04267,0,
0.0000,-0.0000,2.04283,0,
0.0000,0.0025,2.04300,0,
0.0000,0.0025,2.04317,0,
0.0000,0.0000,2.04333,0,
0.0000,0.0000,2.04350,0,
0.0000,0.0000,2.04367,0,
0.0000,0.0000,2.04383,0,
0.0000,0.0000,2.04400,0,
0.0000,0.0000,2.04417,0,
0.0000,0.0000,2.04433,0,
0.0000,-0.0025,2.04450,0,
-0.0372,-0.0325,2.04467,0,
-0.0372,-0.0850,2.04483,0,
0.0000,-0.1475,2.04500,0,
0.0000,-0.2150,2.04517,0,
0.0000,-0.2825,2.04533,0,
0.0000,-0.3550,2.04550,0,
0.0000,-0.4300,2.04567,0,
0.0000,-0.5075,2.04583,0,
0.0000,-0.5875,2.04600,0,
0.0000,-0.6725,2.04617,0,
0.0000,-0.7575,2.04633,0,
-0.0372,-0.8475,2.04650,0,
-0.1117,-0.9400,2.04667,0,
-0.6701,-1.0350,2.04683,0,
-1.7498,-1.1325,2.04700,0,
-3.2018,-1.2325,2.04717,0,
-4.7282,-1.3325,2.04733,0,
-5.9196,-1.4375,2.04750,0,
-7.3716,-1.5425,2.04767,0,
-8.6374,-1.6500,2.04783,0,
-10.3500,-1.7600,2.04800,0,
-11.5413,-1.8725,2.04817,0,
-12.9933,-1.9850,2.04833,0,
-14.2219,-2.1000,2.04850,0,
-15.6366,-2.2175,2.04867,0,
-16.5674,-2.3350,2.04883,0,
-17.4981,-2.4550,2.04900,0,
-18.5406,-2.5775,2.04917,0,
-19.3224,-2.7000,2.04933,0,
-20.1787,-2.8250,2.04950,0,
-20.8861,-2.9525,2.04967,0,
-22.1147,-3.0775,2.04983,0,
-22.1891,-3.2075,2.05000,0,
-22.8593,-3.3375,2.05017,0,
-23.1943,-3.4675,2.05033,0,
-23.6039,-3.6000,2.05050,0,
-24.1251,-3.7325,2.05067,0,
-24.5346,-3.8675,2.05083,0,
-24.9814,-4.0025,2.05100,0,
-24.9442,-4.1400,2.05117,0,
-25.1675,-4.2775,2.05133,0,
-25.4281,-4.4150,2.05150,0,
-25.9121,-4.5550,2.05167,0,
-25.3909,-4.6950,2.05183,0,
-25.5026,-4.8375,2.05200,0,
-25.8749,-4.9775,2.05217,0,
-26.1355,-5.1225,2.05233,0,
-26.2844,-5.2650,2.05250,0,
-25.8004,-5.4100,2.05267,0,
-25.4654,-5.5550,2.05283,0,
-25.2792,-5.7000,2.05300,0,
-25.1303,-5.8475,2.05317,0,
-25.1675,-5.9950,2.05333,0,
-24.9442,-6.1425,2.05350,0,
-24.3485,-6.2900,2.05367,0,
-24.4974,-6.4400,2.05383,0,
-23.9389,-6.5900,2.05400,0,
-23.5666,-6.7400,2.05417,0,
-23.6411,-6.8900,2.05433,0,
-23.0826,-7.0425,2.05450,0,
-23.1943,-7.1925,2.05467,0,
-22.4497,-7.3450,2.05483,0,
-22.5987,-7.5000,2.05500,0,
-21.9285,-7.6525,2.05517,0,
-21.8168,-7.8075,2.05533,0,
-21.5934,-7.9600,2.05550,0,
-21.4445,-8.1150,2.05567,0,
-21.2211,-8.2700,2.05583,0,
-21.0722,-8.4275,2.05600,0,
-20.8488,-8.5800,2.05617,0,
-19.9926,-8.7375,2.05633,0,
-19.7692,-8.8950,2.05650,0,
-19.3596,-9.0525,2.05667,0,
-19.0990,-9.2100,2.05683,0,
-18.8012,-9.3675,2.05700,0,
-18.3917,-9.5250,2.05717,0,
-17.9077,-9.6825,2.05733,0,
-17.8332,-9.8425,2.05750,0,
-17.4609,-10.0000,2.05767,0,
-17.3492,-10.1600,2.05783,0,
-17.0141,-10.3200,2.05800,0,
-16.8280,-10.4800,2.05817,0,
-16.6046,-10.6400,2.05833,0,
-16.5674,-10.8000,2.05850,0,
-16.3068,-10.9600,2.05867,0,
-15.8972,-11.1225,2.05883,0,
-16.0462,-11.2825,2.05900,0,
-15.4877,-11.4425,2.05917,0,
-15.3388,-11.6050,2.05933,0,
-15.3760,-11.7650,2.05950,0,
-15.2271,-11.9275,2.05967,0,
-15.0410,-12.0900,2.05983,0,
-14.9665,-12.2500,2.06000,0,
-14.6687,-12.4125,2.06017,0,
-14.4825,-12.5750,2.06033,0,
-14.3708,-12.7375,2.06050,0,
-14.3336,-12.9000,2.06067,0,
-14.2219,-13.0625,2.06083,0,
-14.1102,-13.2275,2.06100,0,
-13.8496,-13.3900,2.06117,0,
-13.6634,-13.5525,2.06133,0,
-13.3284,-13.7150,2.06150,0,
-12.9933,-13.8775,2.06167,0,
-13.1050,-14.0425,2.06183,0,
-12.9561,-14.2050,2.06200,0,
-12.8816,-14.3700,2.06217,0,
-12.8071,-14.5325,2.06233,0,
-12.9188,-14.6975,2.06250,0,
-12.8071,-14.8600,2.06267,0,
-12.8816,-15.0250,2.06283,0,
-12.8444,-15.1875,2.06300,0,
-12.8444,-15.3550,2.06317,0,
-12.6955,-15.5175,2.06333,0,
-12.6582,-15.6800,2.06350,0,
-12.6582,-15.8450,2.06367,0,
-12.7699,-16.0075,2.06383,0,
-12.7327,-16.1725,2.06400,0,
-12.6582,-16.3375,2.06417,0,
-12.6582,-16.5025,2.06433,0,
-12.5838,-16.6675,2.06450,0,
-12.6955,-16.8325,2.06467,0,
-12.5838,-16.9975,2.06483,0,
-12.5465,-17.1625,2.06500,0,
-12.5093,-17.3275,2.06517,0,
-12.6955,-17.4925,2.06533,0,
-12.7327,-17.6575,2.06550,0,
-12.7699,-17.8225,2.06567,0,
-12.6955,-17.9900,2.06583,0,
-12.7699,-18.1550,2.06600,0,
-12.6955,-18.3200,2.06617,0,
-12.8816,-18.4850,2.06633,0,
-12.9561,-18.6500,2.06650,0,
-12.9933,-18.8175,2.06667,0,
-12.9561,-18.9825,2.06683,0,
-13.0305,-19.1475,2.06700,0,
-13.1050,-19.3150,2.06717,0,
-13.1794,-19.4800,2.06733,0,
-13.2911,-19.6450,2.06750,0,
-13.3656,-19.8125,2.06767,0,
-13.4028,-19.9775,2.06783,0,
-13.4401,-20.1425,2.06800,0,
-13.5890,-20.3100,2.06817,0,
-13.7007,-20.4750,2.06833,0,
-13.8868,-20.6400,2.06850,0,
-13.9240,-20.8050,2.06867,0,
-14.0730,-20.9725,2.06883,0,
-14.2219,-21.1375,2.06900,0,
-14.4080,-21.3050,2.06917,0,
-14.5197,-21.4725,2.06933,0,
-14.5942,-21.6350,2.06950,0,
-14.7059,-21.8025,2.06967,0,
-14.7431,-21.9675,2.06983,0,
-14.8920,-22.1350,2.07000,0,
-14.9665,-22.3000,2.07017,0,
-15.0410,-22.4675,2.07033,0,
-15.1899,-22.6325,2.07050,0,
-15.4133,-22.8000,2.07067,0,
-15.5249,-22.9650,2.07083,0,
-15.6739,-23.1300,2.07100,0,
-15.8600,-23.2975,2.07117,0,
-16.0834,-23.4650,2.07133,0,
-16.2323,-23.6325,2.07150,0,
-16.5302,-23.7950,2.07167,0,
-16.7163,-23.9650,2.07183,0,
-16.9397,-24.1300,2.07200,0,
-17.2003,-24.2950,2.07217,0,
-17.4981,-24.4625,2.07233,0,
-17.7960,-24.6275,2.07250,0,
-18.0938,-24.7950,2.07267,0,
-18.3917,-24.9625,2.07283,0,
-18.7267,-25.1275,2.07300,0,
-19.1363,-25.2950,2.07317,0,
-19.5086,-25.4600,2.07333,0,
-19.8436,-25.6275,2.07350,0,
-20.1415,-25.7925,2.07367,0,
-20.7372,-25.9600,2.07383,0,
-21.4073,-26.1250,2.07400,0,
-22.0402,-26.2875,2.07417,0,
-22.7476,-26.4500,2.07433,0,
-23.3805,-26.6100,2.07450,0,
-24.0134,-26.7700,2.07467,0,
-24.6463,-26.9250,2.07483,0,
-25.2048,-27.0775,2.07500,0,
-25.6888,-27.2300,2.07517,0,
-26.1355,-27.3800,2.07533,0,
-26.5823,-27.5250,2.07550,0,
-27.0290,-27.6700,2.07567,0,
-27.4013,-27.8100,2.07583,0,
-27.8109,-27.9475,2.07600,0,
-28.1832,-28.0900,2.07617,0,
-28.4438,-28.2150,2.07633,0,
-28.7789,-28.3450,2.07650,0,
-29.0767,-28.4725,2.07667,0,
-29.4118,-28.5950,2.07683,0,
-29.7468,-28.7175,2.07700,0,
-29.9702,-28.8350,2.07717,0,
-30.2308,-28.9475,2.07733,0,
-30.4914,-29.0650,2.07750,0,
-30.7148,-29.1700,2.07767,0,
-30.9382,-29.2750,2.07783,0,
-31.1616,-29.3775,2.07800,0,
-31.3477,-29.4775,2.07817,0,
-31.4966,-29.5725,2.07833,0,
-31.7200,-29.6675,2.07850,0,
-31.8317,-29.7575,2.07867,0,
-31.9806,-29.8450,2.07883,0,
-32.0923,-29.9300,2.07900,0,
-32.2785,-30.0100,2.07917,0,
-32.3902,-30.0900,2.07933,0,
-32.5019,-30.1650,2.07950,0,
-32.6508,-30.2400,2.07967,0,
-32.7625,-30.3100,2.07983,0,
-32.8369,-30.3800,2.08000,0,
-32.9114,-30.4450,2.08017,0,
-32.9859,-30.5075,2.08033,0,
-33.0603,-30.5675,2.08050,0,
-33.0975,-30.6225,2.08067,0,
-33.0231,-30.6550,2.08083,0,
-32.8742,-30.6675,2.08100,0,
-32.6508,-30.6675,2.08117,0,
-32.4646,-30.6650,2.08133,0,
-32.3157,-30.6650,2.08150,0,
-32.1668,-30.6750,2.08167,0,
-32.1296,-30.6850,2.08183,0,
-32.0179,-30.6900,2.08200,0,
-31.9062,-30.6925,2.08217,0,
-31.7945,-30.6925,2.08233,0,
-31.6828,-30.6975,2.08250,0,
-31.6456,-30.7050,2.08267,0,
-31.6083,-30.7125,2.08283,0,
-31.5339,-30.7175,2.08300,0,
-31.4594,-30.7225,2.08317,0,
-31.3477,-30.7250,2.08333,0,
-31.3105,-30.7275,2.08350,0,
-31.2733,-30.7350,2.08367,0,
-31.1988,-30.7400,2.08383,0,
-31.1616,-30.7425,2.08400,0,
-31.0871,-30.7400,2.08417,0,
-30.9754,-30.7375,2.08433,0,
-30.9010,-30.7350,2.08450,0,
-30.8265,-30.7350,2.08467,0,
-30.7893,-30.7375,2.08483,0,
-30.7148,-30.7400,2.08500,0,
-30.6776,-30.7400,2.08517,0,
-30.6031,-30.7375,2.08533,0,
-30.5287,-30.7375,2.08550,0,
-30.4914,-30.7375,2.08567,0,
-30.4542,-30.7375,2.08583,0,
-30.3797,-30.7375,2.08600,0,
-30.3425,-30.7375,2.08617,0,
-30.3053,-30.7375,2.08633,0,
-30.1936,-30.7275,2.08650,0,
-29.8958,-30.6875,2.08667,0,
-29.4490,-30.6275,2.08683,0,
-28.9650,-30.5625,2.08700,0,
-28.4438,-30.4975,2.08717,0,
-27.9598,-30.4275,2.08733,0,
-27.4758,-30.3550,2.08750,0,
-26.9918,-30.2800,2.08767,0,
-26.5078,-30.2000,2.08783,0,
-26.0983,-30.1175,2.08800,0,
-25.8377,-30.0350,2.08817,0,
-25.4654,-29.9475,2.08833,0,
-25.0558,-29.8550,2.08850,0,
-24.6463,-29.7625,2.08867,0,
-24.2368,-29.6675,2.08883,0,
-23.8645,-29.5700,2.08900,0,
-23.4550,-29.4700,2.08917,0,
-23.0454,-29.3700,2.08933,0,
-22.6359,-29.2650,2.08950,0,
-22.2636,-29.1575,2.08967,0,
-21.8168,-29.0500,2.08983,0,
-21.4073,-28.9400,2.09000,0,
-21.0722,-28.8275,2.09017,0,
-20.6627,-28.7150,2.09033,0,
-20.2904,-28.5975,2.09050,0,
-19.9553,-28.4800,2.09067,0,
-19.5458,-28.3625,2.09083,0,
-19.0990,-28.2425,2.09100,0,
-18.6150,-28.1175,2.09117,0,
-18.2055,-27.9950,2.09133,0,
-17.7960,-27.8700,2.09150,0,
-17.3492,-27.7425,2.09167,0,
-16.9769,-27.6150,2.09183,0,
-16.5674,-27.4850,2.09200,0,
-16.2323,-27.3575,2.09217,0,
-15.8228,-27.2250,2.09233,0,
-15.3388,-27.0925,2.09250,0,
-14.9293,-26.9575,2.09267,0,
-14.5197,-26.8200,2.09283,0,
-14.1474,-26.6850,2.09300,0,
-13.8124,-26.5500,2.09317,0,
-13.5518,-26.4100,2.09333,0,
-13.2539,-26.2725,2.09350,0,
-12.9561,-26.1325,2.09367,0,
-12.6582,-25.9925,2.09383,0,
-12.5093,-25.8500,2.09400,0,
-12.2859,-25.7075,2.09417,0,
-12.0253,-25.5625,2.09433,0,
-11.8019,-25.4200,2.09450,0,
-11.6530,-25.2750,2.09467,0,
-11.4296,-25.1300,2.09483,0,
-11.2063,-24.9850,2.09500,0,
-11.0201,-24.8350,2.09517,0,
-10.9456,-24.6875,2.09533,0,
-10.7595,-24.5400,2.09550,0,
-10.7223,-24.3900,2.09567,0,
-10.5361,-24.2425,2.09583,0,
-10.3872,-24.0925,2.09600,0,
-10.2010,-23.9400,2.09617,0,
-10.1266,-23.7900,2.09633,0,
-9.9404,-23.6375,2.09650,0,
-9.9032,-23.4850,2.09667,0,
-9.7543,-23.3325,2.09683,0,
-9.6798,-23.1775,2.09700,0,
-9.5309,-23.0250,2.09717,0,
-9.4192,-22.8700,2.09733,0,
-9.3447,-22.7175,2.09750,0,
-9.2331,-22.5600,2.09767,0,
-9.1214,-22.4050,2.09783,0,
-9.1214,-22.2475,2.09800,0,
-8.9725,-22.0925,2.09817,0,
-8.8235,-21.9350,2.09833,0,
-8.7118,-21.7800,2.09850,0,
-8.5257,-21.6200,2.09867,0,
-8.3768,-21.4650,2.09883,0,
-8.3395,-21.3050,2.09900,0,
-8.1534,-21.1475,2.09917,0,
-8.0789,-20.9875,2.09933,0,
-8.0789,-20.8300,2.09950,0,
-7.9300,-20.6700,2.09967,0,
-7.8183,-20.5125,2.09983,0,
-7.7066,-20.3525,2.10000,0,
-7.5949,-20.1925,2.10017,0,
-7.4460,-20.0325,2.10033,0,
-7.2971,-19.8725,2.10050,0,
-7.1854,-19.7125,2.10067,0,
-7.1482,-19.5525,2.10083,0,
-7.0365,-19.3900,2.10100,0,
-6.8131,-19.2300,2.10117,0,
-6.7759,-19.0700,2.10133,0,
-6.7014,-18.9075,2.10150,0,
-6.5525,-18.7475,2.10167,0,
-6.5525,-18.5850,2.10183,0,
-6.4408,-18.4225,2.10200,0,
-6.3663,-18.2600,2.10217,0,
-6.2547,-18.0975,2.10233,0,
-6.2174,-17.9350,2.10250,0,
-6.1802,-17.7725,2.10267,0,
-6.0313,-17.6100,2.10283,0,
-5.9940,-17.4475,2.10300,0,
-5.9196,-17.2850,2.10317,0,
-5.8824,-17.1200,2.10333,0,
-5.8079,-16.9575,2.10350,0,
-5.7334,-16.7925,2.10367,0,
-5.6962,-16.6300,2.10383,0,
-5.6590,-16.4650,2.10400,0,
-5.6590,-16.3025,2.10417,0,
-5.5473,-16.1400,2.10433,0,
-5.5473,-15.9750,2.10450,0,
-5.5101,-15.8125,2.10467,0,
-5.5101,-15.6475,2.10483,0,
-5.4356,-15.4825,2.10500,0,
-5.4356,-15.3200,2.10517,0,
-5.4356,-15.1550,2.10533,0,
-5.4356,-14.9925,2.10550,0,
-5.3984,-14.8275,2.10567,0,
-5.3984,-14.6625,2.10583,0,
-5.4356,-14.4975,2.10600,0,
-5.4356,-14.3325,2.10617,0,
-5.3984,-14.1675,2.10633,0,
-5.4356,-14.0025,2.10650,0,
-5.4728,-13.8375,2.10667,0,
-5.5101,-13.6725,2.10683,0,
-5.5473,-13.5075,2.10700,0,
-5.5845,-13.3425,2.10717,0,
-5.6217,-13.1775,2.10733,0,
-5.6962,-13.0100,2.10750,0,
-5.8079,-12.8450,2.10767,0,
-5.7707,-12.6800,2.10783,0,
-5.9940,-12.5125,2.10800,0,
-6.0685,-12.3475,2.10817,0,
-6.3291,-12.1825,2.10833,0,
-6.4408,-12.0175,2.10850,0,
-6.4408,-11.8525,2.10867,0,
-6.3663,-11.6850,2.10883,0,
-6.6642,-11.5175,2.10900,0,
-6.9248,-11.3525,2.10917,0,
-7.2226,-11.1875,2.10933,0,
-7.2226,-11.0225,2.10950,0,
-7.2971,-10.8550,2.10967,0,
-7.5949,-10.6900,2.10983,0,
-7.8183,-10.5250,2.11000,0,
-7.9300,-10.3575,2.11017,0,
-8.2278,-10.1925,2.11033,0,
-8.3023,-10.0250,2.11050,0,
-8.6746,-9.8600,2.11067,0,
-8.9352,-9.6950,2.11083,0,
-8.7863,-9.5275,2.11100,0,
-9.1958,-9.3625,2.11117,0,
-9.2703,-9.1975,2.11133,0,
-9.5309,-9.0300,2.11150,0,
-9.7915,-8.8650,2.11167,0,
-9.8660,-8.6975,2.11183,0,
-10.0521,-8.5325,2.11200,0,
-10.1266,-8.3675,2.11217,0,
-10.2010,-8.2000,2.11233,0,
-10.4244,-8.0350,2.11250,0,
-10.7967,-7.8675,2.11267,0,
-10.7595,-7.7000,2.11283,0,
-11.0573,-7.5350,2.11300,0,
-11.1690,-7.3675,2.11317,0,
-11.2435,-7.2025,2.11333,0,
-11.2807,-7.0350,2.11350,0,
-11.5413,-6.8700,2.11367,0,
-11.5413,-6.7025,2.11383,0,
-11.4669,-6.5350,2.11400,0,
-11.3552,-6.3700,2.11417,0,
-11.6530,-6.2050,2.11433,0,
-11.5041,-6.0375,2.11450,0,
-11.5413,-5.8700,2.11467,0,
-11.6158,-5.7050,2.11483,0,
-11.3552,-5.5400,2.11500,0,
-11.3552,-5.3725,2.11517,0,
-11.0946,-5.2050,2.11533,0,
-11.0573,-5.0375,2.11550,0,
-10.8712,-4.8725,2.11567,0,
-10.5733,-4.7050,2.11583,0,
-10.3127,-4.5400,2.11600,0,
-10.1638,-4.3775,2.11617,0,
-9.7171,-4.2175,2.11633,0,
-9.4564,-4.0575,2.11650,0,
-9.0841,-3.9000,2.11667,0,
-8.6001,-3.7425,2.11683,0,
-8.2278,-3.5900,2.11700,0,
-7.7811,-3.4400,2.11717,0,
-7.2226,-3.2900,2.11733,0,
-6.7386,-3.1450,2.11750,0,
-6.2174,-3.0025,2.11767,0,
-5.5473,-2.8625,2.11783,0,
-4.9516,-2.7250,2.11800,0,
-4.2815,-2.5900,2.11817,0,
-3.6113,-2.4575,2.11833,0,
-2.8667,-2.3275,2.11850,0,
-2.1593,-2.2025,2.11867,0,
-1.4520,-2.0800,2.11883,0,
-0.7818,-1.9600,2.11900,0,
-0.1861,-1.8450,2.11917,0,
0.3723,-1.7325,2.11933,0,
1.0052,-1.6200,2.11950,0,
1.3031,-1.5150,2.11967,0,
1.1541,-1.4100,2.11983,0,
0.2606,-1.3075,2.12000,0,
0.0000,-1.2100,2.12017,0,
0.0000,-1.1150,2.12033,0,
0.0000,-1.0225,2.12050,0,
0.0000,-0.9350,2.12067,0,
0.0000,-0.8475,2.12083,0,
0.0000,-0.7650,2.12100,0,
0.0000,-0.6850,2.12117,0,
0.0000,-0.6050,2.12133,0,
0.0000,-0.5325,2.12150,0,
0.0000,-0.4600,2.12167,0,
0.0000,-0.3900,2.12183,0,
0.0000,-0.3250,2.12200,0,
0.0000,-0.2600,2.12217,0,
0.0000,-0.2000,2.12233,0,
0.0000,-0.1400,2.12250,0,
-0.0372,-0.0950,2.12267,0,
-0.0372,-0.0725,2.12283,0,
0.0000,-0.0650,2.12300,0,
0.0000,-0.0700,2.12317,0,
0.0000,-0.0725,2.12333,0,
0.0000,-0.0650,2.12350,0,
0.0000,-0.0550,2.12367,0,
0.0000,-0.0475,2.12383,0,
0.0000,-0.0450,2.12400,0,
0.0000,-0.0450,2.12417,0,
0.0000,-0.0425,2.12433,0,
0.0000,-0.0350,2.12450,0,
0.0000,-0.0275,2.12467,0,
0.0000,-0.0225,2.12483,0,
0.0000,-0.0200,2.12500,0,
0.0000,-0.0175,2.12517,0,
0.0000,-0.0150,2.12533,0,
0.0000,-0.0075,2.12550,0,
0.0000,-0.0000,2.12567,0,
0.0000,0.0050,2.12583,0,
0.0000,0.0050,2.12600,0,
0.0000,0.0025,2.12617,0,
0.0000,0.0025,2.12633,0,
0.0000,0.0025,2.12650,0,
0.0000,0.0025,2.12667,0,
0.0000,0.0025,2.12683,0,
0.0000,0.0025,2.12700,0,
0.0000,0.0025,2.12717,0,
0.0000,0.0025,2.12733,0,
0.0000,0.0025,2.12750,0,
0.0000,0.0025,2.12767,0,
0.0000,0.0025,2.12783,0,
0.0000,0.0025,2.12800,0,
0.0000,0.0025,2.12817,0,
0.0000,0.0025,2.12833,0,
0.0000,0.0025,2.12850,0,
0.0000,0.0025,2.12867,0,
0.0000,0.0025,2.12883,0,
0.0000,0.0025,2.12900,0,
0.0000,0.0025,2.12917,0,
0.0000,0.0025,2.12933,0,
0.0000,0.0025,2.12950,0,
0.0000,0.0025,2.12967,0,
0.0000,0.0025,2.12983,0,
0.0000,0.0025,2.13000,0,
0.0000,0.0025,2.13017,0,
0.0000,0.0025,2.13033,0,
0.0000,0.0025,2.13050,0,
0.0000,0.0025,2.13067,0,
0.0000,0.0025,2.13083,0,
0.0000,0.0025,2.13100,0,
0.0000,0.0025,2.13117,0,
0.0000,0.0025,2.13133,0,
0.0000,0.0025,2.13150,0,
0.0000,0.0025,2.13167,0,
0.0000,0.0025,2.13183,0,
0.0000,0.0025,2.13200,0,
0.0000,0.0025,2.13217,0,
0.0000,0.0025,2.13233,0,
0.0000,0.0025,2.13250,0,
0.0000,0.0025,2.13267,0,
0.0000,0.0025,2.13283,0,
0.0000,0.0025,2.13300,0,
0.0000,0.0025,2.13317,0,
0.0000,0.0025,2.13333,0,
0.0000,0.0025,2.13350,0,
0.0000,0.0025,2.13367,0,
0.0000,0.0025,2.13383,0,
0.0000,0.0025,2.13400,0,
0.0000,0.0025,2.13417,0,
0.0000,0.0025,2.13433,0,
0.0000,0.0025,2.13450,0,
0.0000,0.0025,2.13467,0,
0.0000,0.0025,2.13483,0,
0.0000,0.0025,2.13500,0,
0.0000,0.0025,2.13517,0,
0.0000,0.0025,2.13533,0,
0.0000,0.0025,2.13550,0,
0.0000,0.0025,2.13567,0,
0.0000,0.0025,2.13583,0,
0.0000,0.0025,2.13600,0,
0.0000,0.0025,2.13617,0,
0.0000,0.0025,2.13633,0,
0.0000,0.0025,2.13650,0,
0.0000,0.0025,2.13667,0,
0.0000,0.0025,2.13683,0,
0.0000,0.0025,2.13700,0,
0.0000,0.0025,2.13717,0,
0.0000,0.0025,2.13733,0,
0.0000,0.0025,2.13750,0,
0.0000,0.0025,2.13767,0,
0.0000,0.0025,2.13783,0,
0.0000,0.0025,2.13800,0,
0.0000,0.0025,2.13817,0,
0.0000,0.0025,2.13833,0,
0.0000,0.0025,2.13850,0,
0.0000,0.0025,2.13867,0,
0.0000,0.0025,2.13883,0,
0.0000,0.0025,2.13900,0,
0.0000,0.0025,2.13917,0,
0.0000,0.0025,2.13933,0,
0.0000,0.0025,2.13950,0,
0.0000,0.0025,2.13967,0,
0.0000,0.0025,2.13983,0,
0.0000,0.0025,2.14000,0,
0.0000,0.0025,2.14017,0,
0.0000,0.0025,2.14033,0,
0.0000,0.0025,2.14050,0,
0.0000,0.0025,2.14067,0,
0.0000,0.0025,2.14083,0,
0.0000,0.0025,2.14100,0,
0.0000,0.0025,2.14117,0,
0.0000,0.0025,2.14133,0,
0.0000,0.0025,2.14150,0,
0.0000,0.0025,2.14167,0,
0.0000,0.0025,2.14183,0,
0.0000,0.0025,2.14200,0,
0.0000,0.0025,2.14217,0,
0.0000,0.0025,2.14233,0,
0.0000,0.0025,2.14250,0,
0.0000,0.0025,2.14267,0,
0.0000,0.0025,2.14283,0,
0.0000,0.0025,2.14300,0,
0.0000,0.0025,2.14317,0,
0.0000,0.0025,2.14333,0,
0.0000,0.0025,2.14350,0,
0.0000,0.0025,2.14367,0,
0.0000,0.0025,2.14383,0,
0.0000,0.0025,2.14400,0,
0.0000,0.0025,2.14417,0,
0.0000,0.0025,2.14433,0,
0.0000,0.0025,2.14450,0,
0.0000,0.0025,2.14467,0,
0.0000,0.0025,2.14483,0,
0.0000,0.0025,2.14500,0,
0.0000,0.0025,2.14517,0,
0.0000,0.0025,2.14533,0,
0.0000,0.0025,2.14550,0,
0.0000,0.0025,2.14567,0,
0.0000,0.0025,2.14583,0,
0.0000,0.0025,2.14600,0,
0.0000,0.0025,2.14617,0,
0.0000,0.0025,2.14633,0,
0.0000,0.0025,2.14650,0,
0.0000,0.0025,2.14667,0,
0.0000,0.0025,2.14683,0,
0.0000,0.0025,2.14700,0,
0.0000,0.0025,2.14717,0,
0.0000,0.0025,2.14733,0,
0.0000,0.0025,2.14750,0,
0.0000,0.0025,2.14767,0,
0.0000,0.0025,2.14783,0,
0.0000,0.0025,2.14800,0,
0.0000,0.0025,2.14817,0,
0.0000,0.0025,2.14833,0,
0.0000,0.0025,2.14850,0,
0.0000,0.0025,2.14867,0,
0.0000,0.0025,2.14883,0,
0.0000,0.0025,2.14900,0,
0.0000,0.0025,2.14917,0,
0.0000,0.0025,2.14933,0,
0.0000,0.0025,2.14950,0,
0.0000,0.0025,2.14967,0,
0.0000,0.0025,2.14983,0,
0.0000,0.0025,2.15000,0,
0.0000,0.0025,2.15017,0,
0.0000,0.0025,2.15033,0,
0.0000,0.0025,2.15050,0,
0.0000,0.0025,2.15067,0,
0.0000,0.0025,2.15083,0,
0.0000,0.0025,2.15100,0,
0.0000,0.0025,2.15117,0,
0.0000,0.0025,2.15133,0,
0.0000,0.0025,2.15150,0,
0.0000,0.0025,2.15167,0,
0.0000,0.0025,2.15183,0,
0.0000,0.0025,2.15200,0,
0.0000,0.0025,2.15217,0,
0.0000,0.0025,2.15233,0,
0.0000,0.0025,2.15250,0,
0.0000,0.0025,2.15267,0,
0.0000,0.0025,2.15283,0,
0.0000,0.0025,2.15300,0,
0.0000,0.0025,2.15317,0,
0.0000,0.0025,2.15333,0,
0.0000,0.0025,2.15350,0,
0.0000,0.0025,2.15367,0,
0.0000,0.0025,2.15383,0,
0.0000,0.0025,2.15400,0,
0.0000,0.0025,2.15417,0,
0.0000,0.0025,2.15433,0,
0.0000,0.0025,2.15450,0,
0.0000,0.0025,2.15467,0,
0.0000,0.0025,2.15483,0,
0.0000,0.0025,2.15500,0,
0.0000,0.0025,2.15517,0,
0.0000,0.0025,2.15533,0,
0.0000,0.0025,2.15550,0,
0.0000,0.0025,2.15567,0,
0.0000,0.0025,2.15583,0,
0.0000,0.0025,2.15600,0,
0.0000,0.0025,2.15617,0,
0.0000,0.0025,2.15633,0,
0.0000,0.0025,2.15650,0,
0.0000,0.0025,2.15667,0,
0.0000,0.0025,2.15683,0,
0.0000,0.0025,2.15700,0,
0.0000,0.0025,2.15717,0,
0.0000,0.0025,2.15733,0,
0.0000,0.0025,2.15750,0,
0.0000,0.0025,2.15767,0,
0.0000,0.0025,2.15783,0,
0.0000,0.0025,2.15800,0,
0.0000,0.0025,2.15817,0,
0.0000,0.0025,2.15833,0,
0.0000,0.0025,2.15850,0,
0.0000,0.0025,2.15867,0,
0.0000,0.0025,2.15883,0,
0.0000,0.0025,2.15900,0,
0.0000,0.0025,2.15917,0,
0.0000,0.0025,2.15933,0,
0.0000,0.0025,2.15950,0,
0.0000,0.0025,2.15967,0,
0.0000,0.0025,2.15983,0,
0.0000,0.0025,2.16000,0,
0.0000,0.0025,2.16017,0,
0.0000,0.0025,2.16033,0,
0.0000,0.0025,2.16050,0,
0.0000,0.0025,2.16067,0,
0.0000,0.0025,2.16083,0,
0.0000,0.0025,2.16100,0,
0.0000,0.0025,2.16117,0,
0.0000,0.0025,2.16133,0,
0.0000,0.0025,2.16150,0,
0.0000,0.0025,2.16167,0,
0.0000,0.0025,2.16183,0,
0.0000,0.0025,2.16200,0,
0.0000,0.0025,2.16217,0,
0.0000,0.0025,2.16233,0,
0.0000,0.0025,2.16250,0,
0.0000,0.0025,2.16267,0,
0.0000,0.0025,2.16283,0,
0.0000,0.0025,2.16300,0,
0.0000,0.0025,2.16317,0,
0.0000,0.0025,2.16333,0,
0.0000,0.0025,2.16350,0,
0.0000,0.0025,2.16367,0,
0.0000,0.0025,2.16383,0,
0.0000,0.0025,2.16400,0,
0.0000,0.0025,2.16417,0,
0.0000,0.0025,2.16433,0,
0.0000,0.0025,2.16450,0,
0.0000,0.0025,2.16467,0,
0.0000,0.0025,2.16483,0,
0.0000,0.0025,2.16500,0,
0.0000,0.0025,2.16517,0,
0.0000,0.0025,2.16533,0,
0.0000,0.0025,2.16550,0,
0.0000,0.0025,2.16567,0,
0.0000,0.0025,2.16583,0,
0.0000,0.0025,2.16600,0,
0.0000,0.0025,2.16617,0,
0.0000,0.0025,2.16633,0,
0.0000,0.0025,2.16650,0,
0.0000,0.0025,2.16667,0,
0.0000,0.0025,2.16683,0,
0.0000,0.0025,2.16700,0,
0.0000,0.0025,2.16717,0,
0.0000,0.0025,2.16733,0,
0.0000,0.0025,2.16750,0,
0.0000,0.0025,2.16767,0,
0.0000,0.0025,2.16783,0,
0.0000,0.0025,2.16800,0,
0.0000,0.0025,2.16817,0,
0.0000,0.0025,2.16833,0,
0.0000,0.0025,2.16850,0,
0.0000,0.0025,2.16867,0,
0.0000,0.0025,2.16883,0,
0.0000,0.0025,2.16900,0,
0.0000,0.0025,2.16917,0,
0.0000,0.0025,2.16933,0,
0.0000,0.0025,2.16950,0,
0.0000,0.0025,2.16967,0,
0.0000,0.0025,2.16983,0,
0.0000,0.0025,2.17000,0,
0.0000,0.0025,2.17017,0,
0.0000,0.0025,2.17033,0,
0.0000,0.0025,2.17050,0,
0.0000,0.0025,2.17067,0,
0.0000,0.0025,2.17083,0,
0.0000,0.0025,2.17100,0,
0.0000,0.0025,2.17117,0,
0.0000,0.0025,2.17133,0,
0.0000,0.0025,2.17150,0,
0.0000,0.0025,2.17167,0,
0.0000,0.0025,2.17183,0,
0.0000,0.0025,2.17200,0,
0.0000,0.0025,2.17217,0,
0.0000,0.0025,2.17233,0,
0.0000,0.0025,2.17250,0,
0.0000,0.0025,2.17267,0,
0.0000,0.0025,2.17283,0,
0.0000,0.0025,2.17300,0,
0.0000,0.0025,2.17317,0,
0.0000,0.0025,2.17333,0,
0.0000,0.0025,2.17350,0,
0.0000,0.0025,2.17367,0,
0.0000,0.0025,2.17383,0,
0.0000,0.0025,2.17400,0,
0.0000,0.0025,2.17417,0,
0.0000,0.0025,2.17433,0,
0.0000,0.0025,2.17450,0,
0.0000,0.0025,2.17467,0,
0.0000,0.0025,2.17483,0,
0.0000,0.0025,2.17500,0,
0.0000,0.0025,2.17517,0,
0.0000,0.0025,2.17533,0,
0.0000,0.0025,2.17550,0,
0.0000,0.0025,2.17567,0,
0.0000,0.0025,2.17583,0,
0.0000,0.0025,2.17600,0,
0.0000,0.0025,2.17617,0,
0.0000,0.0025,2.17633,0,
0.0000,0.0025,2.17650,0,
0.0000,0.0025,2.17667,0,
0.0000,0.0025,2.17683,0,
0.0000,0.0025,2.17700,0,
0.0000,0.0025,2.17717,0,
0.0000,0.0025,2.17733,0,
0.0000,0.0025,2.17750,0,
0.0000,0.0025,2.17767,0,
0.0000,0.0025,2.17783,0,
0.0000,0.0025,2.17800,0,
0.0000,0.0025,2.17817,0,
0.0000,0.0025,2.17833,0,
0.0000,0.0025,2.17850,0,
0.0000,0.0025,2.17867,0,
0.0000,0.0025,2.17883,0,
0.0000,0.0025,2.17900,0,
0.0000,0.0025,2.17917,0,
0.0000,0.0025,2.17933,0,
0.0000,0.0025,2.17950,0,
0.0000,0.0025,2.17967,0,
0.0000,0.0025,2.17983,0,
0.0000,0.0025,2.18000,0,
0.0000,0.0025,2.18017,0,
0.0000,0.0025,2.18033,0,
0.0000,0.0025,2.18050,0,
0.0000,0.0025,2.18067,0,
0.0000,0.0025,2.18083,0,
0.0000,0.0025,2.18100,0,
0.0000,0.0025,2.18117,0,
0.0000,0.0025,2.18133,0,
0.0000,0.0025,2.18150,0,
0.0000,0.0025,2.18167,0,
0.0000,0.0025,2.18183,0,
0.0000,0.0025,2.18200,0,
0.0000,0.0025,2.18217,0,
0.0000,0.0025,2.18233,0,
0.0000,0.0025,2.18250,0,
0.0000,0.0025,2.18267,0,
0.0000,0.0025,2.18283,0,
0.0000,0.0025,2.18300,0,
0.0000,0.0025,2.18317,0,
0.0000,0.0025,2.18333,0,
0.0000,0.0025,2.18350,0,
0.0000,0.0025,2.18367,0,
0.0000,0.0025,2.18383,0,
0.0000,0.0025,2.18400,0,
0.0000,0.0025,2.18417,0,
0.0000,0.0025,2.18433,0,
0.0000,0.0025,2.18450,0,
0.0000,0.0025,2.18467,0,
0.0000,0.0025,2.18483,0,
0.0000,0.0025,2.18500,0,
0.0000,0.0025,2.18517,0,
0.0000,0.0025,2.18533,0,
0.0000,0.0025,2.18550,0,
0.0000,0.0025,2.18567,0,
0.0000,0.0025,2.18583,0,
0.0000,0.0025,2.18600,0,
0.0000,0.0025,2.18617,0,
0.0000,0.0025,2.18633,0,
0.0000,0.0025,2.18650,0,
0.0000,0.0025,2.18667,0,
0.0000,0.0025,2.18683,0,
0.0000,0.0025,2.18700,0,
0.0000,0.0025,2.18717,0,
0.0000,0.0025,2.18733,0,
0.0000,0.0025,2.18750,0,
0.0000,0.0025,2.18767,0,
0.0000,0.0025,2.18783,0,
0.0000,0.0025,2.18800,0,
0.0000,0.0025,2.18817,0,
0.0000,0.0025,2.18833,0,
0.0000,0.0025,2.18850,0,
0.0000,0.0025,2.18867,0,
0.0000,0.0025,2.18883,0,
0.0000,0.0025,2.18900,0,
0.0000,0.0025,2.18917,0,
0.0000,0.0025,2.18933,0,
0.0000,0.0025,2.18950,0,
0.0000,0.0025,2.18967,0,
0.0000,0.0025,2.18983,0,
0.0000,0.0025,2.19000,0,
0.0000,0.0025,2.19017,0,
0.0000,0.0025,2.19033,0,
0.0000,0.0025,2.19050,0,
0.0000,0.0025,2.19067,0,
0.0000,0.0025,2.19083,0,
0.0000,0.0025,2.19100,0,
0.0000,0.0025,2.19117,0,
0.0000,0.0025,2.19133,0,
0.0000,0.0025,2.19150,0,
0.0000,0.0025,2.19167,0,
0.0000,0.0025,2.19183,0,
0.0000,0.0025,2.19200,0,
0.0000,0.0025,2.19217,0,
0.0000,0.0025,2.19233,0,
0.0000,0.0025,2.19250,0,
0.0000,0.0025,2.19267,0,
0.0000,0.0025,2.19283,0,
0.0000,0.0025,2.19300,0,
0.0000,0.0025,2.19317,0,
0.0000,0.0025,2.19333,0,
0.0000,0.0025,2.19350,0,
0.0000,0.0025,2.19367,0,
0.0000,0.0025,2.19383,0,
0.0000,0.0025,2.19400,0,
0.0000,0.0025,2.19417,0,
0.0000,0.0025,2.19433,0,
0.0000,0.0025,2.19450,0,
0.0000,0.0025,2.19467,0,
0.0000,0.0025,2.19483,0,
0.0000,0.0025,2.19500,0,
0.0000,0.0025,2.19517,0,
0.0000,0.0025,2.19533,0,
0.0000,0.0025,2.19550,0,
0.0000,0.0025,2.19567,0,
0.0000,0.0025,2.19583,0,
0.0000,0.0025,2.19600,0,
0.0000,0.0025,2.19617,0,
0.0000,0.0025,2.19633,0,
0.0000,0.0025,2.19650,0,
0.0000,0.0025,2.19667,0,
0.0000,0.0025,2.19683,0,
0.0000,0.0025,2.19700,0,
0.0000,0.0025,2.19717,0,
0.0000,0.0025,2.19733,0,
0.0000,0.0025,2.19750,0,
0.0000,0.0025,2.19767,0,
0.0000,0.0025,2.19783,0,
0.0000,0.0025,2.19800,0,
0.0000,0.0025,2.19817,0,
0.0000,0.0025,2.19833,0,
0.0000,0.0025,2.19850,0,
0.0000,0.0025,2.19867,0,
0.0000,0.0025,2.19883,0,
0.0000,0.0025,2.19900,0,
0.0000,0.0025,2.19917,0,
0.0000,0.0025,2.19933,0,
0.0000,0.0025,2.19950,0,
0.0000,0.0025,2.19967,0,
0.0000,0.0025,2.19983,0,
0.0000,0.0025,2.20000,0,
0.0000,0.0025,2.20017,0,
0.0000,0.0025,2.20033,0,
0.0000,0.0025,2.20050,0,
0.0000,0.0025,2.20067,0,
0.0000,0.0025,2.20083,0,
0.0000,0.0025,2.20100,0,
0.0000,0.0025,2.20117,0,
0.0000,0.0025,2.20133,0,
0.0000,0.0025,2.20150,0,
0.0000,0.0025,2.20167,0,
0.0000,0.0025,2.20183,0,
0.0000,0.0025,2.20200,0,
0.0000,0.0025,2.20217,0,
0.0000,0.0025,2.20233,0,
0.0000,0.0025,2.20250,0,
0.0000,0.0025,2.20267,0,
0.0000,0.0025,2.20283,0,
0.0000,0.0025,2.20300,0,
0.0000,0.0025,2.20317,0,
0.0000,0.0025,2.20333,0,
0.0000,0.0025,2.20350,0,
0.0000,0.0025,2.20367,0,
0.0000,0.0025,2.20383,0,
0.0000,0.0025,2.20400,0,
0.0000,0.0025,2.20417,0,
0.0000,0.0025,2.20433,0,
0.0000,0.0025,2.20450,0,
0.0000,0.0025,2.20467,0,
0.0000,0.0025,2.20483,0,
0.0000,0.0025,2.20500,0,
0.0000,0.0025,2.20517,0,
0.0000,0.0025,2.20533,0,
0.0000,0.0025,2.20550,0,
0.0000,0.0025,2.20567,0,
0.0000,0.0025,2.20583,0,
0.0000,0.0025,2.20600,0,
0.0000,0.0025,2.20617,0,
0.0000,0.0025,2.20633,0,
0.0000,0.0025,2.20650,0,
0.0000,0.0025,2.20667,0,
0.0000,0.0025,2.20683,0,
0.0000,0.0025,2.20700,0,
0.0000,0.0025,2.20717,0,
0.0000,0.0025,2.20733,0,
0.0000,0.0025,2.20750,0,
0.0000,0.0025,2.20767,0,
0.0000,0.0025,2.20783,0,
0.0000,0.0025,2.20800,0,
0.0000,0.0025,2.20817,0,
0.0000,0.0025,2.20833,0,
0.0000,0.0025,2.20850,0,
0.0000,0.0025,2.20867,0,
0.0000,0.0025,2.20883,0,
0.0000,0.0025,2.20900,0,
0.0000,0.0025,2.20917,0,
0.0000,0.0025,2.20933,0,
0.0000,0.0025,2.20950,0,
0.0000,0.0025,2.20967,0,
0.0000,0.0025,2.20983,0,
0.0000,0.0025,2.21000,0,
0.0000,0.0025,2.21017,0,
0.0000,0.0025,2.21033,0,
0.0000,0.0025,2.21050,0,
0.0000,0.0025,2.21067,0,
0.0000,0.0025,2.21083,0,
0.0000,0.0025,2.21100,0,
0.0000,0.0025,2.21117,0,
0.0000,0.0025,2.21133,0,
0.0000,0.0025,2.21150,0,
0.0000,0.0025,2.21167,0,
0.0000,0.0025,2.21183,0,
0.0000,0.0025,2.21200,0,
0.0000,0.0025,2.21217,0,
0.0000,0.0025,2.21233,0,
0.0000,0.0025,2.21250,0,
0.0000,0.0025,2.21267,0,
0.0000,0.0025,2.21283,0,
0.0000,0.0025,2.21300,0,
0.0000,0.0025,2.21317,0,
0.0000,0.0025,2.21333,0,
0.0000,0.0025,2.21350,0,
0.0000,0.0025,2.21367,0,
0.0000,0.0025,2.21383,0,
0.0000,0.0025,2.21400,0,
0.0000,0.0025,2.21417,0,
0.0000,0.0025,2.21433,0,
0.0000,0.0025,2.21450,0,
0.0000,0.0025,2.21467,0,
0.0000,0.0025,2.21483,0,
0.0000,0.0025,2.21500,0,
0.0000,0.0025,2.21517,0,
0.0000,0.0025,2.21533,0,
0.0000,0.0025,2.21550,0,
0.0000,0.0025,2.21567,0,
0.0000,0.0025,2.21583,0,
0.0000,0.0025,2.21600,0,
0.0000,0.0025,2.21617,0,
0.0000,0.0025,2.21633,0,
0.0000,0.0025,2.21650,0,
0.0000,0.0025,2.21667,0,
0.0000,0.0025,2.21683,0,
0.0000,0.0025,2.21700,0,
0.0000,0.0025,2.21717,0,
0.0000,0.0025,2.21733,0,
0.0000,0.0025,2.21750,0,
0.0000,0.0025,2.21767,0,
0.0000,0.0025,2.21783,0,
0.0000,0.0025,2.21800,0,
0.0000,0.0025,2.21817,0,
0.0000,0.0025,2.21833,0,
0.0000,0.0025,2.21850,0,
0.0000,0.0025,2.21867,0,
0.0000,0.0025,2.21883,0,
0.0000,0.0025,2.21900,0,
0.0000,0.0025,2.21917,0,
0.0000,0.0025,2.21933,0,
0.0000,0.0025,2.21950,0,
0.0000,0.0025,2.21967,0,
0.0000,0.0025,2.21983,0,
0.0000,0.0025,2.22000,0,
0.0000,0.0025,2.22017,0,
0.0000,0.0025,2.22033,0,
0.0000,0.0025,2.22050,0,
0.0000,0.0025,2.22067,0,
0.0000,0.0025,2.22083,0,
0.0000,0.0025,2.22100,0,
0.0000,0.0025,2.22117,0,
0.0000,0.0025,2.22133,0,
0.0000,0.0025,2.22150,0,
0.0000,0.0025,2.22167,0,
0.0000,0.0025,2.22183,0,
0.0000,0.0025,2.22200,0,
0.0000,0.0025,2.22217,0,
0.0000,0.0025,2.22233,0,
0.0000,0.0025,2.22250,0,
0.0000,0.0025,2.22267,0,
0.0000,0.0025,2.22283,0,
0.0000,0.0025,2.22300,0,
0.0000,0.0025,2.22317,0,
0.0000,0.0025,2.22333,0,
0.0000,0.0025,2.22350,0,
0.0000,0.0025,2.22367,0,
0.0000,0.0025,2.22383,0,
0.0000,0.0025,2.22400,0,
0.0000,0.0025,2.22417,0,
0.0000,0.0025,2.22433,0,
0.0000,0.0025,2.22450,0,
0.0000,0.0025,2.22467,0,
0.0000,0.0025,2.22483,0,
0.0000,0.0025,2.22500,0,
0.0000,0.0025,2.22517,0,
0.0000,0.0025,2.22533,0,
0.0000,0.0025,2.22550,0,
0.0000,0.0025,2.22567,0,
0.0000,0.0025,2.22583,0,
0.0000,0.0025,2.22600,0,
0.0000,0.0025,2.22617,0,
0.0000,0.0025,2.22633,0,
0.0000,0.0025,2.22650,0,
0.0000,0.0025,2.22667,0,
0.0000,0.0025,2.22683,0,
0.0000,0.0025,2.22700,0,
0.0000,0.0025,2.22717,0,
0.0000,0.0025,2.22733,0,
0.0000,0.0025,2.22750,0,
0.0000,0.0025,2.22767,0,
0.0000,0.0025,2.22783,0,
0.0000,0.0025,2.22800,0,
0.0000,0.0025,2.22817,0,
0.0000,0.0025,2.22833,0,
0.0000,0.0025,2.22850,0,
0.0000,0.0025,2.22867,0,
0.0000,0.0025,2.22883,0,
0.0000,0.0025,2.22900,0,
0.0000,0.0025,2.22917,0,
0.0000,0.0025,2.22933,0,
0.0000,0.0025,2.22950,0,
0.0000,0.0025,2.22967,0,
0.0000,0.0025,2.22983,0,
0.0000,0.0025,2.23000,0,
0.0000,0.0025,2.23017,0,
0.0000,0.0025,2.23033,0,
0.0000,0.0025,2.23050,0,
0.0000,0.0025,2.23067,0,
0.0000,0.0025,2.23083,0,
0.0000,0.0025,2.23100,0,
0.0000,0.0025,2.23117,0,
0.0000,0.0025,2.23133,0,
0.0000,0.0025,2.23150,0,
0.0000,0.0025,2.23167,0,
0.0000,0.0025,2.23183,0,
0.0000,0.0025,2.23200,0,
0.0000,0.0025,2.23217,0,
0.0000,0.0025,2.23233,0,
0.0000,0.0025,2.23250,0,
0.0000,0.0025,2.23267,0,
0.0000,0.0025,2.23283,0,
0.0000,0.0025,2.23300,0,
0.0000,0.0025,2.23317,0,
0.0000,0.0025,2.23333,0,
0.0000,0.0025,2.23350,0,
0.0000,0.0025,2.23367,0,
0.0000,0.0025,2.23383,0,
0.0000,0.0025,2.23400,0,
0.0000,0.0025,2.23417,0,
0.0000,0.0025,2.23433,0,
0.0000,0.0025,2.23450,0,
0.0000,0.0025,2.23467,0,
0.0000,0.0025,2.23483,0,
0.0000,0.0025,2.23500,0,
0.0000,0.0025,2.23517,0,
0.0000,0.0025,2.23533,0,
0.0000,0.0025,2.23550,0,
0.0000,0.0025,2.23567,0,
0.0000,0.0025,2.23583,0,
0.0000,0.0025,2.23600,0,
0.0000,0.0025,2.23617,0,
0.0000,0.0025,2.23633,0,
0.0000,0.0025,2.23650,0,
0.0000,0.0025,2.23667,0,
0.0000,0.0025,2.23683,0,
0.0000,0.0025,2.23700,0,
0.0000,0.0025,2.23717,0,
0.0000,0.0025,2.23733,0,
0.0000,0.0025,2.23750,0,
0.0000,0.0025,2.23767,0,
0.0000,0.0025,2.23783,0,
0.0000,0.0025,2.23800,0,
0.0000,0.0025,2.23817,0,
0.0000,0.0025,2.23833,0,
0.0000,0.0025,2.23850,0,
0.0000,0.0025,2.23867,0,
0.0000,0.0025,2.23883,0,
0.0000,0.0025,2.23900,0,
0.0000,0.0025,2.23917,0,
0.0000,0.0025,2.23933,0,
0.0000,0.0025,2.23950,0,
0.0000,0.0025,2.23967,0,
0.0000,0.0025,2.23983,0,
0.0000,0.0025,2.24000,0,
0.0000,0.0025,2.24017,0,
0.0000,0.0025,2.24033,0,
0.0000,0.0025,2.24050,0,
0.0000,0.0025,2.24067,0,
0.0000,0.0025,2.24083,0,
0.0000,0.0025,2.24100,0,
0.0000,0.0025,2.24117,0,
0.0000,0.0025,2.24133,0,
0.0000,0.0025,2.24150,0,
0.0000,0.0025,2.24167,0,
0.0000,0.0025,2.24183,0,
0.0000,0.0025,2.24200,0,
0.0000,0.0025,2.24217,0,
0.0000,0.0025,2.24233,0,
0.0000,0.0025,2.24250,0,
0.0000,0.0025,2.24267,0,
0.0000,0.0025,2.24283,0,
0.0000,0.0025,2.24300,0,
0.0000,0.0025,2.24317,0,
0.0000,0.0025,2.24333,0,
0.0000,0.0025,2.24350,0,
0.0000,0.0025,2.24367,0,
0.0000,0.0025,2.24383,0,
0.0000,0.0025,2.24400,0,
0.0000,0.0025,2.24417,0,
0.0000,0.0025,2.24433,0,
0.0000,0.0025,2.24450,0,
0.0000,0.0025,2.24467,0,
0.0000,0.0025,2.24483,0,
0.0000,0.0025,2.24500,0,
0.0000,0.0025,2.24517,0,
0.0000,0.0025,2.24533,0,
0.0000,0.0025,2.24550,0,
0.0000,0.0025,2.24567,0,
0.0000,0.0025,2.24583,0,
0.0000,0.0025,2.24600,0,
0.0000,0.0025,2.24617,0,
0.0000,0.0025,2.24633,0,
0.0000,0.0025,2.24650,0,
0.0000,0.0025,2.24667,0,
0.0000,0.0025,2.24683,0,
0.0000,0.0025,2.24700,0,
0.0000,0.0025,2.24717,0,
0.0000,0.0025,2.24733,0,
0.0000,0.0025,2.24750,0,
0.0000,0.0025,2.24767,0,
0.0000,0.0025,2.24783,0,
0.0000,0.0025,2.24800,0,
0.0000,0.0025,2.24817,0,
0.0000,0.0025,2.24833,0,
0.0000,0.0025,2.24850,0,
0.0000,0.0025,2.24867,0,
0.0000,0.0025,2.24883,0,
0.0000,0.0025,2.24900,0,
0.0000,0.0025,2.24917,0,
0.0000,0.0025,2.24933,0,
0.0000,0.0025,2.24950,0,
0.0000,0.0025,2.24967,0,
0.0000,0.0025,2.24983,0,
0.0000,0.0025,2.25000,0,
0.0000,0.0025,2.25017,0,
0.0000,0.0025,2.25033,0,
0.0000,0.0025,2.25050,0,
0.0000,0.0025,2.25067,0,
0.0000,0.0025,2.25083,0,
0.0000,0.0025,2.25100,0,
0.0000,0.0025,2.25117,0,
0.0000,0.0025,2.25133,0,
0.0000,0.0025,2.25150,0,
0.0000,0.0025,2.25167,0,
0.0000,0.0025,2.25183,0,
0.0000,0.0025,2.25200,0,
0.0000,0.0025,2.25217,0,
0.0000,0.0025,2.25233,0,
0.0000,0.0025,2.25250,0,
0.0000,0.0025,2.25267,0,
0.0000,0.0025,2.25283,0,
0.0000,0.0025,2.25300,0,
0.0000,0.0025,2.25317,0,
0.0000,0.0025,2.25333,0,
0.0000,0.0025,2.25350,0,
0.0000,0.0025,2.25367,0,
0.0000,0.0025,2.25383,0,
0.0000,0.0025,2.25400,0,
0.0000,0.0025,2.25417,0,
0.0000,0.0025,2.25433,0,
0.0000,0.0025,2.25450,0,
0.0000,0.0025,2.25467,0,
0.0000,0.0025,2.25483,0,
0.0000,0.0025,2.25500,0,
0.0000,0.0025,2.25517,0,
0.0000,0.0025,2.25533,0,
0.0000,0.0025,2.25550,0,
0.0000,0.0025,2.25567,0,
0.0000,0.0025,2.25583,0,
0.0000,0.0025,2.25600,0,
0.0000,0.0025,2.25617,0,
0.0000,0.0025,2.25633,0,
0.0000,0.0025,2.25650,0,
0.0000,0.0025,2.25667,0,
0.0000,0.0025,2.25683,0,
0.0000,0.0025,2.25700,0,
0.0000,0.0025,2.25717,0,
0.0000,0.0025,2.25733,0,
0.0000,0.0025,2.25750,0,
0.0000,0.0025,2.25767,0,
0.0000,0.0025,2.25783,0,
0.0000,0.0025,2.25800,0,
0.0000,0.0025,2.25817,0,
0.0000,0.0025,2.25833,0,
0.0000,0.0025,2.25850,0,
0.0000,0.0025,2.25867,0,
0.0000,0.0025,2.25883,0,
0.0000,0.0025,2.25900,0,
0.0000,0.0025,2.25917,0,
0.0000,0.0025,2.25933,0,
0.0000,0.0025,2.25950,0,
0.0000,0.0025,2.25967,0,
0.0000,0.0025,2.25983,0,
0.0000,0.0025,2.26000,0,
0.0000,0.0025,2.26017,0,
0.0000,0.0025,2.26033,0,
0.0000,0.0025,2.26050,0,
0.0000,0.0025,2.26067,0,
0.0000,0.0025,2.26083,0,
0.0000,0.0025,2.26100,0,
0.0000,0.0025,2.26117,0,
0.0000,0.0025,2.26133,0,
0.0000,0.0025,2.26150,0,
0.0000,0.0025,2.26167,0,
0.0000,0.0025,2.26183,0,
0.0000,0.0025,2.26200,0,
0.0000,0.0025,2.26217,0,
0.0000,0.0025,2.26233,0,
0.0000,0.0025,2.26250,0,
0.0000,0.0025,2.26267,0,
0.0000,0.0025,2.26283,0,
0.0000,0.0025,2.26300,0,
0.0000,0.0025,2.26317,0,
0.0000,0.0025,2.26333,0,
0.0000,0.0025,2.26350,0,
0.0000,0.0025,2.26367,0,
0.0000,0.0025,2.26383,0,
0.0000,0.0025,2.26400,0,
0.0000,0.0025,2.26417,0,
0.0000,0.0025,2.26433,0,
0.0000,0.0025,2.26450,0,
0.0000,0.0025,2.26467,0,
0.0000,0.0025,2.26483,0,
0.0000,0.0025,2.26500,0,
0.0000,0.0025,2.26517,0,
0.0000,0.0025,2.26533,0,
0.0000,0.0025,2.26550,0,
0.0000,0.0025,2.26567,0,
0.0000,0.0025,2.26583,0,
0.0000,0.0025,2.26600,0,
0.0000,0.0025,2.26617,0,
0.0000,0.0025,2.26633,0,
0.0000,0.0025,2.26650,0,
0.0000,0.0025,2.26667,0,
0.0000,0.0025,2.26683,0,
0.0000,0.0025,2.26700,0,
0.0000,0.0025,2.26717,0,
0.0000,0.0025,2.26733,0,
0.0000,0.0025,2.26750,0,
0.0000,0.0025,2.26767,0,
0.0000,0.0025,2.26783,0,
0.0000,0.0025,2.26800,0,
0.0000,0.0025,2.26817,0,
0.0000,0.0025,2.26833,0,
0.0000,0.0025,2.26850,0,
0.0000,0.0025,2.26867,0,
0.0000,0.0025,2.26883,0,
0.0000,0.0025,2.26900,0,
0.0000,0.0025,2.26917,0,
0.0000,0.0025,2.26933,0,
0.0000,0.0025,2.26950,0,
0.0000,0.0025,2.26967,0,
0.0000,0.0025,2.26983,0,
0.0000,0.0025,2.27000,0,
0.0000,0.0025,2.27017,0,
0.0000,0.0025,2.27033,0,
0.0000,0.0025,2.27050,0,
0.0000,0.0025,2.27067,0,
0.0000,0.0025,2.27083,0,
0.0000,0.0025,2.27100,0,
0.0000,0.0025,2.27117,0,
0.0000,0.0025,2.27133,0,
0.0000,0.0025,2.27150,0,
0.0000,0.0025,2.27167,0,
0.0000,0.0025,2.27183,0,
0.0000,0.0025,2.27200,0,
0.0000,0.0025,2.27217,0,
0.0000,0.0025,2.27233,0,
0.0000,0.0025,2.27250,0,
0.0000,0.0025,2.27267,0,
0.0000,0.0025,2.27283,0,
0.0000,0.0025,2.27300,0,
0.0000,0.0025,2.27317,0,
0.0000,0.0025,2.27333,0,
0.0000,0.0025,2.27350,0,
0.0000,0.0025,2.27367,0,
0.0000,0.0025,2.27383,0,
0.0000,0.0025,2.27400,0,
0.0000,0.0025,2.27417,0,
0.0000,0.0025,2.27433,0,
0.0000,0.0025,2.27450,0,
0.0000,0.0025,2.27467,0,
0.0000,0.0025,2.27483,0,
0.0000,0.0025,2.27500,0,
0.0000,0.0025,2.27517,0,
0.0000,0.0025,2.27533,0,
0.0000,0.0025,2.27550,0,
0.0000,0.0025,2.27567,0,
0.0000,0.0025,2.27583,0,
0.0000,0.0025,2.27600,0,
0.0000,0.0025,2.27617,0,
0.0000,0.0025,2.27633,0,
0.0000,0.0025,2.27650,0,
0.0000,0.0025,2.27667,0,
0.0000,0.0025,2.27683,0,
0.0000,0.0025,2.27700,0,
0.0000,0.0025,2.27717,0,
0.0000,0.0025,2.27733,0,
0.0000,0.0025,2.27750,0,
0.0000,0.0025,2.27767,0,
0.0000,0.0025,2.27783,0,
0.0000,0.0025,2.27800,0,
0.0000,0.0025,2.27817,0,
0.0000,0.0025,2.27833,0,
0.0000,0.0025,2.27850,0,
0.0000,0.0025,2.27867,0,
0.0000,0.0025,2.27883,0,
0.0000,0.0025,2.27900,0,
0.0000,0.0025,2.27917,0,
0.0000,0.0025,2.27933,0,
0.0000,0.0025,2.27950,0,
0.0000,0.0025,2.27967,0,
0.0000,0.0025,2.27983,0,
0.0000,0.0025,2.28000,0,
0.0000,0.0025,2.28017,0,
0.0000,0.0025,2.28033,0,
0.0000,0.0025,2.28050,0,
0.0000,0.0025,2.28067,0,
0.0000,0.0025,2.28083,0,
0.0000,0.0025,2.28100,0,
0.0000,0.0025,2.28117,0,
0.0000,0.0025,2.28133,0,
0.0000,0.0025,2.28150,0,
0.0000,0.0025,2.28167,0,
0.0000,0.0025,2.28183,0,
0.0000,0.0025,2.28200,0,
0.0000,0.0025,2.28217,0,
0.0000,0.0025,2.28233,0,
0.0000,0.0025,2.28250,0,
0.0000,0.0025,2.28267,0,
0.0000,0.0025,2.28283,0,
0.0000,0.0025,2.28300,0,
0.0000,0.0025,2.28317,0,
0.0000,0.0025,2.28333,0,
0.0000,0.0025,2.28350,0,
0.0000,0.0025,2.28367,0,
0.0000,0.0025,2.28383,0,
0.0000,0.0025,2.28400,0,
0.0000,0.0025,2.28417,0,
0.0000,0.0025,2.28433,0,
0.0000,0.0025,2.28450,0,
0.0000,0.0025,2.28467,0,
0.0000,0.0025,2.28483,0,
0.0000,0.0025,2.28500,0,
0.0000,0.0025,2.28517,0,
0.0000,0.0025,2.28533,0,
0.0000,0.0025,2.28550,0,
0.0000,0.0025,2.28567,0,
0.0000,0.0025,2.28583,0,
0.0000,0.0025,2.28600,0,
0.0000,0.0025,2.28617,0,
0.0000,0.0025,2.28633,0,
0.0000,0.0025,2.28650,0,
0.0000,0.0025,2.28667,0,
0.0000,0.0025,2.28683,0,
0.0000,0.0025,2.28700,0,
0.0000,0.0025,2.28717,0,
0.0000,0.0025,2.28733,0,
0.0000,0.0025,2.28750,0,
0.0000,0.0025,2.28767,0,
0.0000,0.0025,2.28783,0,
0.0000,0.0025,2.28800,0,
0.0000,0.0025,2.28817,0,
0.0000,0.0025,2.28833,0,
0.0000,0.0025,2.28850,0,
0.0000,0.0025,2.28867,0,
0.0000,0.0025,2.28883,0,
0.0000,0.0025,2.28900,0,
0.0000,0.0025,2.28917,0,
0.0000,0.0025,2.28933,0,
0.0000,0.0025,2.28950,0,
0.0000,0.0025,2.28967,0,
0.0000,0.0025,2.28983,0,
0.0000,0.0025,2.29000,0,
0.0000,0.0025,2.29017,0,
0.0000,0.0025,2.29033,0,
0.0000,0.0025,2.29050,0,
0.0000,0.0025,2.29067,0,
0.0000,0.0025,2.29083,0,
0.0000,0.0025,2.29100,0,
0.0000,0.0025,2.29117,0,
0.0000,0.0025,2.29133,0,
0.0000,0.0025,2.29150,0,
0.0000,0.0025,2.29167,0,
0.0000,0.0025,2.29183,0,
0.0000,0.0025,2.29200,0,
0.0000,0.0025,2.29217,0,
0.0000,0.0025,2.29233,0,
0.0000,0.0025,2.29250,0,
0.0000,0.0025,2.29267,0,
0.0000,0.0025,2.29283,0,
0.0000,0.0025,2.29300,0,
0.0000,0.0025,2.29317,0,
0.0000,0.0025,2.29333,0,
0.0000,0.0025,2.29350,0,
0.0000,0.0025,2.29367,0,
0.0000,0.0025,2.29383,0,
0.0000,0.0025,2.29400,0,
0.0000,0.0025,2.29417,0,
0.0000,0.0025,2.29433,0,
0.0000,0.0025,2.29450,0,
0.0000,0.0025,2.29467,0,
0.0000,0.0025,2.29483,0,
0.0000,0.0025,2.29500,0,
0.0000,0.0025,2.29517,0,
0.0000,0.0025,2.29533,0,
0.0000,0.0025,2.29550,0,
0.0000,0.0025,2.29567,0,
0.0000,0.0025,2.29583,0,
0.0000,0.0025,2.29600,0,
0.0000,0.0025,2.29617,0,
0.0000,0.0025,2.29633,0,
0.0000,0.0025,2.29650,0,
0.0000,0.0025,2.29667,0,
0.0000,0.0025,2.29683,0,
0.0000,0.0025,2.29700,0,
0.0000,0.0025,2.29717,0,
0.0000,0.0025,2.29733,0,
0.0000,0.0025,2.29750,0,
0.0000,0.0025,2.29767,0,
0.0000,0.0025,2.29783,0,
0.0000,0.0025,2.29800,0,
0.0000,0.0025,2.29817,0,
0.0000,0.0025,2.29833,0,
0.0000,0.0025,2.29850,0,
0.0000,0.0025,2.29867,0,
0.0000,0.0025,2.29883,0,
0.0000,0.0025,2.29900,0,
0.0000,0.0025,2.29917,0,
0.0000,0.0025,2.29933,0,
0.0000,0.0025,2.29950,0,
0.0000,0.0025,2.29967,0,
0.0000,0.0025,2.29983,0,
0.0000,0.0025,2.30000,0,
0.0000,0.0025,2.30017,0,
0.0000,0.0025,2.30033,0,
0.0000,0.0025,2.30050,0,
0.0000,0.0025,2.30067,0,
0.0000,0.0025,2.30083,0,
0.0000,0.0025,2.30100,0,
0.0000,0.0025,2.30117,0,
0.0000,0.0025,2.30133,0,
0.0000,0.0025,2.30150,0,
0.0000,0.0025,2.30167,0,
0.0000,0.0025,2.30183,0,
0.0000,0.0025,2.30200,0,
0.0000,0.0025,2.30217,0,
0.0000,0.0025,2.30233,0,
0.0000,0.0025,2.30250,0,
0.0000,0.0025,2.30267,0,
0.0000,0.0025,2.30283,0,
0.0000,0.0025,2.30300,0,
0.0000,0.0025,2.30317,0,
0.0000,0.0025,2.30333,0,
0.0000,0.0025,2.30350,0,
0.0000,0.0025,2.30367,0,
0.0000,0.0025,2.30383,0,
0.0000,0.0025,2.30400,0,
0.0000,0.0025,2.30417,0,
0.0000,0.0025,2.30433,0,
0.0000,0.0025,2.30450,0,
0.0000,0.0025,2.30467,0,
0.0000,0.0025,2.30483,0,
0.0000,0.0025,2.30500,0,
0.0000,0.0025,2.30517,0,
0.0000,0.0025,2.30533,0,
0.0000,0.0025,2.30550,0,
0.0000,0.0025,2.30567,0,
0.0000,0.0025,2.30583,0,
0.0000,0.0025,2.30600,0,
0.0000,0.0025,2.30617,0,
0.0000,0.0025,2.30633,0,
0.0000,0.0025,2.30650,0,
0.0000,0.0025,2.30667,0,
0.0000,0.0025,2.30683,0,
0.0000,0.0025,2.30700,0,
0.0000,0.0025,2.30717,0,
0.0000,0.0025,2.30733,0,
0.0000,0.0025,2.30750,0,
0.0000,0.0025,2.30767,0,
0.0000,0.0025,2.30783,0,
0.0000,0.0025,2.30800,0,
0.0000,0.0025,2.30817,0,
0.0000,0.0025,2.30833,0,
0.0000,0.0025,2.30850,0,
0.0000,0.0025,2.30867,0,
0.0000,0.0025,2.30883,0,
0.0000,0.0025,2.30900,0,
0.0000,0.0025,2.30917,0,
0.0000,0.0025,2.30933,0,
0.0000,0.0025,2.30950,0,
0.0000,0.0025,2.30967,0,
0.0000,0.0025,2.30983,0,
0.0000,0.0025,2.31000,0,
0.0000,0.0025,2.31017,0,
0.0000,0.0025,2.31033,0,
0.0000,0.0025,2.31050,0,
0.0000,0.0025,2.31067,0,
0.0000,0.0025,2.31083,0,
0.0000,0.0025,2.31100,0,
0.0000,0.0025,2.31117,0,
0.0000,0.0025,2.31133,0,
0.0000,0.0025,2.31150,0,
0.0000,0.0025,2.31167,0,
0.0000,0.0025,2.31183,0,
0.0000,0.0025,2.31200,0,
0.0000,0.0025,2.31217,0,
0.0000,0.0025,2.31233,0,
0.0000,0.0025,2.31250,0,
0.0000,0.0025,2.31267,0,
0.0000,0.0025,2.31283,0,
0.0000,0.0025,2.31300,0,
0.0000,0.0025,2.31317,0,
0.0000,0.0025,2.31333,0,
0.0000,0.0025,2.31350,0,
0.0000,0.0025,2.31367,0,
0.0000,0.0025,2.31383,0,
0.0000,0.0025,2.31400,0,
0.0000,0.0025,2.31417,0,
0.0000,0.0025,2.31433,0,
0.0000,0.0025,2.31450,0,
0.0000,0.0025,2.31467,0,
0.0000,0.0025,2.31483,0,
0.0000,0.0025,2.31500,0,
0.0000,0.0025,2.31517,0,
0.0000,0.0025,2.31533,0,
0.0000,0.0025,2.31550,0,
0.0000,0.0025,2.31567,0,
0.0000,0.0025,2.31583,0,
0.0000,0.0025,2.31600,0,
0.0000,0.0025,2.31617,0,
0.0000,0.0025,2.31633,0,
0.0000,0.0025,2.31650,0,
0.0000,0.0025,2.31667,0,
0.0000,0.0025,2.31683,0,
0.0000,0.0025,2.31700,0,
0.0000,0.0025,2.31717,0,
0.0000,0.0025,2.31733,0,
0.0000,0.0025,2.31750,0,
0.0000,0.0025,2.31767,0,
0.0000,0.0025,2.31783,0,
0.0000,0.0025,2.31800,0,
0.0000,0.0025,2.31817,0,
0.0000,0.0025,2.31833,0,
0.0000,0.0025,2.31850,0,
0.0000,0.0025,2.31867,0,
0.0000,0.0025,2.31883,0,
0.0000,0.0025,2.31900,0,
0.0000,0.0025,2.31917,0,
0.0000,0.0025,2.31933,0,
0.0000,0.0025,2.31950,0,
0.0000,0.0025,2.31967,0,
0.0000,0.0025,2.31983,0,
0.0000,0.0025,2.32000,0,
0.0000,0.0025,2.32017,0,
0.0000,0.0025,2.32033,0,
0.0000,0.0025,2.32050,0,
0.0000,0.0025,2.32067,0,
0.0000,0.0025,2.32083,0,
0.0000,0.0025,2.32100,0,
0.0000,0.0025,2.32117,0,
0.0000,0.0025,2.32133,0,
0.0000,0.0025,2.32150,0,
0.0000,0.0025,2.32167,0,
0.0000,0.0025,2.32183,0,
0.0000,0.0025,2.32200,0,
0.0000,0.0025,2.32217,0,
0.0000,0.0025,2.32233,0,
0.0000,0.0025,2.32250,0,
0.0000,0.0025,2.32267,0,
0.0000,0.0025,2.32283,0,
0.0000,0.0025,2.32300,0,
0.0000,0.0025,2.32317,0,
0.0000,0.0025,2.32333,0,
0.0000,0.0025,2.32350,0,
0.0000,0.0025,2.32367,0,
0.0000,0.0025,2.32383,0,
0.0000,0.0025,2.32400,0,
0.0000,0.0025,2.32417,0,
0.0000,0.0025,2.32433,0,
0.0000,0.0025,2.32450,0,
0.0000,0.0025,2.32467,0,
0.0000,0.0025,2.32483,0,
0.0000,0.0025,2.32500,0,
0.0000,0.0025,2.32517,0,
0.0000,0.0025,2.32533,0,
0.0000,0.0025,2.32550,0,
0.0000,0.0025,2.32567,0,
0.0000,0.0025,2.32583,0,
0.0000,0.0025,2.32600,0,
0.0000,0.0025,2.32617,0,
0.0000,0.0025,2.32633,0,
0.0000,0.0025,2.32650,0,
0.0000,0.0025,2.32667,0,
0.0000,0.0025,2.32683,0,
0.0000,0.0025,2.32700,0,
0.0000,0.0025,2.32717,0,
0.0000,0.0025,2.32733,0,
0.0000,0.0025,2.32750,0,
0.0000,0.0025,2.32767,0,
0.0000,0.0025,2.32783,0,
0.0000,0.0025,2.32800,0,
0.0000,0.0025,2.32817,0,
0.0000,0.0025,2.32833,0,
0.0000,0.0025,2.32850,0,
0.0000,0.0025,2.32867,0,
0.0000,0.0025,2.32883,0,
0.0000,0.0025,2.32900,0,
0.0000,0.0025,2.32917,0,
0.0000,0.0025,2.32933,0,
0.0000,0.0025,2.32950,0,
0.0000,0.0025,2.32967,0,
0.0000,0.0025,2.32983,0,
0.0000,0.0025,2.33000,0,
0.0000,0.0025,2.33017,0,
0.0000,0.0025,2.33033,0,
0.0000,0.0025,2.33050,0,
0.0000,0.0025,2.33067,0,
0.0000,0.0025,2.33083,0,
0.0000,0.0025,2.33100,0,
0.0000,0.0025,2.33117,0,
0.0000,0.0025,2.33133,0,
0.0000,0.0025,2.33150,0,
0.0000,0.0025,2.33167,0,
0.0000,0.0025,2.33183,0,
0.0000,0.0025,2.33200,0,
0.0000,0.0025,2.33217,0,
0.0000,0.0025,2.33233,0,
0.0000,0.0025,2.33250,0,
0.0000,0.0025,2.33267,0,
0.0000,0.0025,2.33283,0,
0.0000,0.0025,2.33300,0,
0.0000,0.0025,2.33317,0,
0.0000,0.0025,2.33333,0,
0.0000,0.0025,2.33350,0,
0.0000,0.0025,2.33367,0,
0.0000,0.0025,2.33383,0,
0.0000,0.0025,2.33400,0,
0.0000,0.0025,2.33417,0,
0.0000,0.0025,2.33433,0,
0.0000,0.0025,2.33450,0,
0.0000,0.0025,2.33467,0,
0.0000,0.0025,2.33483,0,
0.0000,0.0025,2.33500,0,
0.0000,0.0025,2.33517,0,
0.0000,0.0025,2.33533,0,
0.0000,0.0025,2.33550,0,
0.0000,0.0025,2.33567,0,
0.0000,0.0025,2.33583,0,
0.0000,0.0025,2.33600,0,
0.0000,0.0025,2.33617,0,
0.0000,0.0025,2.33633,0,
0.0000,0.0025,2.33650,0,
0.0000,0.0025,2.33667,0,
0.0000,0.0025,2.33683,0,
0.0000,0.0025,2.33700,0,
0.0000,0.0025,2.33717,0,
0.0000,0.0025,2.33733,0,
0.0000,0.0025,2.33750,0,
0.0000,0.0025,2.33767,0,
0.0000,0.0025,2.33783,0,
0.0000,0.0025,2.33800,0,
0.0000,0.0025,2.33817,0,
0.0000,0.0025,2.33833,0,
0.0000,0.0025,2.33850,0,
0.0000,0.0025,2.33867,0,
0.0000,0.0025,2.33883,0,
0.0000,0.0025,2.33900,0,
0.0000,0.0025,2.33917,0,
0.0000,0.0025,2.33933,0,
0.0000,0.0025,2.33950,0,
0.0000,0.0025,2.33967,0,
0.0000,0.0025,2.33983,0,
0.0000,0.0025,2.34000,0,
0.0000,0.0025,2.34017,0,
0.0000,0.0025,2.34033,0,
0.0000,0.0025,2.34050,0,
0.0000,0.0025,2.34067,0,
0.0000,0.0025,2.34083,0,
0.0000,0.0025,2.34100,0,
0.0000,0.0025,2.34117,0,
0.0000,0.0025,2.34133,0,
0.0000,0.0025,2.34150,0,
0.0000,0.0025,2.34167,0,
0.0000,0.0025,2.34183,0,
0.0000,0.0025,2.34200,0,
0.0000,0.0025,2.34217,0,
0.0000,0.0025,2.34233,0,
0.0000,0.0025,2.34250,0,
0.0000,0.0025,2.34267,0,
0.0000,0.0025,2.34283,0,
0.0000,0.0025,2.34300,0,
0.0000,0.0025,2.34317,0,
0.0000,0.0025,2.34333,0,
0.0000,0.0025,2.34350,0,
0.0000,0.0025,2.34367,0,
0.0000,0.0025,2.34383,0,
0.0000,0.0025,2.34400,0,
0.0000,0.0025,2.34417,0,
0.0000,0.0025,2.34433,0,
0.0000,0.0025,2.34450,0,
0.0000,0.0025,2.34467,0,
0.0000,0.0025,2.34483,0,
0.0000,0.0025,2.34500,0,
0.0000,0.0025,2.34517,0,
0.0000,0.0025,2.34533,0,
0.0000,0.0025,2.34550,0,
0.0000,0.0025,2.34567,0,
0.0000,0.0025,2.34583,0,
0.0000,0.0025,2.34600,0,
0.0000,0.0025,2.34617,0,
0.0000,0.0025,2.34633,0,
0.0000,0.0025,2.34650,0,
0.0000,0.0025,2.34667,0,
0.0000,0.0025,2.34683,0,
0.0000,0.0025,2.34700,0,
0.0000,0.0025,2.34717,0,
0.0000,0.0025,2.34733,0,
0.0000,0.0025,2.34750,0,
0.0000,0.0025,2.34767,0,
0.0000,0.0025,2.34783,0,
0.0000,0.0025,2.34800,0,
0.0000,0.0025,2.34817,0,
0.0000,0.0025,2.34833,0,
0.0000,0.0025,2.34850,0,
0.0000,0.0025,2.34867,0,
0.0000,0.0025,2.34883,0,
0.0000,0.0025,2.34900,0,
0.0000,0.0025,2.34917,0,
0.0000,0.0025,2.34933,0,
0.0000,0.0025,2.34950,0,
0.0000,0.0025,2.34967,0,
0.0000,0.0025,2.34983,0,
0.0000,0.0025,2.35000,0,
0.0000,0.0025,2.35017,0,
0.0000,0.0025,2.35033,0,
0.0000,0.0025,2.35050,0,
0.0000,0.0025,2.35067,0,
0.0000,0.0025,2.35083,0,
0.0000,0.0025,2.35100,0,
0.0000,0.0025,2.35117,0,
0.0000,0.0025,2.35133,0,
0.0000,0.0025,2.35150,0,
0.0000,0.0025,2.35167,0,
0.0000,0.0025,2.35183,0,
0.0000,0.0025,2.35200,0,
0.0000,0.0025,2.35217,0,
0.0000,0.0025,2.35233,0,
0.0000,0.0025,2.35250,0,
0.0000,0.0025,2.35267,0,
0.0000,0.0025,2.35283,0,
0.0000,0.0025,2.35300,0,
0.0000,0.0025,2.35317,0,
0.0000,0.0025,2.35333,0,
0.0000,0.0025,2.35350,0,
0.0000,0.0025,2.35367,0,
0.0000,0.0025,2.35383,0,
0.0000,0.0025,2.35400,0,
0.0000,0.0025,2.35417,0,
0.0000,0.0025,2.35433,0,
0.0000,0.0025,2.35450,0,
0.0000,0.0025,2.35467,0,
0.0000,0.0025,2.35483,0,
0.0000,0.0025,2.35500,0,
0.0000,0.0025,2.35517,0,
0.0000,0.0025,2.35533,0,
0.0000,0.0025,2.35550,0,
0.0000,0.0025,2.35567,0,
0.0000,0.0025,2.35583,0,
0.0000,0.0025,2.35600,0,
0.0000,0.0025,2.35617,0,
0.0000,0.0025,2.35633,0,
0.0000,0.0025,2.35650,0,
0.0000,0.0025,2.35667,0,
0.0000,0.0025,2.35683,0,
0.0000,0.0025,2.35700,0,
0.0000,0.0025,2.35717,0,
0.0000,0.0025,2.35733,0,
0.0000,0.0025,2.35750,0,
0.0000,0.0025,2.35767,0,
0.0000,0.0025,2.35783,0,
0.0000,0.0025,2.35800,0,
0.0000,0.0025,2.35817,0,
0.0000,0.0025,2.35833,0,
0.0000,0.0025,2.35850,0,
0.0000,0.0025,2.35867,0,
0.0000,0.0025,2.35883,0,
0.0000,0.0025,2.35900,0,
0.0000,0.0025,2.35917,0,
0.0000,0.0025,2.35933,0,
0.0000,0.0025,2.35950,0,
0.0000,0.0025,2.35967,0,
0.0000,0.0025,2.35983,0,
0.0000,0.0025,2.36000,0,
0.0000,0.0025,2.36017,0,
0.0000,0.0025,2.36033,0,
0.0000,0.0025,2.36050,0,
0.0000,0.0025,2.36067,0,
0.0000,0.0025,2.36083,0,
0.0000,0.0025,2.36100,0,
0.0000,0.0025,2.36117,0,
0.0000,0.0025,2.36133,0,
0.0000,0.0025,2.36150,0,
0.0000,0.0025,2.36167,0,
0.0000,0.0025,2.36183,0,
0.0000,0.0025,2.36200,0,
0.0000,0.0025,2.36217,0,
0.0000,0.0025,2.36233,0,
0.0000,0.0025,2.36250,0,
0.0000,0.0025,2.36267,0,
0.0000,0.0025,2.36283,0,
0.0000,0.0025,2.36300,0,
0.0000,0.0025,2.36317,0,
0.0000,0.0025,2.36333,0,
0.0000,0.0025,2.36350,0,
0.0000,0.0025,2.36367,0,
0.0000,0.0025,2.36383,0,
0.0000,0.0025,2.36400,0,
0.0000,0.0025,2.36417,0,
0.0000,0.0025,2.36433,0,
0.0000,0.0025,2.36450,0,
0.0000,0.0025,2.36467,0,
0.0000,0.0025,2.36483,0,
0.0000,0.0025,2.36500,0,
0.0000,0.0025,2.36517,0,
0.0000,0.0025,2.36533,0,
0.0000,0.0025,2.36550,0,
0.0000,0.0025,2.36567,0,
0.0000,0.0025,2.36583,0,
0.0000,0.0025,2.36600,0,
0.0000,0.0025,2.36617,0,
0.0000,0.0025,2.36633,0,
0.0000,0.0025,2.36650,0,
0.0000,0.0025,2.36667,0,
0.0000,0.0025,2.36683,0,
0.0000,0.0025,2.36700,0,
-0.0372,0.0025,2.36717,0,
0.0000,0.0025,2.36733,0,
0.0000,0.0025,2.36750,0,
0.0000,0.0025,2.36767,0,
0.0000,0.0025,2.36783,0,
0.0000,0.0025,2.36800,0,
0.0000,0.0025,2.36817,0,
0.0000,0.0025,2.36833,0,
0.0000,0.0025,2.36850,0,
0.0000,0.0025,2.36867,0,
0.0000,0.0025,2.36883,0,
0.0000,0.0025,2.36900,0,
0.0000,0.0025,2.36917,0,
0.0000,0.0025,2.36933,0,
0.0000,0.0025,2.36950,0,
0.0000,0.0025,2.36967,0,
0.0000,0.0025,2.36983,0,
0.0000,0.0025,2.37000,0,
0.0000,0.0025,2.37017,0,
0.0000,0.0025,2.37033,0,
0.0000,0.0025,2.37050,0,
0.0000,0.0025,2.37067,0,
0.0000,0.0025,2.37083,0,
0.0000,0.0025,2.37100,0,
0.0000,0.0025,2.37117,0,
0.0000,0.0025,2.37133,0,
0.0000,0.0025,2.37150,0,
0.0000,0.0025,2.37167,0,
0.0000,0.0025,2.37183,0,
0.0000,0.0025,2.37200,0,
-0.0372,0.0025,2.37217,0,
0.0000,0.0025,2.37233,0,
0.0000,0.0025,2.37250,0,
0.0000,0.0025,2.37267,0,
0.0000,0.0025,2.37283,0,
0.0000,0.0025,2.37300,0,
0.0000,0.0025,2.37317,0,
0.0000,0.0025,2.37333,0,
0.0000,0.0025,2.37350,0,
0.0000,0.0025,2.37367,0,
0.0000,0.0025,2.37383,0,
0.0000,0.0025,2.37400,0,
0.0000,0.0025,2.37417,0,
0.0000,0.0025,2.37433,0,
0.0000,0.0025,2.37450,0,
0.0000,0.0025,2.37467,0,
0.0000,0.0025,2.37483,0,
0.0000,0.0025,2.37500,0,
0.0000,0.0025,2.37517,0,
0.0000,0.0025,2.37533,0,
0.0000,0.0025,2.37550,0,
0.0000,0.0025,2.37567,0,
0.0000,0.0025,2.37583,0,
0.0000,0.0025,2.37600,0,
0.0000,0.0025,2.37617,0,
0.0000,0.0025,2.37633,0,
0.0000,0.0025,2.37650,0,
0.0000,0.0025,2.37667,0,
0.0000,0.0025,2.37683,0,
0.0000,0.0025,2.37700,0,
0.0000,0.0025,2.37717,0,
0.0000,0.0025,2.37733,0,
0.0000,0.0025,2.37750,0,
0.0000,0.0025,2.37767,0,
0.0000,0.0025,2.37783,0,
0.0000,0.0025,2.37800,0,
0.0000,0.0025,2.37817,0,
0.0000,0.0025,2.37833,0,
0.0000,0.0025,2.37850,0,
0.0000,0.0025,2.37867,0,
0.0000,0.0025,2.37883,0,
0.0000,0.0025,2.37900,0,
0.0000,0.0025,2.37917,0,
0.0000,0.0025,2.37933,0,
0.0000,0.0025,2.37950,0,
0.0000,0.0025,2.37967,0,
0.0000,0.0025,2.37983,0,
0.0000,0.0025,2.38000,0,
0.0000,0.0025,2.38017,0,
0.0000,0.0025,2.38033,0,
0.0000,0.0025,2.38050,0,
0.0000,0.0025,2.38067,0,
0.0000,0.0025,2.38083,0,
0.0000,0.0025,2.38100,0,
0.0000,0.0025,2.38117,0,
0.0000,0.0025,2.38133,0,
0.0000,0.0025,2.38150,0,
0.0000,0.0025,2.38167,0,
0.0000,0.0025,2.38183,0,
0.0000,0.0025,2.38200,0,
0.0000,0.0025,2.38217,0,
0.0000,0.0025,2.38233,0,
0.0000,0.0025,2.38250,0,
0.0000,0.0025,2.38267,0,
0.0000,0.0025,2.38283,0,
0.0000,0.0025,2.38300,0,
0.0000,0.0025,2.38317,0,
0.0000,0.0025,2.38333,0,
0.0000,0.0025,2.38350,0,
0.0000,0.0025,2.38367,0,
0.0000,0.0025,2.38383,0,
0.0000,0.0025,2.38400,0,
0.0000,0.0025,2.38417,0,
0.0000,0.0025,2.38433,0,
0.0000,0.0025,2.38450,0,
0.0000,0.0025,2.38467,0,
0.0000,0.0025,2.38483,0,
0.0000,0.0025,2.38500,0,
0.0000,0.0025,2.38517,0,
0.0000,0.0025,2.38533,0,
0.0000,0.0025,2.38550,0,
0.0000,0.0025,2.38567,0,
0.0000,0.0025,2.38583,0,
0.0000,0.0025,2.38600,0,
0.0000,0.0025,2.38617,0,
0.0000,0.0025,2.38633,0,
0.0000,0.0025,2.38650,0,
0.0000,0.0025,2.38667,0,
0.0000,0.0025,2.38683,0,
0.0000,0.0025,2.38700,0,
0.0000,0.0025,2.38717,0,
0.0000,0.0025,2.38733,0,
0.0000,0.0025,2.38750,0,
0.0000,0.0025,2.38767,0,
0.0000,0.0025,2.38783,0,
0.0000,0.0025,2.38800,0,
0.0000,0.0025,2.38817,0,
0.0000,0.0025,2.38833,0,
0.0000,0.0025,2.38850,0,
0.0000,0.0025,2.38867,0,
0.0000,0.0025,2.38883,0,
0.0000,0.0025,2.38900,0,
0.0000,0.0025,2.38917,0,
0.0000,0.0025,2.38933,0,
0.0000,0.0025,2.38950,0,
0.0000,0.0025,2.38967,0,
0.0000,0.0025,2.38983,0,
0.0000,0.0025,2.39000,0,
0.0000,0.0025,2.39017,0,
0.0000,0.0025,2.39033,0,
0.0000,0.0025,2.39050,0,
0.0000,0.0025,2.39067,0,
0.0000,0.0025,2.39083,0,
0.0000,0.0025,2.39100,0,
0.0000,0.0025,2.39117,0,
0.0000,0.0025,2.39133,0,
0.0000,0.0025,2.39150,0,
0.0000,0.0025,2.39167,0,
0.0000,0.0025,2.39183,0,
0.0000,0.0025,2.39200,0,
0.0000,0.0025,2.39217,0,
0.0000,0.0025,2.39233,0,
0.0000,0.0025,2.39250,0,
0.0000,0.0025,2.39267,0,
0.0000,0.0025,2.39283,0,
0.0000,0.0025,2.39300,0,
0.0000,0.0025,2.39317,0,
0.0000,0.0025,2.39333,0,
0.0000,0.0025,2.39350,0,
0.0000,0.0025,2.39367,0,
0.0000,0.0025,2.39383,0,
0.0000,0.0025,2.39400,0,
0.0000,0.0025,2.39417,0,
0.0000,0.0025,2.39433,0,
0.0000,0.0025,2.39450,0,
0.0000,0.0025,2.39467,0,
0.0000,0.0025,2.39483,0,
0.0000,0.0025,2.39500,0,
0.0000,0.0025,2.39517,0,
0.0000,0.0025,2.39533,0,
0.0000,0.0025,2.39550,0,
0.0000,0.0025,2.39567,0,
0.0000,0.0025,2.39583,0,
0.0000,0.0025,2.39600,0,
0.0000,0.0025,2.39617,0,
0.0000,0.0025,2.39633,0,
0.0000,0.0025,2.39650,0,
0.0000,0.0025,2.39667,0,
0.0000,0.0025,2.39683,0,
0.0000,0.0025,2.39700,0,
0.0000,0.0025,2.39717,0,
0.0000,0.0025,2.39733,0,
0.0000,0.0025,2.39750,0,
0.0000,0.0025,2.39767,0,
0.0000,0.0025,2.39783,0,
0.0000,0.0025,2.39800,0,
0.0000,0.0025,2.39817,0,
0.0000,0.0025,2.39833,0,
0.0000,0.0025,2.39850,0,
0.0000,0.0025,2.39867,0,
0.0000,0.0025,2.39883,0,
0.0000,0.0025,2.39900,0,
0.0000,0.0025,2.39917,0,
0.0000,0.0025,2.39933,0,
0.0000,0.0025,2.39950,0,
0.0000,0.0025,2.39967,0,
0.0000,0.0025,2.39983,0,
0.0000,0.0025,2.40000,0,
0.0000,0.0025,2.40017,0,
0.0000,0.0025,2.40033,0,
0.0000,0.0025,2.40050,0,
0.0000,0.0025,2.40067,0,
0.0000,0.0025,2.40083,0,
0.0000,0.0025,2.40100,0,
0.0000,0.0025,2.40117,0,
0.0000,0.0025,2.40133,0,
0.0000,0.0025,2.40150,0,
0.0000,0.0025,2.40167,0,
0.0000,0.0025,2.40183,0,
0.0000,0.0025,2.40200,0,
0.0000,0.0025,2.40217,0,
0.0000,0.0025,2.40233,0,
0.0000,0.0025,2.40250,0,
0.0000,0.0025,2.40267,0,
0.0000,0.0025,2.40283,0,
0.0000,0.0025,2.40300,0,
0.0000,0.0025,2.40317,0,
0.0000,0.0025,2.40333,0,
0.0000,0.0025,2.40350,0,
0.0000,0.0025,2.40367,0,
0.0000,0.0025,2.40383,0,
0.0000,0.0025,2.40400,0,
0.0000,0.0025,2.40417,0,
0.0000,0.0025,2.40433,0,
0.0000,0.0025,2.40450,0,
0.0000,0.0025,2.40467,0,
0.0000,0.0025,2.40483,0,
0.0000,0.0025,2.40500,0,
0.0000,0.0025,2.40517,0,
0.0000,0.0025,2.40533,0,
0.0000,0.0025,2.40550,0,
0.0000,0.0025,2.40567,0,
0.0000,0.0025,2.40583,0,
0.0000,0.0025,2.40600,0,
0.0000,0.0025,2.40617,0,
0.0000,0.0025,2.40633,0,
0.0000,0.0025,2.40650,0,
0.0000,0.0025,2.40667,0,
0.0000,0.0025,2.40683,0,
0.0000,0.0025,2.40700,0,
0.0000,0.0025,2.40717,0,
0.0000,0.0025,2.40733,0,
0.0000,0.0025,2.40750,0,
0.0000,0.0025,2.40767,0,
0.0000,0.0025,2.40783,0,
0.0000,0.0025,2.40800,0,
0.0000,0.0025,2.40817,0,
0.0000,0.0025,2.40833,0,
0.0000,0.0025,2.40850,0,
0.0000,0.0025,2.40867,0,
0.0000,0.0025,2.40883,0,
0.0000,0.0025,2.40900,0,
0.0000,0.0025,2.40917,0,
0.0000,0.0025,2.40933,0,
0.0000,0.0025,2.40950,0,
0.0000,0.0025,2.40967,0,
0.0000,0.0025,2.40983,0,
0.0000,0.0025,2.41000,0,
0.0000,0.0025,2.41017,0,
0.0000,0.0025,2.41033,0,
0.0000,0.0025,2.41050,0,
0.0000,0.0025,2.41067,0,
0.0000,0.0025,2.41083,0,
0.0000,0.0025,2.41100,0,
0.0000,0.0025,2.41117,0,
0.0000,0.0025,2.41133,0,
0.0000,0.0025,2.41150,0,
0.0000,0.0025,2.41167,0,
0.0000,0.0025,2.41183,0,
0.0000,0.0025,2.41200,0,
0.0000,0.0025,2.41217,0,
0.0000,0.0025,2.41233,0,
0.0000,0.0025,2.41250,0,
0.0000,0.0025,2.41267,0,
0.0000,0.0025,2.41283,0,
0.0000,0.0025,2.41300,0,
0.0000,0.0025,2.41317,0,
0.0000,0.0025,2.41333,0,
0.0000,0.0025,2.41350,0,
0.0000,0.0025,2.41367,0,
0.0000,0.0025,2.41383,0,
0.0000,0.0025,2.41400,0,
0.0000,0.0025,2.41417,0,
0.0000,0.0025,2.41433,0,
0.0000,0.0025,2.41450,0,
0.0000,0.0025,2.41467,0,
0.0000,0.0025,2.41483,0,
0.0000,0.0025,2.41500,0,
0.0000,0.0025,2.41517,0,
0.0000,0.0025,2.41533,0,
0.0000,0.0025,2.41550,0,
0.0000,0.0025,2.41567,0,
0.0000,0.0025,2.41583,0,
0.0000,0.0025,2.41600,0,
0.0000,0.0025,2.41617,0,
0.0000,0.0025,2.41633,0,
0.0000,0.0025,2.41650,0,
0.0000,0.0025,2.41667,0,
0.0000,0.0025,2.41683,0,
0.0000,0.0025,2.41700,0,
0.0000,0.0025,2.41717,0,
0.0000,0.0025,2.41733,0,
0.0000,0.0025,2.41750,0,
0.0000,0.0025,2.41767,0,
0.0000,0.0025,2.41783,0,
0.0000,0.0025,2.41800,0,
0.0000,0.0025,2.41817,0,
0.0000,0.0025,2.41833,0,
0.0000,0.0025,2.41850,0,
0.0000,0.0025,2.41867,0,
0.0000,0.0025,2.41883,0,
0.0000,0.0025,2.41900,0,
0.0000,0.0025,2.41917,0,
0.0000,0.0025,2.41933,0,
0.0000,0.0025,2.41950,0,
0.0000,0.0025,2.41967,0,
0.0000,0.0025,2.41983,0,
0.0000,0.0025,2.42000,0,
0.0000,0.0025,2.42017,0,
0.0000,0.0025,2.42033,0,
0.0000,0.0025,2.42050,0,
0.0000,0.0025,2.42067,0,
0.0000,0.0025,2.42083,0,
0.0000,0.0025,2.42100,0,
0.0000,0.0025,2.42117,0,
0.0000,0.0025,2.42133,0,
0.0000,0.0025,2.42150,0,
0.0000,0.0025,2.42167,0,
0.0000,0.0025,2.42183,0,
0.0000,0.0025,2.42200,0,
0.0000,0.0025,2.42217,0,
0.0000,0.0025,2.42233,0,
0.0000,0.0025,2.42250,0,
0.0000,0.0025,2.42267,0,
0.0000,0.0025,2.42283,0,
0.0000,0.0025,2.42300,0,
0.0000,0.0025,2.42317,0,
0.0000,0.0025,2.42333,0,
0.0000,0.0025,2.42350,0,
0.0000,0.0025,2.42367,0,
0.0000,0.0025,2.42383,0,
0.0000,0.0025,2.42400,0,
0.0000,0.0025,2.42417,0,
0.0000,0.0025,2.42433,0,
0.0000,0.0025,2.42450,0,
0.0000,0.0025,2.42467,0,
0.0000,0.0025,2.42483,0,
0.0000,0.0025,2.42500,0,
0.0000,0.0025,2.42517,0,
0.0000,0.0025,2.42533,0,
0.0000,0.0025,2.42550,0,
0.0000,0.0025,2.42567,0,
0.0000,0.0025,2.42583,0,
0.0000,0.0025,2.42600,0,
0.0000,0.0025,2.42617,0,
0.0000,0.0025,2.42633,0,
0.0000,0.0025,2.42650,0,
0.0000,0.0025,2.42667,0,
0.0000,0.0025,2.42683,0,
0.0000,0.0025,2.42700,0,
0.0000,0.0025,2.42717,0,
0.0000,0.0025,2.42733,0,
0.0000,0.0025,2.42750,0,
0.0000,0.0025,2.42767,0,
0.0000,0.0025,2.42783,0,
0.0000,0.0025,2.42800,0,
0.0000,0.0025,2.42817,0,
0.0000,0.0025,2.42833,0,
0.0000,0.0025,2.42850,0,
0.0000,0.0025,2.42867,0,
0.0000,0.0025,2.42883,0,
0.0000,0.0025,2.42900,0,
0.0000,0.0025,2.42917,0,
0.0000,0.0025,2.42933,0,
0.0000,0.0025,2.42950,0,
0.0000,0.0025,2.42967,0,
0.0000,0.0025,2.42983,0,
0.0000,0.0025,2.43000,0,
0.0000,0.0025,2.43017,0,
0.0000,0.0025,2.43033,0,
0.0000,0.0025,2.43050,0,
0.0000,0.0025,2.43067,0,
0.0000,0.0025,2.43083,0,
0.0000,0.0025,2.43100,0,
0.0000,0.0025,2.43117,0,
0.0000,0.0025,2.43133,0,
0.0000,0.0025,2.43150,0,
0.0000,0.0025,2.43167,0,
0.0000,0.0025,2.43183,0,
0.0000,0.0025,2.43200,0,
0.0000,0.0025,2.43217,0,
0.0000,0.0025,2.43233,0,
0.0000,0.0025,2.43250,0,
0.0000,0.0025,2.43267,0,
0.0000,0.0025,2.43283,0,
0.0000,0.0025,2.43300,0,
0.0000,0.0025,2.43317,0,
0.0000,0.0025,2.43333,0,
0.0000,0.0025,2.43350,0,
0.0000,0.0025,2.43367,0,
0.0000,0.0025,2.43383,0,
0.0000,0.0025,2.43400,0,
0.0000,0.0025,2.43417,0,
0.0000,0.0025,2.43433,0,
0.0000,0.0025,2.43450,0,
0.0000,0.0025,2.43467,0,
0.0000,0.0025,2.43483,0,
0.0000,0.0025,2.43500,0,
0.0000,0.0025,2.43517,0,
0.0000,0.0025,2.43533,0,
0.0000,0.0025,2.43550,0,
0.0000,0.0025,2.43567,0,
0.0000,0.0025,2.43583,0,
0.0000,0.0025,2.43600,0,
0.0000,0.0025,2.43617,0,
0.0000,0.0025,2.43633,0,
0.0000,0.0025,2.43650,0,
0.0000,0.0025,2.43667,0,
0.0000,0.0025,2.43683,0,
0.0000,0.0025,2.43700,0,
0.0000,0.0025,2.43717,0,
0.0000,0.0025,2.43733,0,
0.0000,0.0025,2.43750,0,
0.0000,0.0025,2.43767,0,
0.0000,0.0025,2.43783,0,
0.0000,0.0025,2.43800,0,
0.0000,0.0025,2.43817,0,
0.0000,0.0025,2.43833,0,
0.0000,0.0025,2.43850,0,
0.0000,0.0025,2.43867,0,
0.0000,0.0025,2.43883,0,
0.0000,0.0025,2.43900,0,
0.0000,0.0025,2.43917,0,
0.0000,0.0025,2.43933,0,
0.0000,0.0025,2.43950,0,
0.0000,0.0025,2.43967,0,
0.0000,0.0025,2.43983,0,
0.0000,0.0025,2.44000,0,
0.0000,0.0025,2.44017,0,
0.0000,0.0025,2.44033,0,
0.0000,0.0025,2.44050,0,
0.0000,0.0025,2.44067,0,
0.0000,0.0025,2.44083,0,
0.0000,0.0025,2.44100,0,
0.0000,0.0025,2.44117,0,
0.0000,0.0025,2.44133,0,
0.0000,0.0025,2.44150,0,
0.0000,0.0025,2.44167,0,
0.0000,0.0025,2.44183,0,
0.0000,0.0025,2.44200,0,
0.0000,0.0025,2.44217,0,
0.0000,0.0025,2.44233,0,
0.0000,0.0025,2.44250,0,
0.0000,0.0025,2.44267,0,
0.0000,0.0025,2.44283,0,
0.0000,0.0025,2.44300,0,
0.0000,0.0025,2.44317,0,
0.0000,0.0025,2.44333,0,
0.0000,0.0025,2.44350,0,
0.0000,0.0025,2.44367,0,
0.0000,0.0025,2.44383,0,
0.0000,0.0025,2.44400,0,
0.0000,0.0025,2.44417,0,
0.0000,0.0025,2.44433,0,
0.0000,0.0025,2.44450,0,
0.0000,0.0025,2.44467,0,
0.0000,0.0025,2.44483,0,
0.0000,0.0025,2.44500,0,
0.0000,0.0025,2.44517,0,
0.0000,0.0025,2.44533,0,
0.0000,0.0025,2.44550,0,
0.0000,0.0025,2.44567,0,
0.0000,0.0025,2.44583,0,
0.0000,0.0025,2.44600,0,
0.0000,0.0025,2.44617,0,
0.0000,0.0025,2.44633,0,
0.0000,0.0025,2.44650,0,
0.0000,0.0025,2.44667,0,
0.0000,0.0025,2.44683,0,
0.0000,0.0025,2.44700,0,
0.0000,0.0025,2.44717,0,
0.0000,0.0025,2.44733,0,
0.0000,0.0025,2.44750,0,
0.0000,0.0025,2.44767,0,
0.0000,0.0025,2.44783,0,
0.0000,0.0025,2.44800,0,
0.0000,0.0025,2.44817,0,
0.0000,0.0025,2.44833,0,
0.0000,0.0025,2.44850,0,
0.0000,0.0025,2.44867,0,
0.0000,0.0025,2.44883,0,
0.0000,0.0025,2.44900,0,
0.0000,0.0025,2.44917,0,
0.0000,0.0025,2.44933,0,
0.0000,0.0025,2.44950,0,
0.0000,0.0025,2.44967,0,
0.0000,0.0025,2.44983,0,
0.0000,0.0025,2.45000,0,
0.0000,0.0025,2.45017,0,
0.0000,0.0025,2.45033,0,
0.0000,0.0025,2.45050,0,
0.0000,0.0025,2.45067,0,
0.0000,0.0025,2.45083,0,
0.0000,0.0025,2.45100,0,
0.0000,0.0025,2.45117,0,
0.0000,0.0025,2.45133,0,
0.0000,0.0025,2.45150,0,
0.0000,0.0025,2.45167,0,
0.0000,0.0025,2.45183,0,
0.0000,0.0025,2.45200,0,
0.0000,0.0025,2.45217,0,
0.0000,0.0025,2.45233,0,
0.0000,0.0025,2.45250,0,
0.0000,0.0025,2.45267,0,
0.0000,0.0025,2.45283,0,
0.0000,0.0025,2.45300,0,
0.0000,0.0025,2.45317,0,
0.0000,0.0025,2.45333,0,
0.0000,0.0025,2.45350,0,
0.0000,0.0025,2.45367,0,
0.0000,0.0025,2.45383,0,
0.0000,0.0025,2.45400,0,
0.0000,0.0025,2.45417,0,
0.0000,0.0025,2.45433,0,
0.0000,0.0025,2.45450,0,
0.0000,0.0025,2.45467,0,
0.0000,0.0025,2.45483,0,
0.0000,0.0025,2.45500,0,
0.0000,0.0025,2.45517,0,
0.0000,0.0025,2.45533,0,
0.0000,0.0025,2.45550,0,
0.0000,0.0025,2.45567,0,
0.0000,0.0025,2.45583,0,
0.0000,0.0025,2.45600,0,
0.0000,0.0025,2.45617,0,
0.0000,0.0025,2.45633,0,
0.0000,0.0025,2.45650,0,
0.0000,0.0025,2.45667,0,
0.0000,0.0025,2.45683,0,
0.0000,0.0025,2.45700,0,
0.0000,0.0025,2.45717,0,
0.0000,0.0025,2.45733,0,
0.0000,0.0025,2.45750,0,
0.0000,0.0025,2.45767,0,
0.0000,0.0025,2.45783,0,
0.0000,0.0025,2.45800,0,
0.0000,0.0025,2.45817,0,
0.0000,0.0025,2.45833,0,
0.0000,0.0025,2.45850,0,
0.0000,0.0025,2.45867,0,
0.0000,0.0025,2.45883,0,
0.0000,0.0025,2.45900,0,
0.0000,0.0025,2.45917,0,
0.0000,0.0025,2.45933,0,
0.0000,0.0025,2.45950,0,
0.0000,0.0025,2.45967,0,
0.0000,0.0025,2.45983,0,
0.0000,0.0025,2.46000,0,
0.0000,0.0025,2.46017,0,
0.0000,0.0025,2.46033,0,
0.0000,0.0025,2.46050,0,
0.0000,0.0025,2.46067,0,
0.0000,0.0025,2.46083,0,
0.0000,0.0025,2.46100,0,
0.0000,0.0025,2.46117,0,
0.0000,0.0025,2.46133,0,
0.0000,0.0025,2.46150,0,
0.0000,0.0025,2.46167,0,
0.0000,0.0025,2.46183,0,
0.0000,0.0025,2.46200,0,
0.0000,0.0025,2.46217,0,
0.0000,0.0025,2.46233,0,
0.0000,0.0025,2.46250,0,
0.0000,0.0025,2.46267,0,
0.0000,0.0025,2.46283,0,
0.0000,0.0025,2.46300,0,
0.0000,0.0025,2.46317,0,
0.0000,0.0025,2.46333,0,
0.0000,0.0025,2.46350,0,
0.0000,0.0025,2.46367,0,
0.0000,0.0025,2.46383,0,
0.0000,0.0025,2.46400,0,
0.0000,0.0025,2.46417,0,
0.0000,0.0025,2.46433,0,
0.0000,0.0025,2.46450,0,
0.0000,0.0025,2.46467,0,
0.0000,0.0025,2.46483,0,
0.0000,0.0025,2.46500,0,
0.0000,0.0025,2.46517,0,
0.0000,0.0025,2.46533,0,
0.0000,0.0025,2.46550,0,
0.0000,0.0025,2.46567,0,
0.0000,0.0025,2.46583,0,
0.0000,0.0025,2.46600,0,
0.0000,0.0025,2.46617,0,
0.0000,0.0025,2.46633,0,
0.0000,0.0025,2.46650,0,
0.0000,0.0025,2.46667,0,
0.0000,0.0025,2.46683,0,
0.0000,0.0025,2.46700,0,
0.0000,0.0025,2.46717,0,
0.0000,0.0025,2.46733,0,
0.0000,0.0025,2.46750,0,
0.0000,0.0025,2.46767,0,
0.0000,0.0025,2.46783,0,
0.0000,0.0025,2.46800,0,
0.0000,0.0025,2.46817,0,
0.0000,0.0025,2.46833,0,
0.0000,0.0025,2.46850,0,
0.0000,0.0025,2.46867,0,
0.0000,0.0025,2.46883,0,
0.0000,0.0025,2.46900,0,
0.0000,0.0025,2.46917,0,
0.0000,0.0025,2.46933,0,
0.0000,0.0025,2.46950,0,
0.0000,0.0025,2.46967,0,
0.0000,0.0025,2.46983,0,
0.0000,0.0025,2.47000,0,
0.0000,0.0025,2.47017,0,
0.0000,0.0025,2.47033,0,
0.0000,0.0025,2.47050,0,
0.0000,0.0025,2.47067,0,
0.0000,0.0025,2.47083,0,
0.0000,0.0025,2.47100,0,
0.0000,0.0025,2.47117,0,
0.0000,0.0025,2.47133,0,
0.0000,0.0025,2.47150,0,
0.0000,0.0025,2.47167,0,
0.0000,0.0025,2.47183,0,
0.0000,0.0025,2.47200,0,
0.0000,0.0025,2.47217,0,
0.0000,0.0025,2.47233,0,
0.0000,0.0025,2.47250,0,
0.0000,0.0025,2.47267,0,
0.0000,0.0025,2.47283,0,
0.0000,0.0025,2.47300,0,
0.0000,0.0025,2.47317,0,
0.0000,0.0025,2.47333,0,
0.0000,0.0025,2.47350,0,
0.0000,0.0025,2.47367,0,
0.0000,0.0025,2.47383,0,
0.0000,0.0025,2.47400,0,
0.0000,0.0025,2.47417,0,
0.0000,0.0025,2.47433,0,
0.0000,0.0025,2.47450,0,
0.0000,0.0025,2.47467,0,
0.0000,0.0025,2.47483,0,
0.0000,0.0025,2.47500,0,
0.0000,0.0025,2.47517,0,
0.0000,0.0025,2.47533,0,
0.0000,0.0025,2.47550,0,
0.0000,0.0025,2.47567,0,
0.0000,0.0025,2.47583,0,
0.0000,0.0025,2.47600,0,
0.0000,0.0025,2.47617,0,
0.0000,0.0025,2.47633,0,
0.0000,0.0025,2.47650,0,
0.0000,0.0025,2.47667,0,
0.0000,0.0025,2.47683,0,
0.0000,0.0025,2.47700,0,
0.0000,0.0025,2.47717,0,
0.0000,0.0025,2.47733,0,
0.0000,0.0025,2.47750,0,
0.0000,0.0025,2.47767,0,
0.0000,0.0025,2.47783,0,
0.0000,0.0025,2.47800,0,
0.0000,0.0025,2.47817,0,
0.0000,0.0025,2.47833,0,
0.0000,0.0025,2.47850,0,
0.0000,0.0025,2.47867,0,
0.0000,0.0025,2.47883,0,
0.0000,0.0025,2.47900,0,
0.0000,0.0025,2.47917,0,
0.0000,0.0025,2.47933,0,
0.0000,0.0025,2.47950,0,
0.0000,0.0025,2.47967,0,
0.0000,0.0025,2.47983,0,
0.0000,0.0025,2.48000,0,
0.0000,0.0025,2.48017,0,
0.0000,0.0025,2.48033,0,
0.0000,0.0025,2.48050,0,
0.0000,0.0025,2.48067,0,
0.0000,0.0025,2.48083,0,
0.0000,0.0025,2.48100,0,
0.0000,0.0025,2.48117,0,
0.0000,0.0025,2.48133,0,
0.0000,0.0025,2.48150,0,
0.0000,0.0025,2.48167,0,
0.0000,0.0025,2.48183,0,
0.0000,0.0025,2.48200,0,
0.0000,0.0025,2.48217,0,
0.0000,0.0025,2.48233,0,
0.0000,0.0025,2.48250,0,
0.0000,0.0025,2.48267,0,
0.0000,0.0025,2.48283,0,
0.0000,0.0025,2.48300,0,
0.0000,0.0025,2.48317,0,
0.0000,0.0025,2.48333,0,
0.0000,0.0025,2.48350,0,
0.0000,0.0025,2.48367,0,
0.0000,0.0025,2.48383,0,
0.0000,0.0025,2.48400,0,
0.0000,0.0025,2.48417,0,
0.0000,0.0025,2.48433,0,
0.0000,0.0025,2.48450,0,
0.0000,0.0025,2.48467,0,
0.0000,0.0025,2.48483,0,
0.0000,0.0025,2.48500,0,
0.0000,0.0025,2.48517,0,
0.0000,0.0025,2.48533,0,
0.0000,0.0025,2.48550,0,
0.0000,0.0025,2.48567,0,
0.0000,0.0025,2.48583,0,
0.0000,0.0025,2.48600,0,
0.0000,0.0025,2.48617,0,
0.0000,0.0025,2.48633,0,
0.0000,0.0025,2.48650,0,
0.0000,0.0025,2.48667,0,
0.0000,0.0025,2.48683,0,
0.0000,0.0025,2.48700,0,
0.0000,0.0025,2.48717,0,
0.0000,0.0025,2.48733,0,
0.0000,0.0025,2.48750,0,
0.0000,0.0025,2.48767,0,
0.0000,0.0025,2.48783,0,
0.0000,0.0025,2.48800,0,
0.0000,0.0025,2.48817,0,
0.0000,0.0025,2.48833,0,
0.0000,0.0025,2.48850,0,
0.0000,0.0025,2.48867,0,
0.0000,0.0025,2.48883,0,
0.0000,0.0025,2.48900,0,
0.0000,0.0025,2.48917,0,
0.0000,0.0025,2.48933,0,
0.0000,0.0025,2.48950,0,
0.0000,0.0025,2.48967,0,
0.0000,0.0025,2.48983,0,
0.0000,0.0025,2.49000,0,
0.0000,0.0025,2.49017,0,
0.0000,0.0025,2.49033,0,
0.0000,0.0025,2.49050,0,
0.0000,0.0025,2.49067,0,
0.0000,0.0025,2.49083,0,
0.0000,0.0025,2.49100,0,
0.0000,0.0025,2.49117,0,
0.0000,0.0025,2.49133,0,
0.0000,0.0025,2.49150,0,
0.0000,0.0025,2.49167,0,
0.0000,0.0025,2.49183,0,
0.0000,0.0025,2.49200,0,
0.0000,0.0025,2.49217,0,
0.0000,0.0025,2.49233,0,
0.0000,0.0025,2.49250,0,
0.0000,0.0025,2.49267,0,
0.0000,0.0025,2.49283,0,
0.0000,0.0025,2.49300,0,
0.0000,0.0025,2.49317,0,
0.0000,0.0025,2.49333,0,
0.0000,0.0025,2.49350,0,
0.0000,0.0025,2.49367,0,
0.0000,0.0025,2.49383,0,
0.0000,0.0025,2.49400,0,
0.0000,0.0025,2.49417,0,
0.0000,0.0025,2.49433,0,
0.0000,0.0025,2.49450,0,
0.0000,0.0025,2.49467,0,
0.0000,0.0025,2.49483,0,
0.0000,0.0025,2.49500,0,
0.0000,0.0025,2.49517,0,
0.0000,0.0025,2.49533,0,
0.0000,0.0025,2.49550,0,
0.0000,0.0025,2.49567,0,
0.0000,0.0025,2.49583,0,
0.0000,0.0025,2.49600,0,
0.0000,0.0025,2.49617,0,
0.0000,0.0025,2.49633,0,
0.0000,0.0025,2.49650,0,
0.0000,0.0025,2.49667,0,
0.0000,0.0025,2.49683,0,
0.0000,0.0025,2.49700,0,
0.0000,0.0025,2.49717,0,
0.0000,0.0025,2.49733,0,
0.0000,0.0025,2.49750,0,
0.0000,0.0025,2.49767,0,
0.0000,0.0025,2.49783,0,
0.0000,0.0025,2.49800,0,
0.0000,0.0025,2.49817,0,
0.0000,0.0025,2.49833,0,
0.0000,0.0025,2.49850,0,
0.0000,0.0025,2.49867,0,
0.0000,0.0025,2.49883,0,
0.0000,0.0025,2.49900,0,
0.0000,0.0025,2.49917,0,
0.0000,0.0025,2.49933,0,
0.0000,0.0025,2.49950,0,
0.0000,0.0025,2.49967,0,
0.0000,0.0025,2.49983,0,
0.0000,0.0025,2.50000,0,
0.0000,0.0025,2.50017,0,
0.0000,0.0025,2.50033,0,
0.0000,0.0025,2.50050,0,
0.0000,0.0025,2.50067,0,
0.0000,0.0025,2.50083,0,
0.0000,0.0025,2.50100,0,
0.0000,0.0025,2.50117,0,
0.0000,0.0025,2.50133,0,
0.0000,0.0025,2.50150,0,
0.0000,0.0025,2.50167,0,
0.0000,0.0025,2.50183,0,
0.0000,0.0025,2.50200,0,
0.0000,0.0025,2.50217,0,
0.0000,0.0025,2.50233,0,
0.0000,0.0025,2.50250,0,
0.0000,0.0025,2.50267,0,
0.0000,0.0025,2.50283,0,
0.0000,0.0025,2.50300,0,
0.0000,0.0025,2.50317,0,
0.0000,0.0025,2.50333,0,
0.0000,0.0025,2.50350,0,
0.0000,0.0025,2.50367,0,
0.0000,0.0025,2.50383,0,
0.0000,0.0025,2.50400,0,
0.0000,0.0025,2.50417,0,
0.0000,0.0025,2.50433,0,
0.0000,0.0025,2.50450,0,
0.0000,0.0025,2.50467,0,
0.0000,0.0025,2.50483,0,
0.0000,0.0025,2.50500,0,
0.0000,0.0025,2.50517,0,
0.0000,0.0025,2.50533,0,
0.0000,0.0025,2.50550,0,
0.0000,0.0025,2.50567,0,
0.0000,0.0025,2.50583,0,
0.0000,0.0025,2.50600,0,
0.0000,0.0025,2.50617,0,
0.0000,0.0025,2.50633,0,
0.0000,0.0025,2.50650,0,
0.0000,0.0025,2.50667,0,
0.0000,0.0025,2.50683,0,
0.0000,0.0025,2.50700,0,
0.0000,0.0025,2.50717,0,
0.0000,0.0025,2.50733,0,
0.0000,0.0025,2.50750,0,
0.0000,0.0025,2.50767,0,
0.0000,0.0025,2.50783,0,
0.0000,0.0025,2.50800,0,
0.0000,0.0025,2.50817,0,
0.0000,0.0025,2.50833,0,
0.0000,0.0025,2.50850,0,
0.0000,0.0025,2.50867,0,
0.0000,0.0025,2.50883,0,
0.0000,0.0025,2.50900,0,
0.0000,0.0025,2.50917,0,
0.0000,0.0025,2.50933,0,
0.0000,0.0025,2.50950,0,
0.0000,0.0025,2.50967,0,
0.0000,0.0025,2.50983,0,
0.0000,0.0025,2.51000,0,
0.0000,0.0025,2.51017,0,
0.0000,0.0025,2.51033,0,
0.0000,0.0025,2.51050,0,
0.0000,0.0025,2.51067,0,
0.0000,0.0025,2.51083,0,
0.0000,0.0025,2.51100,0,
0.0000,0.0025,2.51117,0,
0.0000,0.0025,2.51133,0,
0.0000,0.0025,2.51150,0,
0.0000,0.0025,2.51167,0,
0.0000,0.0025,2.51183,0,
0.0000,0.0025,2.51200,0,
0.0000,0.0025,2.51217,0,
0.0000,0.0025,2.51233,0,
0.0000,0.0025,2.51250,0,
0.0000,0.0025,2.51267,0,
0.0000,0.0025,2.51283,0,
0.0000,0.0025,2.51300,0,
0.0000,0.0025,2.51317,0,
0.0000,0.0025,2.51333,0,
0.0000,0.0025,2.51350,0,
0.0000,0.0025,2.51367,0,
0.0000,0.0025,2.51383,0,
0.0000,0.0025,2.51400,0,
0.0000,0.0025,2.51417,0,
0.0000,0.0025,2.51433,0,
0.0000,0.0025,2.51450,0,
0.0000,0.0025,2.51467,0,
0.0000,0.0025,2.51483,0,
0.0000,0.0025,2.51500,0,
0.0000,0.0025,2.51517,0,
0.0000,0.0025,2.51533,0,
0.0000,0.0025,2.51550,0,
0.0000,0.0025,2.51567,0,
0.0000,0.0025,2.51583,0,
0.0000,0.0025,2.51600,0,
0.0000,0.0025,2.51617,0,
0.0000,0.0025,2.51633,0,
0.0000,0.0025,2.51650,0,
0.0000,0.0025,2.51667,0,
0.0000,0.0025,2.51683,0,
0.0000,0.0025,2.51700,0,
0.0000,0.0025,2.51717,0,
0.0000,0.0025,2.51733,0,
0.0000,0.0025,2.51750,0,
0.0000,0.0025,2.51767,0,
0.0000,0.0025,2.51783,0,
0.0000,0.0025,2.51800,0,
0.0000,0.0025,2.51817,0,
0.0000,0.0025,2.51833,0,
0.0000,0.0025,2.51850,0,
0.0000,0.0025,2.51867,0,
0.0000,0.0025,2.51883,0,
0.0000,0.0025,2.51900,0,
0.0000,0.0025,2.51917,0,
0.0000,0.0025,2.51933,0,
0.0000,0.0025,2.51950,0,
0.0000,0.0025,2.51967,0,
0.0000,0.0025,2.51983,0,
0.0000,0.0025,2.52000,0,
0.0000,0.0025,2.52017,0,
0.0000,0.0025,2.52033,0,
0.0000,0.0025,2.52050,0,
0.0000,0.0025,2.52067,0,
0.0000,0.0025,2.52083,0,
0.0000,0.0025,2.52100,0,
0.0000,0.0025,2.52117,0,
0.0000,0.0025,2.52133,0,
0.0000,0.0025,2.52150,0,
0.0000,0.0025,2.52167,0,
0.0000,0.0025,2.52183,0,
0.0000,0.0025,2.52200,0,
0.0000,0.0025,2.52217,0,
0.0000,0.0025,2.52233,0,
0.0000,0.0025,2.52250,0,
0.0000,0.0025,2.52267,0,
0.0000,0.0025,2.52283,0,
0.0000,0.0025,2.52300,0,
0.0000,0.0025,2.52317,0,
0.0000,0.0025,2.52333,0,
0.0000,0.0025,2.52350,0,
0.0000,0.0025,2.52367,0,
0.0000,0.0025,2.52383,0,
0.0000,0.0025,2.52400,0,
0.0000,0.0025,2.52417,0,
0.0000,0.0025,2.52433,0,
0.0000,0.0025,2.52450,0,
0.0000,0.0025,2.52467,0,
0.0000,0.0025,2.52483,0,
0.0000,0.0025,2.52500,0,
0.0000,0.0025,2.52517,0,
0.0000,0.0025,2.52533,0,
0.0000,0.0025,2.52550,0,
0.0000,0.0025,2.52567,0,
0.0000,0.0025,2.52583,0,
0.0000,0.0025,2.52600,0,
0.0000,0.0025,2.52617,0,
0.0000,0.0025,2.52633,0,
0.0000,0.0025,2.52650,0,
0.0000,0.0025,2.52667,0,
0.0000,0.0025,2.52683,0,
0.0000,0.0025,2.52700,0,
0.0000,0.0025,2.52717,0,
0.0000,0.0025,2.52733,0,
0.0000,0.0025,2.52750,0,
0.0000,0.0025,2.52767,0,
0.0000,0.0025,2.52783,0,
0.0000,0.0025,2.52800,0,
0.0000,0.0025,2.52817,0,
0.0000,0.0025,2.52833,0,
0.0000,0.0025,2.52850,0,
0.0000,0.0025,2.52867,0,
0.0000,0.0025,2.52883,0,
0.0000,0.0025,2.52900,0,
0.0000,0.0025,2.52917,0,
0.0000,0.0025,2.52933,0,
0.0000,0.0025,2.52950,0,
0.0000,0.0025,2.52967,0,
0.0000,0.0025,2.52983,0,
0.0000,0.0025,2.53000,0,
0.0000,0.0025,2.53017,0,
0.0000,0.0025,2.53033,0,
0.0000,0.0025,2.53050,0,
0.0000,0.0025,2.53067,0,
0.0000,0.0025,2.53083,0,
0.0000,0.0025,2.53100,0,
0.0000,0.0025,2.53117,0,
0.0000,0.0025,2.53133,0,
0.0000,0.0025,2.53150,0,
0.0000,0.0025,2.53167,0,
0.0000,0.0025,2.53183,0,
0.0000,0.0025,2.53200,0,
0.0000,0.0025,2.53217,0,
0.0000,0.0025,2.53233,0,
0.0000,0.0025,2.53250,0,
0.0000,0.0025,2.53267,0,
0.0000,0.0025,2.53283,0,
0.0000,0.0025,2.53300,0,
0.0000,0.0025,2.53317,0,
0.0000,0.0025,2.53333,0,
0.0000,0.0025,2.53350,0,
0.0000,0.0025,2.53367,0,
0.0000,0.0025,2.53383,0,
0.0000,0.0025,2.53400,0,
0.0000,0.0025,2.53417,0,
0.0000,0.0025,2.53433,0,
0.0000,0.0025,2.53450,0,
0.0000,0.0025,2.53467,0,
0.0000,0.0025,2.53483,0,
0.0000,0.0025,2.53500,0,
0.0000,0.0025,2.53517,0,
0.0000,0.0025,2.53533,0,
0.0000,0.0025,2.53550,0,
0.0000,0.0025,2.53567,0,
0.0000,0.0025,2.53583,0,
0.0000,0.0025,2.53600,0,
0.0000,0.0025,2.53617,0,
0.0000,0.0025,2.53633,0,
0.0000,0.0025,2.53650,0,
0.0000,0.0025,2.53667,0,
0.0000,0.0025,2.53683,0,
0.0000,0.0025,2.53700,0,
0.0000,0.0025,2.53717,0,
0.0000,0.0025,2.53733,0,
0.0000,0.0025,2.53750,0,
0.0000,0.0025,2.53767,0,
0.0000,0.0025,2.53783,0,
0.0000,0.0025,2.53800,0,
0.0000,0.0025,2.53817,0,
0.0000,0.0025,2.53833,0,
0.0000,0.0025,2.53850,0,
0.0000,0.0025,2.53867,0,
0.0000,0.0025,2.53883,0,
0.0000,0.0025,2.53900,0,
0.0000,0.0025,2.53917,0,
0.0000,0.0025,2.53933,0,
0.0000,0.0025,2.53950,0,
0.0000,0.0025,2.53967,0,
0.0000,0.0025,2.53983,0,
0.0000,0.0025,2.54000,0,
0.0000,0.0025,2.54017,0,
0.0000,0.0025,2.54033,0,
0.0000,0.0025,2.54050,0,
0.0000,0.0025,2.54067,0,
0.0000,0.0025,2.54083,0,
0.0000,0.0025,2.54100,0,
0.0000,0.0025,2.54117,0,
0.0000,0.0025,2.54133,0,
0.0000,0.0025,2.54150,0,
0.0000,0.0025,2.54167,0,
0.0000,0.0025,2.54183,0,
0.0000,0.0025,2.54200,0,
0.0000,0.0025,2.54217,0,
0.0000,0.0025,2.54233,0,
0.0000,0.0025,2.54250,0,
0.0000,0.0025,2.54267,0,
0.0000,0.0025,2.54283,0,
0.0000,0.0025,2.54300,0,
0.0000,0.0025,2.54317,0,
0.0000,0.0025,2.54333,0,
0.0000,0.0025,2.54350,0,
0.0000,0.0025,2.54367,0,
0.0000,0.0025,2.54383,0,
0.0000,0.0025,2.54400,0,
0.0000,0.0025,2.54417,0,
0.0000,0.0025,2.54433,0,
0.0000,0.0025,2.54450,0,
0.0000,0.0025,2.54467,0,
0.0000,0.0025,2.54483,0,
0.0000,0.0025,2.54500,0,
0.0000,0.0025,2.54517,0,
0.0000,0.0025,2.54533,0,
0.0000,0.0025,2.54550,0,
0.0000,0.0025,2.54567,0,
0.0000,0.0025,2.54583,0,
0.0000,0.0025,2.54600,0,
0.0000,0.0025,2.54617,0,
0.0000,0.0025,2.54633,0,
0.0000,0.0025,2.54650,0,
0.0000,0.0025,2.54667,0,
0.0000,0.0025,2.54683,0,
0.0000,0.0025,2.54700,0,
0.0000,0.0025,2.54717,0,
0.0000,0.0025,2.54733,0,
0.0000,0.0025,2.54750,0,
0.0000,0.0025,2.54767,0,
0.0000,0.0025,2.54783,0,
0.0000,0.0025,2.54800,0,
0.0000,0.0025,2.54817,0,
0.0000,0.0025,2.54833,0,
0.0000,0.0025,2.54850,0,
0.0000,0.0025,2.54867,0,
0.0000,0.0025,2.54883,0,
0.0000,0.0025,2.54900,0,
0.0000,0.0025,2.54917,0,
0.0000,0.0025,2.54933,0,
0.0000,0.0025,2.54950,0,
0.0000,0.0025,2.54967,0,
0.0000,0.0025,2.54983,0,
0.0000,0.0025,2.55000,0,
0.0000,0.0025,2.55017,0,
0.0000,0.0025,2.55033,0,
0.0000,0.0025,2.55050,0,
0.0000,0.0025,2.55067,0,
0.0000,0.0025,2.55083,0,
0.0000,0.0025,2.55100,0,
0.0000,0.0025,2.55117,0,
0.0000,0.0025,2.55133,0,
0.0000,0.0025,2.55150,0,
0.0000,0.0025,2.55167,0,
0.0000,0.0025,2.55183,0,
0.0000,0.0025,2.55200,0,
0.0000,0.0025,2.55217,0,
0.0000,0.0025,2.55233,0,
0.0000,0.0025,2.55250,0,
0.0000,0.0025,2.55267,0,
0.0000,0.0025,2.55283,0,
0.0000,0.0025,2.55300,0,
0.0000,0.0025,2.55317,0,
0.0000,0.0025,2.55333,0,
0.0000,0.0025,2.55350,0,
0.0000,0.0025,2.55367,0,
0.0000,0.0025,2.55383,0,
0.0000,0.0025,2.55400,0,
0.0000,0.0025,2.55417,0,
0.0000,0.0025,2.55433,0,
0.0000,0.0025,2.55450,0,
0.0000,0.0025,2.55467,0,
0.0000,0.0025,2.55483,0,
0.0000,0.0025,2.55500,0,
0.0000,0.0025,2.55517,0,
0.0000,0.0025,2.55533,0,
0.0000,0.0025,2.55550,0,
0.0000,0.0025,2.55567,0,
0.0000,0.0025,2.55583,0,
0.0000,0.0025,2.55600,0,
0.0000,0.0025,2.55617,0,
0.0000,0.0025,2.55633,0,
0.0000,0.0025,2.55650,0,
0.0000,0.0025,2.55667,0,
0.0000,0.0025,2.55683,0,
0.0000,0.0025,2.55700,0,
0.0000,0.0025,2.55717,0,
0.0000,0.0025,2.55733,0,
0.0000,0.0025,2.55750,0,
0.0000,0.0025,2.55767,0,
0.0000,0.0025,2.55783,0,
0.0000,0.0025,2.55800,0,
0.0000,0.0025,2.55817,0,
0.0000,0.0025,2.55833,0,
0.0000,0.0025,2.55850,0,
0.0000,0.0025,2.55867,0,
0.0000,0.0025,2.55883,0,
0.0000,0.0025,2.55900,0,
0.0000,0.0025,2.55917,0,
0.0000,0.0025,2.55933,0,
0.0000,0.0025,2.55950,0,
0.0000,0.0025,2.55967,0,
0.0000,0.0025,2.55983,0,
0.0000,0.0025,2.56000,0,
0.0000,0.0025,2.56017,0,
0.0000,0.0025,2.56033,0,
0.0000,0.0025,2.56050,0,
0.0000,0.0025,2.56067,0,
0.0000,0.0025,2.56083,0,
0.0000,0.0025,2.56100,0,
0.0000,0.0025,2.56117,0,
0.0000,0.0025,2.56133,0,
0.0000,0.0025,2.56150,0,
0.0000,0.0025,2.56167,0,
0.0000,0.0025,2.56183,0,
0.0000,0.0025,2.56200,0,
0.0000,0.0025,2.56217,0,
0.0000,0.0025,2.56233,0,
0.0000,0.0025,2.56250,0,
0.0000,0.0025,2.56267,0,
0.0000,0.0025,2.56283,0,
0.0000,0.0025,2.56300,0,
0.0000,0.0025,2.56317,0,
0.0000,0.0025,2.56333,0,
0.0000,0.0025,2.56350,0,
0.0000,0.0025,2.56367,0,
0.0000,0.0025,2.56383,0,
0.0000,0.0025,2.56400,0,
0.0000,0.0025,2.56417,0,
0.0000,0.0025,2.56433,0,
0.0000,0.0025,2.56450,0,
0.0000,0.0025,2.56467,0,
0.0000,0.0025,2.56483,0,
0.0000,0.0025,2.56500,0,
0.0000,0.0025,2.56517,0,
0.0000,0.0025,2.56533,0,
0.0000,0.0025,2.56550,0,
0.0000,0.0025,2.56567,0,
0.0000,0.0025,2.56583,0,
0.0000,0.0025,2.56600,0,
0.0000,0.0025,2.56617,0,
0.0000,0.0025,2.56633,0,
0.0000,0.0025,2.56650,0,
-0.0372,0.0025,2.56667,0,
0.0000,0.0025,2.56683,0,
0.0000,0.0025,2.56700,0,
0.0000,0.0025,2.56717,0,
0.0000,0.0025,2.56733,0,
0.0000,0.0025,2.56750,0,
0.0000,0.0025,2.56767,0,
0.0000,0.0025,2.56783,0,
0.0000,0.0025,2.56800,0,
0.0000,0.0025,2.56817,0,
0.0000,0.0025,2.56833,0,
0.0000,0.0025,2.56850,0,
0.0000,0.0025,2.56867,0,
0.0000,0.0025,2.56883,0,
0.0000,0.0025,2.56900,0,
0.0000,0.0025,2.56917,0,
0.0000,0.0025,2.56933,0,
0.0000,0.0025,2.56950,0,
0.0000,0.0025,2.56967,0,
0.0000,0.0025,2.56983,0,
0.0000,0.0025,2.57000,0,
0.0000,0.0025,2.57017,0,
0.0000,0.0025,2.57033,0,
0.0000,0.0025,2.57050,0,
0.0000,0.0025,2.57067,0,
0.0000,0.0025,2.57083,0,
0.0000,0.0025,2.57100,0,
0.0000,0.0025,2.57117,0,
0.0000,0.0025,2.57133,0,
0.0000,0.0025,2.57150,0,
0.0000,0.0025,2.57167,0,
0.0000,0.0025,2.57183,0,
0.0000,0.0025,2.57200,0,
0.0000,0.0025,2.57217,0,
0.0000,0.0025,2.57233,0,
0.0000,0.0025,2.57250,0,
0.0000,0.0025,2.57267,0,
0.0000,0.0025,2.57283,0,
0.0000,0.0025,2.57300,0,
0.0000,0.0025,2.57317,0,
-0.0372,0.0025,2.57333,0,
0.0000,0.0025,2.57350,0,
0.0000,0.0025,2.57367,0,
0.0000,0.0025,2.57383,0,
0.0000,0.0025,2.57400,0,
0.0000,0.0025,2.57417,0,
0.0000,0.0025,2.57433,0,
0.0000,0.0025,2.57450,0,
0.0000,0.0025,2.57467,0,
0.0000,0.0025,2.57483,0,
0.0000,0.0025,2.57500,0,
0.0000,0.0025,2.57517,0,
0.0000,0.0025,2.57533,0,
0.0000,0.0025,2.57550,0,
0.0000,0.0025,2.57567,0,
0.0000,0.0025,2.57583,0,
0.0000,0.0025,2.57600,0,
0.0000,0.0025,2.57617,0,
0.0000,0.0025,2.57633,0,
0.0000,0.0025,2.57650,0,
0.0000,0.0025,2.57667,0,
0.0000,0.0025,2.57683,0,
0.0000,0.0025,2.57700,0,
0.0000,0.0025,2.57717,0,
0.0000,0.0025,2.57733,0,
0.0000,0.0025,2.57750,0,
0.0000,0.0025,2.57767,0,
0.0000,0.0025,2.57783,0,
0.0000,0.0025,2.57800,0,
0.0000,0.0025,2.57817,0,
0.0000,0.0025,2.57833,0,
0.0000,0.0025,2.57850,0,
0.0000,0.0025,2.57867,0,
0.0000,0.0025,2.57883,0,
0.0000,0.0025,2.57900,0,
0.0000,0.0025,2.57917,0,
0.0000,0.0025,2.57933,0,
0.0000,0.0025,2.57950,0,
0.0000,0.0025,2.57967,0,
0.0000,0.0025,2.57983,0,
0.0000,0.0025,2.58000,0,
0.0000,0.0025,2.58017,0,
0.0000,0.0025,2.58033,0,
0.0000,0.0025,2.58050,0,
0.0000,0.0025,2.58067,0,
0.0000,0.0025,2.58083,0,
0.0000,0.0025,2.58100,0,
0.0000,0.0025,2.58117,0,
0.0000,0.0025,2.58133,0,
0.0000,0.0025,2.58150,0,
0.0000,0.0025,2.58167,0,
0.0000,0.0025,2.58183,0,
0.0000,0.0025,2.58200,0,
0.0000,0.0025,2.58217,0,
0.0000,0.0025,2.58233,0,
0.0000,0.0025,2.58250,0,
0.0000,0.0025,2.58267,0,
0.0000,0.0025,2.58283,0,
0.0000,0.0025,2.58300,0,
0.0000,0.0025,2.58317,0,
0.0000,0.0025,2.58333,0,
0.0000,0.0025,2.58350,0,
0.0000,0.0025,2.58367,0,
0.0000,0.0025,2.58383,0,
0.0000,0.0025,2.58400,0,
0.0000,0.0025,2.58417,0,
0.0000,0.0025,2.58433,0,
0.0000,0.0025,2.58450,0,
0.0000,0.0025,2.58467,0,
0.0000,0.0025,2.58483,0,
0.0000,0.0025,2.58500,0,
0.0000,0.0025,2.58517,0,
0.0000,0.0025,2.58533,0,
0.0000,0.0025,2.58550,0,
0.0000,0.0025,2.58567,0,
0.0000,0.0025,2.58583,0,
0.0000,0.0025,2.58600,0,
0.0000,0.0025,2.58617,0,
0.0000,0.0025,2.58633,0,
0.0000,0.0025,2.58650,0,
0.0000,0.0025,2.58667,0,
0.0000,0.0025,2.58683,0,
0.0000,0.0025,2.58700,0,
0.0000,0.0025,2.58717,0,
0.0000,0.0025,2.58733,0,
0.0000,0.0025,2.58750,0,
0.0000,0.0025,2.58767,0,
0.0000,0.0025,2.58783,0,
0.0000,0.0025,2.58800,0,
0.0000,0.0025,2.58817,0,
0.0000,0.0025,2.58833,0,
0.0000,0.0025,2.58850,0,
0.0000,0.0025,2.58867,0,
0.0000,0.0025,2.58883,0,
0.0000,0.0025,2.58900,0,
0.0000,0.0025,2.58917,0,
0.0000,0.0025,2.58933,0,
0.0000,0.0025,2.58950,0,
0.0000,0.0025,2.58967,0,
0.0000,0.0025,2.58983,0,
0.0000,0.0025,2.59000,0,
0.0000,0.0025,2.59017,0,
0.0000,0.0025,2.59033,0,
0.0000,0.0025,2.59050,0,
0.0000,0.0025,2.59067,0,
0.0000,0.0025,2.59083,0,
0.0000,0.0025,2.59100,0,
0.0000,0.0025,2.59117,0,
0.0000,0.0025,2.59133,0,
0.0000,0.0025,2.59150,0,
0.0000,0.0025,2.59167,0,
0.0000,0.0025,2.59183,0,
0.0000,0.0025,2.59200,0,
0.0000,0.0025,2.59217,0,
0.0000,0.0025,2.59233,0,
0.0000,0.0025,2.59250,0,
0.0000,0.0025,2.59267,0,
0.0000,0.0025,2.59283,0,
0.0000,0.0025,2.59300,0,
0.0000,0.0025,2.59317,0,
0.0000,0.0025,2.59333,0,
0.0000,0.0025,2.59350,0,
0.0000,0.0025,2.59367,0,
0.0000,0.0025,2.59383,0,
0.0000,0.0025,2.59400,0,
0.0000,0.0025,2.59417,0,
0.0000,0.0025,2.59433,0,
0.0000,0.0025,2.59450,0,
0.0000,0.0025,2.59467,0,
0.0000,0.0025,2.59483,0,
0.0000,0.0025,2.59500,0,
0.0000,0.0025,2.59517,0,
0.0000,0.0025,2.59533,0,
0.0000,0.0025,2.59550,0,
-0.0372,0.0025,2.59567,0,
0.0000,0.0025,2.59583,0,
0.0000,0.0025,2.59600,0,
0.0000,0.0025,2.59617,0,
0.0000,0.0025,2.59633,0,
0.0000,0.0025,2.59650,0,
0.0000,0.0025,2.59667,0,
0.0000,0.0025,2.59683,0,
0.0000,0.0025,2.59700,0,
0.0000,0.0025,2.59717,0,
0.0000,0.0025,2.59733,0,
0.0000,0.0025,2.59750,0,
0.0000,0.0025,2.59767,0,
0.0000,0.0025,2.59783,0,
0.0000,0.0025,2.59800,0,
0.0000,0.0025,2.59817,0,
0.0000,0.0025,2.59833,0,
0.0000,0.0025,2.59850,0,
0.0000,0.0025,2.59867,0,
0.0000,0.0025,2.59883,0,
0.0000,0.0025,2.59900,0,
0.0000,0.0025,2.59917,0,
0.0000,0.0025,2.59933,0,
0.0000,0.0025,2.59950,0,
0.0000,0.0025,2.59967,0,
0.0000,0.0025,2.59983,0,
0.0000,0.0025,2.60000,0,
0.0000,0.0025,2.60017,0,
0.0000,0.0025,2.60033,0,
0.0000,0.0025,2.60050,0,
0.0000,0.0025,2.60067,0,
0.0000,0.0025,2.60083,0,
0.0000,0.0025,2.60100,0,
0.0000,0.0025,2.60117,0,
0.0000,0.0025,2.60133,0,
0.0000,0.0025,2.60150,0,
0.0000,0.0025,2.60167,0,
0.0000,0.0025,2.60183,0,
0.0000,0.0025,2.60200,0,
0.0000,0.0025,2.60217,0,
0.0000,0.0025,2.60233,0,
0.0000,0.0025,2.60250,0,
0.0000,0.0025,2.60267,0,
0.0000,0.0025,2.60283,0,
0.0000,0.0025,2.60300,0,
0.0000,0.0025,2.60317,0,
0.0000,0.0025,2.60333,0,
0.0000,0.0025,2.60350,0,
0.0000,0.0025,2.60367,0,
0.0000,0.0025,2.60383,0,
0.0000,0.0025,2.60400,0,
0.0000,0.0025,2.60417,0,
0.0000,0.0025,2.60433,0,
0.0000,0.0025,2.60450,0,
0.0000,0.0025,2.60467,0,
0.0000,0.0025,2.60483,0,
0.0000,0.0025,2.60500,0,
0.0000,0.0025,2.60517,0,
0.0000,0.0025,2.60533,0,
0.0000,0.0025,2.60550,0,
0.0000,0.0025,2.60567,0,
0.0000,0.0025,2.60583,0,
0.0000,0.0025,2.60600,0,
0.0000,0.0025,2.60617,0,
0.0000,0.0025,2.60633,0,
0.0000,0.0025,2.60650,0,
0.0000,0.0025,2.60667,0,
0.0000,0.0025,2.60683,0,
0.0000,0.0025,2.60700,0,
0.0000,0.0025,2.60717,0,
0.0000,0.0025,2.60733,0,
0.0000,0.0025,2.60750,0,
0.0000,0.0025,2.60767,0,
0.0000,0.0025,2.60783,0,
0.0000,0.0025,2.60800,0,
0.0000,0.0025,2.60817,0,
0.0000,0.0025,2.60833,0,
0.0000,0.0025,2.60850,0,
0.0000,0.0025,2.60867,0,
0.0000,0.0025,2.60883,0,
0.0000,0.0025,2.60900,0,
0.0000,0.0025,2.60917,0,
0.0000,0.0025,2.60933,0,
0.0000,0.0025,2.60950,0,
0.0000,0.0025,2.60967,0,
0.0000,0.0025,2.60983,0,
0.0000,0.0025,2.61000,0,
0.0000,0.0025,2.61017,0,
0.0000,0.0025,2.61033,0,
0.0000,0.0025,2.61050,0,
0.0000,0.0025,2.61067,0,
0.0000,0.0025,2.61083,0,
0.0000,0.0025,2.61100,0,
0.0000,0.0025,2.61117,0,
0.0000,0.0025,2.61133,0,
0.0000,0.0025,2.61150,0,
0.0000,0.0025,2.61167,0,
0.0000,0.0025,2.61183,0,
0.0000,0.0025,2.61200,0,
0.0000,0.0025,2.61217,0,
0.0000,0.0025,2.61233,0,
0.0000,0.0025,2.61250,0,
0.0000,0.0025,2.61267,0,
0.0000,0.0025,2.61283,0,
0.0000,0.0025,2.61300,0,
0.0000,0.0025,2.61317,0,
0.0000,0.0025,2.61333,0,
0.0000,0.0025,2.61350,0,
0.0000,0.0025,2.61367,0,
0.0000,0.0025,2.61383,0,
0.0000,0.0025,2.61400,0,
0.0000,0.0025,2.61417,0,
0.0000,0.0025,2.61433,0,
0.0000,0.0025,2.61450,0,
0.0000,0.0025,2.61467,0,
0.0000,0.0025,2.61483,0,
0.0000,0.0025,2.61500,0,
0.0000,0.0025,2.61517,0,
0.0000,0.0025,2.61533,0,
0.0000,0.0025,2.61550,0,
0.0000,0.0025,2.61567,0,
0.0000,0.0025,2.61583,0,
0.0000,0.0025,2.61600,0,
0.0000,0.0025,2.61617,0,
0.0000,0.0025,2.61633,0,
0.0000,0.0025,2.61650,0,
0.0000,0.0025,2.61667,0,
0.0000,0.0025,2.61683,0,
0.0000,0.0025,2.61700,0,
0.0000,0.0025,2.61717,0,
0.0000,0.0025,2.61733,0,
0.0000,0.0025,2.61750,0,
0.0000,0.0025,2.61767,0,
0.0000,0.0025,2.61783,0,
0.0000,0.0025,2.61800,0,
0.0000,0.0025,2.61817,0,
0.0000,0.0025,2.61833,0,
0.0000,0.0025,2.61850,0,
0.0000,0.0025,2.61867,0,
0.0000,0.0025,2.61883,0,
0.0000,0.0025,2.61900,0,
0.0000,0.0025,2.61917,0,
0.0000,0.0025,2.61933,0,
0.0000,0.0025,2.61950,0,
0.0000,0.0025,2.61967,0,
0.0000,0.0025,2.61983,0,
0.0000,0.0025,2.62000,0,
0.0000,0.0025,2.62017,0,
0.0000,0.0025,2.62033,0,
0.0000,0.0025,2.62050,0,
0.0000,0.0025,2.62067,0,
0.0000,0.0025,2.62083,0,
0.0000,0.0025,2.62100,0,
0.0000,0.0025,2.62117,0,
0.0000,0.0025,2.62133,0,
0.0000,0.0025,2.62150,0,
0.0000,0.0025,2.62167,0,
0.0000,0.0025,2.62183,0,
0.0000,0.0025,2.62200,0,
-0.0372,0.0025,2.62217,0,
0.0000,0.0025,2.62233,0,
0.0000,0.0025,2.62250,0,
0.0000,0.0025,2.62267,0,
0.0000,0.0025,2.62283,0,
0.0000,0.0025,2.62300,0,
0.0000,0.0025,2.62317,0,
0.0000,0.0025,2.62333,0,
0.0000,0.0025,2.62350,0,
0.0000,0.0025,2.62367,0,
0.0000,0.0025,2.62383,0,
0.0000,0.0025,2.62400,0,
0.0000,0.0025,2.62417,0,
0.0000,0.0025,2.62433,0,
0.0000,0.0025,2.62450,0,
0.0000,0.0025,2.62467,0,
0.0000,0.0025,2.62483,0,
0.0000,0.0025,2.62500,0,
0.0000,0.0025,2.62517,0,
0.0000,0.0025,2.62533,0,
0.0000,0.0025,2.62550,0,
0.0000,0.0025,2.62567,0,
0.0000,0.0025,2.62583,0,
0.0000,0.0025,2.62600,0,
0.0000,0.0025,2.62617,0,
0.0000,0.0025,2.62633,0,
0.0000,0.0025,2.62650,0,
0.0000,0.0025,2.62667,0,
0.0000,0.0025,2.62683,0,
0.0000,0.0025,2.62700,0,
0.0000,0.0025,2.62717,0,
0.0000,0.0025,2.62733,0,
0.0000,0.0025,2.62750,0,
0.0000,0.0025,2.62767,0,
0.0000,0.0025,2.62783,0,
0.0000,0.0025,2.62800,0,
0.0000,0.0025,2.62817,0,
0.0000,0.0025,2.62833,0,
0.0000,0.0025,2.62850,0,
0.0000,0.0025,2.62867,0,
0.0000,0.0025,2.62883,0,
0.0000,0.0025,2.62900,0,
0.0000,0.0025,2.62917,0,
0.0000,0.0025,2.62933,0,
0.0000,0.0025,2.62950,0,
0.0000,0.0025,2.62967,0,
0.0000,0.0025,2.62983,0,
0.0000,0.0025,2.63000,0,
0.0000,0.0025,2.63017,0,
0.0000,0.0025,2.63033,0,
0.0000,0.0025,2.63050,0,
0.0000,0.0025,2.63067,0,
0.0000,0.0025,2.63083,0,
0.0000,0.0025,2.63100,0,
0.0000,0.0025,2.63117,0,
0.0000,0.0025,2.63133,0,
0.0000,0.0025,2.63150,0,
0.0000,0.0025,2.63167,0,
0.0000,0.0025,2.63183,0,
0.0000,0.0025,2.63200,0,
0.0000,0.0025,2.63217,0,
0.0000,0.0025,2.63233,0,
0.0000,0.0025,2.63250,0,
0.0000,0.0025,2.63267,0,
0.0000,0.0025,2.63283,0,
0.0000,0.0025,2.63300,0,
0.0000,0.0025,2.63317,0,
0.0000,0.0025,2.63333,0,
0.0000,0.0025,2.63350,0,
0.0000,0.0025,2.63367,0,
0.0000,0.0025,2.63383,0,
0.0000,0.0025,2.63400,0,
0.0000,0.0025,2.63417,0,
0.0000,0.0025,2.63433,0,
0.0000,0.0025,2.63450,0,
0.0000,0.0025,2.63467,0,
0.0000,0.0025,2.63483,0,
0.0000,0.0025,2.63500,0,
0.0000,0.0025,2.63517,0,
0.0000,0.0025,2.63533,0,
0.0000,0.0025,2.63550,0,
0.0000,0.0025,2.63567,0,
0.0000,0.0025,2.63583,0,
0.0000,0.0025,2.63600,0,
0.0000,0.0025,2.63617,0,
0.0000,0.0025,2.63633,0,
0.0000,0.0025,2.63650,0,
0.0000,0.0025,2.63667,0,
0.0000,0.0025,2.63683,0,
0.0000,0.0025,2.63700,0,
0.0000,0.0025,2.63717,0,
0.0000,0.0025,2.63733,0,
0.0000,0.0025,2.63750,0,
0.0000,0.0025,2.63767,0,
0.0000,0.0025,2.63783,0,
0.0000,0.0025,2.63800,0,
0.0000,0.0025,2.63817,0,
0.0000,0.0025,2.63833,0,
0.0000,0.0025,2.63850,0,
0.0000,0.0025,2.63867,0,
0.0000,0.0025,2.63883,0,
0.0000,0.0025,2.63900,0,
0.0000,0.0025,2.63917,0,
0.0000,0.0025,2.63933,0,
0.0000,0.0025,2.63950,0,
0.0000,0.0025,2.63967,0,
0.0000,0.0025,2.63983,0,
0.0000,0.0025,2.64000,0,
0.0000,0.0025,2.64017,0,
0.0000,0.0025,2.64033,0,
0.0000,0.0025,2.64050,0,
0.0000,0.0025,2.64067,0,
0.0000,0.0025,2.64083,0,
0.0000,0.0025,2.64100,0,
0.0000,0.0025,2.64117,0,
0.0000,0.0025,2.64133,0,
0.0000,0.0025,2.64150,0,
0.0000,0.0025,2.64167,0,
0.0000,0.0025,2.64183,0,
0.0000,0.0025,2.64200,0,
0.0000,0.0025,2.64217,0,
0.0000,0.0025,2.64233,0,
0.0000,0.0025,2.64250,0,
0.0000,0.0025,2.64267,0,
0.0000,0.0025,2.64283,0,
0.0000,0.0025,2.64300,0,
0.0000,0.0025,2.64317,0,
0.0000,0.0025,2.64333,0,
0.0000,0.0025,2.64350,0,
0.0000,0.0025,2.64367,0,
0.0000,0.0025,2.64383,0,
0.0000,0.0025,2.64400,0,
0.0000,0.0025,2.64417,0,
0.0000,0.0025,2.64433,0,
0.0000,0.0025,2.64450,0,
0.0000,0.0025,2.64467,0,
0.0000,0.0025,2.64483,0,
0.0000,0.0025,2.64500,0,
0.0000,0.0025,2.64517,0,
0.0000,0.0025,2.64533,0,
0.0000,0.0025,2.64550,0,
0.0000,0.0025,2.64567,0,
0.0000,0.0025,2.64583,0,
0.0000,0.0025,2.64600,0,
0.0000,0.0025,2.64617,0,
0.0000,0.0025,2.64633,0,
0.0000,0.0025,2.64650,0,
0.0000,0.0025,2.64667,0,
0.0000,0.0025,2.64683,0,
0.0000,0.0025,2.64700,0,
0.0000,0.0025,2.64717,0,
0.0000,0.0025,2.64733,0,
0.0000,0.0025,2.64750,0,
0.0000,0.0025,2.64767,0,
0.0000,0.0025,2.64783,0,
0.0000,0.0025,2.64800,0,
0.0000,0.0025,2.64817,0,
0.0000,0.0025,2.64833,0,
0.0000,0.0025,2.64850,0,
0.0000,0.0025,2.64867,0,
0.0000,0.0025,2.64883,0,
0.0000,0.0025,2.64900,0,
0.0000,0.0025,2.64917,0,
0.0000,0.0025,2.64933,0,
0.0000,0.0025,2.64950,0,
0.0000,0.0025,2.64967,0,
0.0000,0.0025,2.64983,0,
0.0000,0.0025,2.65000,0,
0.0000,0.0025,2.65017,0,
0.0000,0.0025,2.65033,0,
0.0000,0.0025,2.65050,0,
0.0000,0.0025,2.65067,0,
0.0000,0.0025,2.65083,0,
0.0000,0.0025,2.65100,0,
0.0000,0.0025,2.65117,0,
0.0000,0.0025,2.65133,0,
0.0000,0.0025,2.65150,0,
0.0000,0.0025,2.65167,0,
0.0000,0.0025,2.65183,0,
0.0000,0.0025,2.65200,0,
0.0000,0.0025,2.65217,0,
0.0000,0.0025,2.65233,0,
0.0000,0.0025,2.65250,0,
0.0000,0.0025,2.65267,0,
0.0000,0.0025,2.65283,0,
0.0000,0.0025,2.65300,0,
0.0000,0.0025,2.65317,0,
0.0000,0.0025,2.65333,0,
0.0000,0.0025,2.65350,0,
0.0000,0.0025,2.65367,0,
0.0000,0.0025,2.65383,0,
0.0000,0.0025,2.65400,0,
0.0000,0.0025,2.65417,0,
0.0000,0.0025,2.65433,0,
0.0000,0.0025,2.65450,0,
0.0000,0.0025,2.65467,0,
0.0000,0.0025,2.65483,0,
0.0000,0.0025,2.65500,0,
0.0000,0.0025,2.65517,0,
0.0000,0.0025,2.65533,0,
0.0000,0.0025,2.65550,0,
0.0000,0.0025,2.65567,0,
0.0000,0.0025,2.65583,0,
0.0000,0.0025,2.65600,0,
0.0000,0.0025,2.65617,0,
0.0000,0.0025,2.65633,0,
0.0000,0.0025,2.65650,0,
0.0000,0.0025,2.65667,0,
0.0000,0.0025,2.65683,0,
0.0000,0.0025,2.65700,0,
0.0000,0.0025,2.65717,0,
0.0000,0.0025,2.65733,0,
0.0000,0.0025,2.65750,0,
0.0000,0.0025,2.65767,0,
0.0000,0.0025,2.65783,0,
0.0000,0.0025,2.65800,0,
0.0000,0.0025,2.65817,0,
0.0000,0.0025,2.65833,0,
0.0000,0.0025,2.65850,0,
0.0000,0.0025,2.65867,0,
0.0000,0.0025,2.65883,0,
0.0000,0.0025,2.65900,0,
0.0000,0.0025,2.65917,0,
0.0000,0.0025,2.65933,0,
0.0000,0.0025,2.65950,0,
0.0000,0.0025,2.65967,0,
0.0000,0.0025,2.65983,0,
0.0000,0.0025,2.66000,0,
0.0000,0.0025,2.66017,0,
0.0000,0.0025,2.66033,0,
0.0000,0.0025,2.66050,0,
0.0000,0.0025,2.66067,0,
0.0000,0.0025,2.66083,0,
0.0000,0.0025,2.66100,0,
0.0000,0.0025,2.66117,0,
0.0000,0.0025,2.66133,0,
0.0000,0.0025,2.66150,0,
0.0000,0.0025,2.66167,0,
0.0000,0.0025,2.66183,0,
0.0000,0.0025,2.66200,0,
0.0000,0.0025,2.66217,0,
0.0000,0.0025,2.66233,0,
0.0000,0.0025,2.66250,0,
0.0000,0.0025,2.66267,0,
0.0000,0.0025,2.66283,0,
0.0000,0.0025,2.66300,0,
0.0000,0.0025,2.66317,0,
0.0000,0.0025,2.66333,0,
0.0000,0.0025,2.66350,0,
0.0000,0.0025,2.66367,0,
0.0000,0.0025,2.66383,0,
0.0000,0.0025,2.66400,0,
0.0000,0.0025,2.66417,0,
0.0000,0.0025,2.66433,0,
0.0000,0.0025,2.66450,0,
0.0000,0.0025,2.66467,0,
0.0000,0.0025,2.66483,0,
0.0000,0.0025,2.66500,0,
0.0000,0.0025,2.66517,0,
0.0000,0.0025,2.66533,0,
0.0000,0.0025,2.66550,0,
0.0000,0.0025,2.66567,0,
0.0000,0.0025,2.66583,0,
-0.0372,0.0025,2.66600,0,
0.0000,0.0025,2.66617,0,
0.0000,0.0025,2.66633,0,
0.0000,0.0025,2.66650,0,
0.0000,0.0025,2.66667,0,
0.0000,0.0025,2.66683,0,
0.0000,0.0025,2.66700,0,
0.0000,0.0025,2.66717,0,
0.0000,0.0025,2.66733,0,
0.0000,0.0025,2.66750,0,
0.0000,0.0025,2.66767,0,
0.0000,0.0025,2.66783,0,
0.0000,0.0025,2.66800,0,
0.0000,0.0025,2.66817,0,
0.0000,0.0025,2.66833,0,
0.0000,0.0025,2.66850,0,
0.0000,0.0025,2.66867,0,
0.0000,0.0025,2.66883,0,
0.0000,0.0025,2.66900,0,
0.0000,0.0025,2.66917,0,
0.0000,0.0025,2.66933,0,
0.0000,0.0025,2.66950,0,
0.0000,0.0025,2.66967,0,
0.0000,0.0025,2.66983,0,
0.0000,0.0025,2.67000,0,
0.0000,0.0025,2.67017,0,
0.0000,0.0025,2.67033,0,
0.0000,0.0025,2.67050,0,
0.0000,0.0025,2.67067,0,
0.0000,0.0025,2.67083,0,
0.0000,0.0025,2.67100,0,
0.0000,0.0025,2.67117,0,
0.0000,0.0025,2.67133,0,
0.0000,0.0025,2.67150,0,
0.0000,0.0025,2.67167,0,
0.0000,0.0025,2.67183,0,
0.0000,0.0025,2.67200,0,
0.0000,0.0025,2.67217,0,
0.0000,0.0025,2.67233,0,
0.0000,0.0025,2.67250,0,
0.0000,0.0025,2.67267,0,
0.0000,0.0025,2.67283,0,
0.0000,0.0025,2.67300,0,
0.0000,0.0025,2.67317,0,
0.0000,0.0025,2.67333,0,
0.0000,0.0025,2.67350,0,
0.0000,0.0025,2.67367,0,
0.0000,0.0025,2.67383,0,
0.0000,0.0025,2.67400,0,
0.0000,0.0025,2.67417,0,
0.0000,0.0025,2.67433,0,
0.0000,0.0025,2.67450,0,
0.0000,0.0025,2.67467,0,
0.0000,0.0025,2.67483,0,
0.0000,0.0025,2.67500,0,
0.0000,0.0025,2.67517,0,
0.0000,0.0025,2.67533,0,
0.0000,0.0025,2.67550,0,
0.0000,0.0025,2.67567,0,
0.0000,0.0025,2.67583,0,
0.0000,0.0025,2.67600,0,
0.0000,0.0025,2.67617,0,
0.0000,0.0025,2.67633,0,
0.0000,0.0025,2.67650,0,
0.0000,0.0025,2.67667,0,
0.0000,0.0025,2.67683,0,
0.0000,0.0025,2.67700,0,
0.0000,0.0025,2.67717,0,
0.0000,0.0025,2.67733,0,
0.0000,0.0025,2.67750,0,
0.0000,0.0025,2.67767,0,
0.0000,0.0025,2.67783,0,
0.0000,0.0025,2.67800,0,
0.0000,0.0025,2.67817,0,
0.0000,0.0025,2.67833,0,
0.0000,0.0025,2.67850,0,
0.0000,0.0025,2.67867,0,
0.0000,0.0025,2.67883,0,
0.0000,0.0025,2.67900,0,
0.0000,0.0025,2.67917,0,
0.0000,0.0025,2.67933,0,
0.0000,0.0025,2.67950,0,
0.0000,0.0025,2.67967,0,
0.0000,0.0025,2.67983,0,
0.0000,0.0025,2.68000,0,
0.0000,0.0025,2.68017,0,
0.0000,0.0025,2.68033,0,
0.0000,0.0025,2.68050,0,
0.0000,0.0025,2.68067,0,
0.0000,0.0025,2.68083,0,
0.0000,0.0025,2.68100,0,
0.0000,0.0025,2.68117,0,
0.0000,0.0025,2.68133,0,
0.0000,0.0025,2.68150,0,
0.0000,0.0025,2.68167,0,
0.0000,0.0025,2.68183,0,
0.0000,0.0025,2.68200,0,
0.0000,0.0025,2.68217,0,
0.0000,0.0025,2.68233,0,
0.0000,0.0025,2.68250,0,
0.0000,0.0025,2.68267,0,
0.0000,0.0025,2.68283,0,
0.0000,0.0025,2.68300,0,
0.0000,0.0025,2.68317,0,
0.0000,0.0025,2.68333,0,
0.0000,0.0025,2.68350,0,
0.0000,0.0025,2.68367,0,
0.0000,0.0025,2.68383,0,
0.0000,0.0025,2.68400,0,
0.0000,0.0025,2.68417,0,
0.0000,0.0025,2.68433,0,
0.0000,0.0025,2.68450,0,
0.0000,0.0025,2.68467,0,
0.0000,0.0025,2.68483,0,
0.0000,0.0025,2.68500,0,
0.0000,0.0025,2.68517,0,
0.0000,0.0025,2.68533,0,
0.0000,0.0025,2.68550,0,
0.0000,0.0025,2.68567,0,
0.0000,0.0025,2.68583,0,
0.0000,0.0025,2.68600,0,
0.0000,0.0025,2.68617,0,
0.0000,0.0025,2.68633,0,
0.0000,0.0025,2.68650,0,
0.0000,0.0025,2.68667,0,
0.0000,0.0025,2.68683,0,
0.0000,0.0025,2.68700,0,
0.0000,0.0025,2.68717,0,
0.0000,0.0025,2.68733,0,
0.0000,0.0025,2.68750,0,
0.0000,0.0025,2.68767,0,
0.0000,0.0025,2.68783,0,
0.0000,0.0025,2.68800,0,
0.0000,0.0025,2.68817,0,
0.0000,0.0025,2.68833,0,
0.0000,0.0025,2.68850,0,
0.0000,0.0025,2.68867,0,
0.0000,0.0025,2.68883,0,
0.0000,0.0025,2.68900,0,
0.0000,0.0025,2.68917,0,
0.0000,0.0025,2.68933,0,
0.0000,0.0025,2.68950,0,
0.0000,0.0025,2.68967,0,
0.0000,0.0025,2.68983,0,
0.0000,0.0025,2.69000,0,
0.0000,0.0025,2.69017,0,
0.0000,0.0025,2.69033,0,
0.0000,0.0025,2.69050,0,
0.0000,0.0025,2.69067,0,
0.0000,0.0025,2.69083,0,
0.0000,0.0025,2.69100,0,
0.0000,0.0025,2.69117,0,
0.0000,0.0025,2.69133,0,
0.0000,0.0025,2.69150,0,
0.0000,0.0025,2.69167,0,
0.0000,0.0025,2.69183,0,
0.0000,0.0025,2.69200,0,
0.0000,0.0025,2.69217,0,
0.0000,0.0025,2.69233,0,
0.0000,0.0025,2.69250,0,
0.0000,0.0025,2.69267,0,
0.0000,0.0025,2.69283,0,
0.0000,0.0025,2.69300,0,
0.0000,0.0025,2.69317,0,
0.0000,0.0025,2.69333,0,
0.0000,0.0025,2.69350,0,
0.0000,0.0025,2.69367,0,
0.0000,0.0025,2.69383,0,
0.0000,0.0025,2.69400,0,
0.0000,0.0025,2.69417,0,
0.0000,0.0025,2.69433,0,
0.0000,0.0025,2.69450,0,
0.0000,0.0025,2.69467,0,
0.0000,0.0025,2.69483,0,
0.0000,0.0025,2.69500,0,
0.0000,0.0025,2.69517,0,
0.0000,0.0025,2.69533,0,
0.0000,0.0025,2.69550,0,
0.0000,0.0025,2.69567,0,
0.0000,0.0025,2.69583,0,
0.0000,0.0025,2.69600,0,
0.0000,0.0025,2.69617,0,
0.0000,0.0025,2.69633,0,
0.0000,0.0025,2.69650,0,
0.0000,0.0025,2.69667,0,
0.0000,0.0025,2.69683,0,
0.0000,0.0025,2.69700,0,
0.0000,0.0025,2.69717,0,
0.0000,0.0025,2.69733,0,
0.0000,0.0025,2.69750,0,
0.0000,0.0025,2.69767,0,
0.0000,0.0025,2.69783,0,
0.0000,0.0025,2.69800,0,
0.0000,0.0025,2.69817,0,
0.0000,0.0025,2.69833,0,
0.0000,0.0025,2.69850,0,
0.0000,0.0025,2.69867,0,
0.0000,0.0025,2.69883,0,
0.0000,0.0025,2.69900,0,
0.0000,0.0025,2.69917,0,
0.0000,0.0025,2.69933,0,
0.0000,0.0025,2.69950,0,
0.0000,0.0025,2.69967,0,
0.0000,0.0025,2.69983,0,
0.0000,0.0025,2.70000,0,
0.0000,0.0025,2.70017,0,
0.0000,0.0025,2.70033,0,
0.0000,0.0025,2.70050,0,
0.0000,0.0025,2.70067,0,
0.0000,0.0025,2.70083,0,
0.0000,0.0025,2.70100,0,
0.0000,0.0025,2.70117,0,
0.0000,0.0025,2.70133,0,
0.0000,0.0025,2.70150,0,
0.0000,0.0025,2.70167,0,
0.0000,0.0025,2.70183,0,
0.0000,0.0025,2.70200,0,
0.0000,0.0025,2.70217,0,
0.0000,0.0025,2.70233,0,
0.0000,0.0025,2.70250,0,
0.0000,0.0025,2.70267,0,
0.0000,0.0025,2.70283,0,
0.0000,0.0025,2.70300,0,
0.0000,0.0025,2.70317,0,
0.0000,0.0025,2.70333,0,
0.0000,0.0025,2.70350,0,
0.0000,0.0025,2.70367,0,
0.0000,0.0025,2.70383,0,
0.0000,0.0025,2.70400,0,
0.0000,0.0025,2.70417,0,
0.0000,0.0025,2.70433,0,
0.0000,0.0025,2.70450,0,
0.0000,0.0025,2.70467,0,
0.0000,0.0025,2.70483,0,
0.0000,0.0025,2.70500,0,
0.0000,0.0025,2.70517,0,
0.0000,0.0025,2.70533,0,
0.0000,0.0025,2.70550,0,
0.0000,0.0025,2.70567,0,
0.0000,0.0025,2.70583,0,
0.0000,0.0025,2.70600,0,
0.0000,0.0025,2.70617,0,
0.0000,0.0025,2.70633,0,
0.0000,0.0025,2.70650,0,
0.0000,0.0025,2.70667,0,
0.0000,0.0025,2.70683,0,
0.0000,0.0025,2.70700,0,
0.0000,0.0025,2.70717,0,
0.0000,0.0025,2.70733,0,
0.0000,0.0025,2.70750,0,
0.0000,0.0025,2.70767,0,
0.0000,0.0025,2.70783,0,
0.0000,0.0025,2.70800,0,
0.0000,0.0025,2.70817,0,
0.0000,0.0025,2.70833,0,
0.0000,0.0025,2.70850,0,
0.0000,0.0025,2.70867,0,
0.0000,0.0025,2.70883,0,
0.0000,0.0025,2.70900,0,
0.0000,0.0025,2.70917,0,
0.0000,0.0025,2.70933,0,
0.0000,0.0025,2.70950,0,
0.0000,0.0025,2.70967,0,
0.0000,0.0025,2.70983,0,
0.0000,0.0025,2.71000,0,
0.0000,0.0025,2.71017,0,
0.0000,0.0025,2.71033,0,
0.0000,0.0025,2.71050,0,
0.0000,0.0025,2.71067,0,
0.0000,0.0025,2.71083,0,
0.0000,0.0025,2.71100,0,
0.0000,0.0025,2.71117,0,
0.0000,0.0025,2.71133,0,
0.0000,0.0025,2.71150,0,
0.0000,0.0025,2.71167,0,
0.0000,0.0025,2.71183,0,
0.0000,0.0025,2.71200,0,
0.0000,0.0025,2.71217,0,
0.0000,0.0025,2.71233,0,
0.0000,0.0025,2.71250,0,
0.0000,0.0025,2.71267,0,
0.0000,0.0025,2.71283,0,
0.0000,0.0025,2.71300,0,
0.0000,0.0025,2.71317,0,
0.0000,0.0025,2.71333,0,
0.0000,0.0025,2.71350,0,
0.0000,0.0025,2.71367,0,
0.0000,0.0025,2.71383,0,
0.0000,0.0025,2.71400,0,
0.0000,0.0025,2.71417,0,
0.0000,0.0025,2.71433,0,
0.0000,0.0025,2.71450,0,
0.0000,0.0025,2.71467,0,
0.0000,0.0025,2.71483,0,
0.0000,0.0025,2.71500,0,
0.0000,0.0025,2.71517,0,
0.0000,0.0025,2.71533,0,
0.0000,0.0025,2.71550,0,
0.0000,0.0025,2.71567,0,
0.0000,0.0025,2.71583,0,
0.0000,0.0025,2.71600,0,
0.0000,0.0025,2.71617,0,
0.0000,0.0025,2.71633,0,
0.0000,0.0025,2.71650,0,
0.0000,0.0025,2.71667,0,
0.0000,0.0025,2.71683,0,
0.0000,0.0025,2.71700,0,
0.0000,0.0025,2.71717,0,
0.0000,0.0025,2.71733,0,
0.0000,0.0025,2.71750,0,
0.0000,0.0025,2.71767,0,
0.0000,0.0025,2.71783,0,
0.0000,0.0025,2.71800,0,
0.0000,0.0025,2.71817,0,
0.0000,0.0025,2.71833,0,
0.0000,0.0025,2.71850,0,
0.0000,0.0025,2.71867,0,
0.0000,0.0025,2.71883,0,
0.0000,0.0025,2.71900,0,
0.0000,0.0025,2.71917,0,
0.0000,0.0025,2.71933,0,
0.0000,0.0025,2.71950,0,
0.0000,0.0025,2.71967,0,
0.0000,0.0025,2.71983,0,
0.0000,0.0025,2.72000,0,
0.0000,0.0025,2.72017,0,
0.0000,0.0025,2.72033,0,
0.0000,0.0025,2.72050,0,
0.0000,0.0025,2.72067,0,
0.0000,0.0025,2.72083,0,
0.0000,0.0025,2.72100,0,
0.0000,0.0025,2.72117,0,
0.0000,0.0025,2.72133,0,
0.0000,0.0025,2.72150,0,
0.0000,0.0025,2.72167,0,
0.0000,0.0025,2.72183,0,
0.0000,0.0025,2.72200,0,
0.0000,0.0025,2.72217,0,
0.0000,0.0025,2.72233,0,
0.0000,0.0025,2.72250,0,
0.0000,0.0025,2.72267,0,
0.0000,0.0025,2.72283,0,
0.0000,0.0025,2.72300,0,
0.0000,0.0025,2.72317,0,
0.0000,0.0025,2.72333,0,
0.0000,0.0025,2.72350,0,
0.0000,0.0025,2.72367,0,
0.0000,0.0025,2.72383,0,
0.0000,0.0025,2.72400,0,
0.0000,0.0025,2.72417,0,
0.0000,0.0025,2.72433,0,
0.0000,0.0025,2.72450,0,
0.0000,0.0025,2.72467,0,
0.0000,0.0025,2.72483,0,
0.0000,0.0025,2.72500,0,
0.0000,0.0025,2.72517,0,
0.0000,0.0025,2.72533,0,
0.0000,0.0025,2.72550,0,
0.0000,0.0025,2.72567,0,
0.0000,0.0025,2.72583,0,
0.0000,0.0025,2.72600,0,
0.0000,0.0025,2.72617,0,
0.0000,0.0025,2.72633,0,
0.0000,0.0025,2.72650,0,
0.0000,0.0025,2.72667,0,
0.0000,0.0025,2.72683,0,
0.0000,0.0025,2.72700,0,
0.0000,0.0025,2.72717,0,
0.0000,0.0025,2.72733,0,
0.0000,0.0025,2.72750,0,
0.0000,0.0025,2.72767,0,
0.0000,0.0025,2.72783,0,
0.0000,0.0025,2.72800,0,
0.0000,0.0025,2.72817,0,
0.0000,0.0025,2.72833,0,
0.0000,0.0025,2.72850,0,
0.0000,0.0025,2.72867,0,
0.0000,0.0025,2.72883,0,
0.0000,0.0025,2.72900,0,
0.0000,0.0025,2.72917,0,
0.0000,0.0025,2.72933,0,
0.0000,0.0025,2.72950,0,
0.0000,0.0025,2.72967,0,
0.0000,0.0025,2.72983,0,
0.0000,0.0025,2.73000,0,
0.0000,0.0025,2.73017,0,
0.0000,0.0025,2.73033,0,
0.0000,0.0025,2.73050,0,
0.0000,0.0025,2.73067,0,
0.0000,0.0025,2.73083,0,
0.0000,0.0025,2.73100,0,
0.0000,0.0025,2.73117,0,
0.0000,0.0025,2.73133,0,
0.0000,0.0025,2.73150,0,
0.0000,0.0025,2.73167,0,
0.0000,0.0025,2.73183,0,
0.0000,0.0025,2.73200,0,
0.0000,0.0025,2.73217,0,
0.0000,0.0025,2.73233,0,
0.0000,0.0025,2.73250,0,
0.0000,0.0025,2.73267,0,
0.0000,0.0025,2.73283,0,
0.0000,0.0025,2.73300,0,
0.0000,0.0025,2.73317,0,
0.0000,0.0025,2.73333,0,
0.0000,0.0025,2.73350,0,
0.0000,0.0025,2.73367,0,
0.0000,0.0025,2.73383,0,
0.0000,0.0025,2.73400,0,
0.0000,0.0025,2.73417,0,
0.0000,0.0025,2.73433,0,
0.0000,0.0025,2.73450,0,
0.0000,0.0025,2.73467,0,
0.0000,0.0025,2.73483,0,
0.0000,0.0025,2.73500,0,
0.0000,0.0025,2.73517,0,
0.0000,0.0025,2.73533,0,
0.0000,0.0025,2.73550,0,
0.0000,0.0025,2.73567,0,
0.0000,0.0025,2.73583,0,
0.0000,0.0025,2.73600,0,
0.0000,0.0025,2.73617,0,
0.0000,0.0025,2.73633,0,
0.0000,0.0025,2.73650,0,
0.0000,0.0025,2.73667,0,
0.0000,0.0025,2.73683,0,
0.0000,0.0025,2.73700,0,
0.0000,0.0025,2.73717,0,
0.0000,0.0025,2.73733,0,
0.0000,0.0025,2.73750,0,
0.0000,0.0025,2.73767,0,
0.0000,0.0025,2.73783,0,
0.0000,0.0025,2.73800,0,
0.0000,0.0025,2.73817,0,
0.0000,0.0025,2.73833,0,
0.0000,0.0025,2.73850,0,
0.0000,0.0025,2.73867,0,
0.0000,0.0025,2.73883,0,
0.0000,0.0025,2.73900,0,
0.0000,0.0025,2.73917,0,
0.0000,0.0025,2.73933,0,
0.0000,0.0025,2.73950,0,
0.0000,0.0025,2.73967,0,
0.0000,0.0025,2.73983,0,
0.0000,0.0025,2.74000,0,
0.0000,0.0025,2.74017,0,
0.0000,0.0025,2.74033,0,
0.0000,0.0025,2.74050,0,
0.0000,0.0025,2.74067,0,
0.0000,0.0025,2.74083,0,
0.0000,0.0025,2.74100,0,
0.0000,0.0025,2.74117,0,
0.0000,0.0025,2.74133,0,
0.0000,0.0025,2.74150,0,
0.0000,0.0025,2.74167,0,
0.0000,0.0025,2.74183,0,
0.0000,0.0025,2.74200,0,
0.0000,0.0025,2.74217,0,
0.0000,0.0025,2.74233,0,
0.0000,0.0025,2.74250,0,
0.0000,0.0025,2.74267,0,
0.0000,0.0025,2.74283,0,
0.0000,0.0025,2.74300,0,
0.0000,0.0025,2.74317,0,
0.0000,0.0025,2.74333,0,
0.0000,0.0025,2.74350,0,
0.0000,0.0025,2.74367,0,
0.0000,0.0025,2.74383,0,
0.0000,0.0025,2.74400,0,
0.0000,0.0025,2.74417,0,
0.0000,0.0025,2.74433,0,
0.0000,0.0025,2.74450,0,
0.0000,0.0025,2.74467,0,
0.0000,0.0025,2.74483,0,
0.0000,0.0025,2.74500,0,
0.0000,0.0025,2.74517,0,
0.0000,0.0025,2.74533,0,
0.0000,0.0025,2.74550,0,
0.0000,0.0025,2.74567,0,
0.0000,0.0025,2.74583,0,
0.0000,0.0025,2.74600,0,
0.0000,0.0025,2.74617,0,
0.0000,0.0025,2.74633,0,
0.0000,0.0025,2.74650,0,
0.0000,0.0025,2.74667,0,
0.0000,0.0025,2.74683,0,
0.0000,0.0025,2.74700,0,
0.0000,0.0025,2.74717,0,
0.0000,0.0025,2.74733,0,
0.0000,0.0025,2.74750,0,
0.0000,0.0025,2.74767,0,
0.0000,0.0025,2.74783,0,
0.0000,0.0025,2.74800,0,
0.0000,0.0025,2.74817,0,
0.0000,0.0025,2.74833,0,
0.0000,0.0025,2.74850,0,
0.0000,0.0025,2.74867,0,
0.0000,0.0025,2.74883,0,
0.0000,0.0025,2.74900,0,
0.0000,0.0025,2.74917,0,
0.0000,0.0025,2.74933,0,
0.0000,0.0025,2.74950,0,
0.0000,0.0025,2.74967,0,
0.0000,0.0025,2.74983,0,
0.0000,0.0025,2.75000,0,
0.0000,0.0025,2.75017,0,
0.0000,0.0025,2.75033,0,
0.0000,0.0025,2.75050,0,
0.0000,0.0025,2.75067,0,
0.0000,0.0025,2.75083,0,
0.0000,0.0025,2.75100,0,
0.0000,0.0025,2.75117,0,
0.0000,0.0025,2.75133,0,
0.0000,0.0025,2.75150,0,
0.0000,0.0025,2.75167,0,
0.0000,0.0025,2.75183,0,
0.0000,0.0025,2.75200,0,
0.0000,0.0025,2.75217,0,
0.0000,0.0025,2.75233,0,
0.0000,0.0025,2.75250,0,
0.0000,0.0025,2.75267,0,
0.0000,0.0025,2.75283,0,
0.0000,0.0025,2.75300,0,
0.0000,0.0025,2.75317,0,
0.0000,0.0025,2.75333,0,
0.0000,0.0025,2.75350,0,
0.0000,0.0025,2.75367,0,
0.0000,0.0025,2.75383,0,
0.0000,0.0025,2.75400,0,
0.0000,0.0025,2.75417,0,
0.0000,0.0025,2.75433,0,
0.0000,0.0025,2.75450,0,
0.0000,0.0025,2.75467,0,
0.0000,0.0025,2.75483,0,
0.0000,0.0025,2.75500,0,
0.0000,0.0025,2.75517,0,
0.0000,0.0025,2.75533,0,
0.0000,0.0025,2.75550,0,
0.0000,0.0025,2.75567,0,
0.0000,0.0025,2.75583,0,
0.0000,0.0025,2.75600,0,
0.0000,0.0025,2.75617,0,
0.0000,0.0025,2.75633,0,
0.0000,0.0025,2.75650,0,
0.0000,0.0025,2.75667,0,
0.0000,0.0025,2.75683,0,
0.0000,0.0025,2.75700,0,
0.0000,0.0025,2.75717,0,
0.0000,0.0025,2.75733,0,
0.0000,0.0025,2.75750,0,
0.0000,0.0025,2.75767,0,
0.0000,0.0025,2.75783,0,
0.0000,0.0025,2.75800,0,
0.0000,0.0025,2.75817,0,
0.0000,0.0025,2.75833,0,
0.0000,0.0025,2.75850,0,
0.0000,0.0025,2.75867,0,
0.0000,0.0025,2.75883,0,
0.0000,0.0025,2.75900,0,
0.0000,0.0025,2.75917,0,
0.0000,0.0025,2.75933,0,
0.0000,0.0025,2.75950,0,
0.0000,0.0025,2.75967,0,
0.0000,0.0025,2.75983,0,
0.0000,0.0025,2.76000,0,
0.0000,0.0025,2.76017,0,
0.0000,0.0025,2.76033,0,
0.0000,0.0025,2.76050,0,
0.0000,0.0025,2.76067,0,
0.0000,0.0025,2.76083,0,
0.0000,0.0025,2.76100,0,
0.0000,0.0025,2.76117,0,
0.0000,0.0025,2.76133,0,
0.0000,0.0025,2.76150,0,
0.0000,0.0025,2.76167,0,
0.0000,0.0025,2.76183,0,
0.0000,0.0025,2.76200,0,
0.0000,0.0025,2.76217,0,
0.0000,0.0025,2.76233,0,
0.0000,0.0025,2.76250,0,
0.0000,0.0025,2.76267,0,
0.0000,0.0025,2.76283,0,
0.0000,0.0025,2.76300,0,
0.0000,0.0025,2.76317,0,
0.0000,0.0025,2.76333,0,
0.0000,0.0025,2.76350,0,
0.0000,0.0025,2.76367,0,
0.0000,0.0025,2.76383,0,
0.0000,0.0025,2.76400,0,
0.0000,0.0025,2.76417,0,
0.0000,0.0025,2.76433,0,
0.0000,0.0025,2.76450,0,
0.0000,0.0025,2.76467,0,
0.0000,0.0025,2.76483,0,
0.0000,0.0025,2.76500,0,
0.0000,0.0025,2.76517,0,
0.0000,0.0025,2.76533,0,
0.0000,0.0025,2.76550,0,
0.0000,0.0025,2.76567,0,
0.0000,0.0025,2.76583,0,
0.0000,0.0025,2.76600,0,
0.0000,0.0025,2.76617,0,
0.0000,0.0025,2.76633,0,
0.0000,0.0025,2.76650,0,
0.0000,0.0025,2.76667,0,
0.0000,0.0025,2.76683,0,
0.0000,0.0025,2.76700,0,
0.0000,0.0025,2.76717,0,
0.0000,0.0025,2.76733,0,
0.0000,0.0025,2.76750,0,
0.0000,0.0025,2.76767,0,
0.0000,0.0025,2.76783,0,
0.0000,0.0025,2.76800,0,
0.0000,0.0025,2.76817,0,
0.0000,0.0025,2.76833,0,
0.0000,0.0025,2.76850,0,
0.0000,0.0025,2.76867,0,
0.0000,0.0025,2.76883,0,
0.0000,0.0025,2.76900,0,
0.0000,0.0025,2.76917,0,
0.0000,0.0025,2.76933,0,
0.0000,0.0025,2.76950,0,
0.0000,0.0025,2.76967,0,
0.0000,0.0025,2.76983,0,
0.0000,0.0025,2.77000,0,
0.0000,0.0025,2.77017,0,
0.0000,0.0025,2.77033,0,
0.0000,0.0025,2.77050,0,
0.0000,0.0025,2.77067,0,
0.0000,0.0025,2.77083,0,
0.0000,0.0025,2.77100,0,
0.0000,0.0025,2.77117,0,
0.0000,0.0025,2.77133,0,
0.0000,0.0025,2.77150,0,
0.0000,0.0025,2.77167,0,
0.0000,0.0025,2.77183,0,
0.0000,0.0025,2.77200,0,
0.0000,0.0025,2.77217,0,
0.0000,0.0025,2.77233,0,
0.0000,0.0025,2.77250,0,
0.0000,0.0025,2.77267,0,
0.0000,0.0025,2.77283,0,
0.0000,0.0025,2.77300,0,
0.0000,0.0025,2.77317,0,
0.0000,0.0025,2.77333,0,
0.0000,0.0025,2.77350,0,
0.0000,0.0025,2.77367,0,
0.0000,0.0025,2.77383,0,
0.0000,0.0025,2.77400,0,
0.0000,0.0025,2.77417,0,
0.0000,0.0025,2.77433,0,
0.0000,0.0025,2.77450,0,
0.0000,0.0025,2.77467,0,
0.0000,0.0025,2.77483,0,
0.0000,0.0025,2.77500,0,
0.0000,0.0025,2.77517,0,
0.0000,0.0025,2.77533,0,
0.0000,0.0025,2.77550,0,
0.0000,0.0025,2.77567,0,
0.0000,0.0025,2.77583,0,
0.0000,0.0025,2.77600,0,
0.0000,0.0025,2.77617,0,
0.0000,0.0025,2.77633,0,
0.0000,0.0025,2.77650,0,
0.0000,0.0025,2.77667,0,
0.0000,0.0025,2.77683,0,
0.0000,0.0025,2.77700,0,
0.0000,0.0025,2.77717,0,
0.0000,0.0025,2.77733,0,
0.0000,0.0025,2.77750,0,
0.0000,0.0025,2.77767,0,
0.0000,0.0025,2.77783,0,
0.0000,0.0025,2.77800,0,
0.0000,0.0025,2.77817,0,
0.0000,0.0025,2.77833,0,
0.0000,0.0025,2.77850,0,
0.0000,0.0025,2.77867,0,
0.0000,0.0025,2.77883,0,
0.0000,0.0025,2.77900,0,
0.0000,0.0025,2.77917,0,
0.0000,0.0025,2.77933,0,
0.0000,0.0025,2.77950,0,
0.0000,0.0025,2.77967,0,
0.0000,0.0025,2.77983,0,
0.0000,0.0025,2.78000,0,
0.0000,0.0025,2.78017,0,
0.0000,0.0025,2.78033,0,
0.0000,0.0025,2.78050,0,
0.0000,0.0025,2.78067,0,
0.0000,0.0025,2.78083,0,
0.0000,0.0025,2.78100,0,
0.0000,0.0025,2.78117,0,
0.0000,0.0025,2.78133,0,
0.0000,0.0025,2.78150,0,
0.0000,0.0025,2.78167,0,
0.0000,0.0025,2.78183,0,
0.0000,0.0025,2.78200,0,
0.0000,0.0025,2.78217,0,
0.0000,0.0025,2.78233,0,
0.0000,0.0025,2.78250,0,
0.0000,0.0025,2.78267,0,
0.0000,0.0025,2.78283,0,
0.0000,0.0025,2.78300,0,
0.0000,0.0025,2.78317,0,
0.0000,0.0025,2.78333,0,
0.0000,0.0025,2.78350,0,
0.0000,0.0025,2.78367,0,
0.0000,0.0025,2.78383,0,
0.0000,0.0025,2.78400,0,
0.0000,0.0025,2.78417,0,
0.0000,0.0025,2.78433,0,
0.0000,0.0025,2.78450,0,
0.0000,0.0025,2.78467,0,
0.0000,0.0025,2.78483,0,
0.0000,0.0025,2.78500,0,
0.0000,0.0025,2.78517,0,
0.0000,0.0025,2.78533,0,
0.0000,0.0025,2.78550,0,
0.0000,0.0025,2.78567,0,
0.0000,0.0025,2.78583,0,
0.0000,0.0025,2.78600,0,
0.0000,0.0025,2.78617,0,
0.0000,0.0025,2.78633,0,
0.0000,0.0025,2.78650,0,
0.0000,0.0025,2.78667,0,
0.0000,0.0025,2.78683,0,
0.0000,0.0025,2.78700,0,
0.0000,0.0025,2.78717,0,
0.0000,0.0025,2.78733,0,
0.0000,0.0025,2.78750,0,
0.0000,0.0025,2.78767,0,
0.0000,0.0025,2.78783,0,
0.0000,0.0025,2.78800,0,
0.0000,0.0025,2.78817,0,
0.0000,0.0025,2.78833,0,
0.0000,0.0025,2.78850,0,
0.0000,0.0025,2.78867,0,
0.0000,0.0025,2.78883,0,
0.0000,0.0025,2.78900,0,
0.0000,0.0025,2.78917,0,
0.0000,0.0025,2.78933,0,
0.0000,0.0025,2.78950,0,
0.0000,0.0025,2.78967,0,
0.0000,0.0025,2.78983,0,
0.0000,0.0025,2.79000,0,
0.0000,0.0025,2.79017,0,
0.0000,0.0025,2.79033,0,
0.0000,0.0025,2.79050,0,
0.0000,0.0025,2.79067,0,
0.0000,0.0025,2.79083,0,
0.0000,0.0025,2.79100,0,
0.0000,0.0025,2.79117,0,
0.0000,0.0025,2.79133,0,
0.0000,0.0025,2.79150,0,
0.0000,0.0025,2.79167,0,
0.0000,0.0025,2.79183,0,
0.0000,0.0025,2.79200,0,
0.0000,0.0025,2.79217,0,
0.0000,0.0025,2.79233,0,
0.0000,0.0025,2.79250,0,
0.0000,0.0025,2.79267,0,
0.0000,0.0025,2.79283,0,
0.0000,0.0025,2.79300,0,
0.0000,0.0025,2.79317,0,
0.0000,0.0025,2.79333,0,
0.0000,0.0025,2.79350,0,
0.0000,0.0025,2.79367,0,
0.0000,0.0025,2.79383,0,
0.0000,0.0025,2.79400,0,
0.0000,0.0025,2.79417,0,
0.0000,0.0025,2.79433,0,
0.0000,0.0025,2.79450,0,
0.0000,0.0025,2.79467,0,
0.0000,0.0025,2.79483,0,
0.0000,0.0025,2.79500,0,
0.0000,0.0025,2.79517,0,
0.0000,0.0025,2.79533,0,
0.0000,0.0025,2.79550,0,
0.0000,0.0025,2.79567,0,
0.0000,0.0025,2.79583,0,
0.0000,0.0025,2.79600,0,
0.0000,0.0025,2.79617,0,
0.0000,0.0025,2.79633,0,
0.0000,0.0025,2.79650,0,
0.0000,0.0025,2.79667,0,
0.0000,0.0025,2.79683,0,
0.0000,0.0025,2.79700,0,
0.0000,0.0025,2.79717,0,
0.0000,0.0025,2.79733,0,
0.0000,0.0025,2.79750,0,
0.0000,0.0025,2.79767,0,
0.0000,0.0025,2.79783,0,
0.0000,0.0025,2.79800,0,
0.0000,0.0025,2.79817,0,
0.0000,0.0025,2.79833,0,
0.0000,0.0025,2.79850,0,
0.0000,0.0025,2.79867,0,
0.0000,0.0025,2.79883,0,
0.0000,0.0025,2.79900,0,
0.0000,0.0025,2.79917,0,
0.0000,0.0025,2.79933,0,
0.0000,0.0025,2.79950,0,
0.0000,0.0025,2.79967,0,
0.0000,0.0025,2.79983,0,
0.0000,0.0025,2.80000,0,
0.0000,0.0025,2.80017,0,
0.0000,0.0025,2.80033,0,
0.0000,0.0025,2.80050,0,
0.0000,0.0025,2.80067,0,
0.0000,0.0025,2.80083,0,
0.0000,0.0025,2.80100,0,
0.0000,0.0025,2.80117,0,
0.0000,0.0025,2.80133,0,
0.0000,0.0025,2.80150,0,
0.0000,0.0025,2.80167,0,
0.0000,0.0025,2.80183,0,
0.0000,0.0025,2.80200,0,
0.0000,0.0025,2.80217,0,
0.0000,0.0025,2.80233,0,
0.0000,0.0025,2.80250,0,
0.0000,0.0025,2.80267,0,
0.0000,0.0025,2.80283,0,
0.0000,0.0025,2.80300,0,
0.0000,0.0025,2.80317,0,
0.0000,0.0025,2.80333,0,
0.0000,0.0025,2.80350,0,
0.0000,0.0025,2.80367,0,
0.0000,0.0025,2.80383,0,
0.0000,0.0025,2.80400,0,
0.0000,0.0025,2.80417,0,
0.0000,0.0025,2.80433,0,
0.0000,0.0025,2.80450,0,
0.0000,0.0025,2.80467,0,
0.0000,0.0025,2.80483,0,
0.0000,0.0025,2.80500,0,
0.0000,0.0025,2.80517,0,
0.0000,0.0025,2.80533,0,
0.0000,0.0025,2.80550,0,
0.0000,0.0025,2.80567,0,
0.0000,0.0025,2.80583,0,
0.0000,0.0025,2.80600,0,
0.0000,0.0025,2.80617,0,
0.0000,0.0025,2.80633,0,
0.0000,0.0025,2.80650,0,
0.0000,0.0025,2.80667,0,
0.0000,0.0025,2.80683,0,
0.0000,0.0025,2.80700,0,
0.0000,0.0025,2.80717,0,
0.0000,0.0025,2.80733,0,
0.0000,0.0025,2.80750,0,
0.0000,0.0025,2.80767,0,
0.0000,0.0025,2.80783,0,
0.0000,0.0025,2.80800,0,
0.0000,0.0025,2.80817,0,
0.0000,0.0025,2.80833,0,
0.0000,0.0025,2.80850,0,
0.0000,0.0025,2.80867,0,
0.0000,0.0025,2.80883,0,
0.0000,0.0025,2.80900,0,
0.0000,0.0025,2.80917,0,
0.0000,0.0025,2.80933,0,
0.0000,0.0025,2.80950,0,
0.0000,0.0025,2.80967,0,
0.0000,0.0025,2.80983,0,
0.0000,0.0025,2.81000,0,
0.0000,0.0025,2.81017,0,
0.0000,0.0025,2.81033,0,
0.0000,0.0025,2.81050,0,
0.0000,0.0025,2.81067,0,
0.0000,0.0025,2.81083,0,
0.0000,0.0025,2.81100,0,
0.0000,0.0025,2.81117,0,
0.0000,0.0025,2.81133,0,
0.0000,0.0025,2.81150,0,
0.0000,0.0025,2.81167,0,
0.0000,0.0025,2.81183,0,
0.0000,0.0025,2.81200,0,
0.0000,0.0025,2.81217,0,
0.0000,0.0025,2.81233,0,
0.0000,0.0025,2.81250,0,
0.0000,0.0025,2.81267,0,
0.0000,0.0025,2.81283,0,
0.0000,0.0025,2.81300,0,
0.0000,0.0025,2.81317,0,
0.0000,0.0025,2.81333,0,
0.0000,0.0025,2.81350,0,
0.0000,0.0025,2.81367,0,
0.0000,0.0025,2.81383,0,
0.0000,0.0025,2.81400,0,
0.0000,0.0025,2.81417,0,
0.0000,0.0025,2.81433,0,
0.0000,0.0025,2.81450,0,
0.0000,0.0025,2.81467,0,
0.0000,0.0025,2.81483,0,
0.0000,0.0025,2.81500,0,
0.0000,0.0025,2.81517,0,
0.0000,0.0025,2.81533,0,
0.0000,0.0025,2.81550,0,
0.0000,0.0025,2.81567,0,
0.0000,0.0025,2.81583,0,
0.0000,0.0025,2.81600,0,
0.0000,0.0025,2.81617,0,
0.0000,0.0025,2.81633,0,
0.0000,0.0025,2.81650,0,
0.0000,0.0025,2.81667,0,
0.0000,0.0025,2.81683,0,
0.0000,0.0025,2.81700,0,
0.0000,0.0025,2.81717,0,
0.0000,0.0025,2.81733,0,
0.0000,0.0025,2.81750,0,
0.0000,0.0025,2.81767,0,
0.0000,0.0025,2.81783,0,
0.0000,0.0025,2.81800,0,
0.0000,0.0025,2.81817,0,
0.0000,0.0025,2.81833,0,
0.0000,0.0025,2.81850,0,
0.0000,0.0025,2.81867,0,
0.0000,0.0025,2.81883,0,
0.0000,0.0025,2.81900,0,
0.0000,0.0025,2.81917,0,
0.0000,0.0025,2.81933,0,
0.0000,0.0025,2.81950,0,
0.0000,0.0025,2.81967,0,
0.0000,0.0025,2.81983,0,
0.0000,0.0025,2.82000,0,
0.0000,0.0025,2.82017,0,
0.0000,0.0025,2.82033,0,
0.0000,0.0025,2.82050,0,
0.0000,0.0025,2.82067,0,
0.0000,0.0025,2.82083,0,
0.0000,0.0025,2.82100,0,
0.0000,0.0025,2.82117,0,
0.0000,0.0025,2.82133,0,
0.0000,0.0025,2.82150,0,
0.0000,0.0025,2.82167,0,
0.0000,0.0025,2.82183,0,
0.0000,0.0025,2.82200,0,
0.0000,0.0025,2.82217,0,
0.0000,0.0025,2.82233,0,
0.0000,0.0025,2.82250,0,
0.0000,0.0025,2.82267,0,
0.0000,0.0025,2.82283,0,
0.0000,0.0025,2.82300,0,
0.0000,0.0025,2.82317,0,
0.0000,0.0025,2.82333,0,
0.0000,0.0025,2.82350,0,
0.0000,0.0025,2.82367,0,
0.0000,0.0025,2.82383,0,
0.0000,0.0025,2.82400,0,
0.0000,0.0025,2.82417,0,
0.0000,0.0025,2.82433,0,
0.0000,0.0025,2.82450,0,
0.0000,0.0025,2.82467,0,
0.0000,0.0025,2.82483,0,
0.0000,0.0025,2.82500,0,
0.0000,0.0025,2.82517,0,
0.0000,0.0025,2.82533,0,
0.0000,0.0025,2.82550,0,
0.0000,0.0025,2.82567,0,
0.0000,0.0025,2.82583,0,
0.0000,0.0025,2.82600,0,
0.0000,0.0025,2.82617,0,
0.0000,0.0025,2.82633,0,
0.0000,0.0025,2.82650,0,
0.0000,0.0025,2.82667,0,
0.0000,0.0025,2.82683,0,
0.0000,0.0025,2.82700,0,
0.0000,0.0025,2.82717,0,
0.0000,0.0025,2.82733,0,
0.0000,0.0025,2.82750,0,
0.0000,0.0025,2.82767,0,
0.0000,0.0025,2.82783,0,
0.0000,0.0025,2.82800,0,
0.0000,0.0025,2.82817,0,
0.0000,0.0025,2.82833,0,
0.0000,0.0025,2.82850,0,
0.0000,0.0025,2.82867,0,
0.0000,0.0025,2.82883,0,
0.0000,0.0025,2.82900,0,
0.0000,0.0025,2.82917,0,
0.0000,0.0025,2.82933,0,
0.0000,0.0025,2.82950,0,
0.0000,0.0025,2.82967,0,
0.0000,0.0025,2.82983,0,
0.0000,0.0025,2.83000,0,
0.0000,0.0025,2.83017,0,
0.0000,0.0025,2.83033,0,
0.0000,0.0025,2.83050,0,
0.0000,0.0025,2.83067,0,
0.0000,0.0025,2.83083,0,
0.0000,0.0025,2.83100,0,
0.0000,0.0025,2.83117,0,
0.0000,0.0025,2.83133,0,
0.0000,0.0025,2.83150,0,
0.0000,0.0025,2.83167,0,
0.0000,0.0025,2.83183,0,
0.0000,0.0025,2.83200,0,
0.0000,0.0025,2.83217,0,
0.0000,0.0025,2.83233,0,
0.0000,0.0025,2.83250,0,
0.0000,0.0025,2.83267,0,
0.0000,0.0025,2.83283,0,
0.0000,0.0025,2.83300,0,
0.0000,0.0025,2.83317,0,
0.0000,0.0025,2.83333,0,
0.0000,0.0025,2.83350,0,
0.0000,0.0025,2.83367,0,
0.0000,0.0025,2.83383,0,
0.0000,0.0025,2.83400,0,
0.0000,0.0025,2.83417,0,
0.0000,0.0025,2.83433,0,
0.0000,0.0025,2.83450,0,
0.0000,0.0025,2.83467,0,
0.0000,0.0025,2.83483,0,
0.0000,0.0025,2.83500,0,
0.0000,0.0025,2.83517,0,
0.0000,0.0025,2.83533,0,
0.0000,0.0025,2.83550,0,
0.0000,0.0025,2.83567,0,
0.0000,0.0025,2.83583,0,
0.0000,0.0025,2.83600,0,
0.0000,0.0025,2.83617,0,
0.0000,0.0025,2.83633,0,
0.0000,0.0025,2.83650,0,
0.0000,0.0025,2.83667,0,
0.0000,0.0025,2.83683,0,
0.0000,0.0025,2.83700,0,
0.0000,0.0025,2.83717,0,
0.0000,0.0025,2.83733,0,
0.0000,0.0025,2.83750,0,
0.0000,0.0025,2.83767,0,
0.0000,0.0025,2.83783,0,
0.0000,0.0025,2.83800,0,
0.0000,0.0025,2.83817,0,
0.0000,0.0025,2.83833,0,
0.0000,0.0025,2.83850,0,
0.0000,0.0025,2.83867,0,
0.0000,0.0025,2.83883,0,
0.0000,0.0025,2.83900,0,
0.0000,0.0025,2.83917,0,
0.0000,0.0025,2.83933,0,
0.0000,0.0025,2.83950,0,
0.0000,0.0025,2.83967,0,
0.0000,0.0025,2.83983,0,
0.0000,0.0025,2.84000,0,
0.0000,0.0025,2.84017,0,
0.0000,0.0025,2.84033,0,
0.0000,0.0025,2.84050,0,
0.0000,0.0025,2.84067,0,
0.0000,0.0025,2.84083,0,
0.0000,0.0025,2.84100,0,
0.0000,0.0025,2.84117,0,
0.0000,0.0025,2.84133,0,
0.0000,0.0025,2.84150,0,
0.0000,0.0025,2.84167,0,
0.0000,0.0025,2.84183,0,
0.0000,0.0025,2.84200,0,
0.0000,0.0025,2.84217,0,
0.0000,0.0025,2.84233,0,
0.0000,0.0025,2.84250,0,
0.0000,0.0025,2.84267,0,
0.0000,0.0025,2.84283,0,
0.0000,0.0025,2.84300,0,
0.0000,0.0025,2.84317,0,
0.0000,0.0025,2.84333,0,
0.0000,0.0025,2.84350,0,
0.0000,0.0025,2.84367,0,
0.0000,0.0025,2.84383,0,
0.0000,0.0025,2.84400,0,
0.0000,0.0025,2.84417,0,
0.0000,0.0025,2.84433,0,
0.0000,0.0025,2.84450,0,
0.0000,0.0025,2.84467,0,
0.0000,0.0025,2.84483,0,
0.0000,0.0025,2.84500,0,
0.0000,0.0025,2.84517,0,
0.0000,0.0025,2.84533,0,
0.0000,0.0025,2.84550,0,
0.0000,0.0025,2.84567,0,
0.0000,0.0025,2.84583,0,
0.0000,0.0025,2.84600,0,
0.0000,0.0025,2.84617,0,
0.0000,0.0025,2.84633,0,
0.0000,0.0025,2.84650,0,
0.0000,0.0025,2.84667,0,
0.0000,0.0025,2.84683,0,
0.0000,0.0025,2.84700,0,
0.0000,0.0025,2.84717,0,
0.0000,0.0025,2.84733,0,
0.0000,0.0025,2.84750,0,
0.0000,0.0025,2.84767,0,
0.0000,0.0025,2.84783,0,
0.0000,0.0025,2.84800,0,
0.0000,0.0025,2.84817,0,
0.0000,0.0025,2.84833,0,
0.0000,0.0025,2.84850,0,
0.0000,0.0025,2.84867,0,
0.0000,0.0025,2.84883,0,
0.0000,0.0025,2.84900,0,
0.0000,0.0025,2.84917,0,
0.0000,0.0025,2.84933,0,
0.0000,0.0025,2.84950,0,
0.0000,0.0025,2.84967,0,
0.0000,0.0025,2.84983,0,
0.0000,0.0025,2.85000,0,
0.0000,0.0025,2.85017,0,
0.0000,0.0025,2.85033,0,
0.0000,0.0025,2.85050,0,
0.0000,0.0025,2.85067,0,
0.0000,0.0025,2.85083,0,
0.0000,0.0025,2.85100,0,
0.0000,0.0025,2.85117,0,
0.0000,0.0025,2.85133,0,
0.0000,0.0025,2.85150,0,
0.0000,0.0025,2.85167,0,
0.0000,0.0025,2.85183,0,
0.0000,0.0025,2.85200,0,
0.0000,0.0025,2.85217,0,
0.0000,0.0025,2.85233,0,
0.0000,0.0025,2.85250,0,
0.0000,0.0025,2.85267,0,
0.0000,0.0025,2.85283,0,
0.0000,0.0025,2.85300,0,
0.0000,0.0025,2.85317,0,
0.0000,0.0025,2.85333,0,
0.0000,0.0025,2.85350,0,
0.0000,0.0025,2.85367,0,
0.0000,0.0025,2.85383,0,
0.0000,0.0025,2.85400,0,
0.0000,0.0025,2.85417,0,
0.0000,0.0025,2.85433,0,
0.0000,0.0025,2.85450,0,
0.0000,0.0025,2.85467,0,
0.0000,0.0025,2.85483,0,
0.0000,0.0025,2.85500,0,
0.0000,0.0025,2.85517,0,
0.0000,0.0025,2.85533,0,
0.0000,0.0025,2.85550,0,
0.0000,0.0025,2.85567,0,
0.0000,0.0025,2.85583,0,
0.0000,0.0025,2.85600,0,
0.0000,0.0025,2.85617,0,
0.0000,0.0025,2.85633,0,
0.0000,0.0025,2.85650,0,
0.0000,0.0025,2.85667,0,
0.0000,0.0025,2.85683,0,
0.0000,0.0025,2.85700,0,
0.0000,0.0025,2.85717,0,
0.0000,0.0025,2.85733,0,
0.0000,0.0025,2.85750,0,
0.0000,0.0025,2.85767,0,
0.0000,0.0025,2.85783,0,
0.0000,0.0025,2.85800,0,
0.0000,0.0025,2.85817,0,
0.0000,0.0025,2.85833,0,
0.0000,0.0025,2.85850,0,
0.0000,0.0025,2.85867,0,
0.0000,0.0025,2.85883,0,
0.0000,0.0025,2.85900,0,
0.0000,0.0025,2.85917,0,
0.0000,0.0025,2.85933,0,
0.0000,0.0025,2.85950,0,
0.0000,0.0025,2.85967,0,
0.0000,0.0025,2.85983,0,
0.0000,0.0025,2.86000,0,
0.0000,0.0025,2.86017,0,
0.0000,0.0025,2.86033,0,
0.0000,0.0025,2.86050,0,
0.0000,0.0025,2.86067,0,
0.0000,0.0025,2.86083,0,
0.0000,0.0025,2.86100,0,
0.0000,0.0025,2.86117,0,
0.0000,0.0025,2.86133,0,
0.0000,0.0025,2.86150,0,
0.0000,0.0025,2.86167,0,
0.0000,0.0025,2.86183,0,
0.0000,0.0025,2.86200,0,
0.0000,0.0025,2.86217,0,
0.0000,0.0025,2.86233,0,
0.0000,0.0025,2.86250,0,
0.0000,0.0025,2.86267,0,
0.0000,0.0025,2.86283,0,
0.0000,0.0025,2.86300,0,
0.0000,0.0025,2.86317,0,
0.0000,0.0025,2.86333,0,
0.0000,0.0025,2.86350,0,
0.0000,0.0025,2.86367,0,
0.0000,0.0025,2.86383,0,
0.0000,0.0025,2.86400,0,
0.0000,0.0025,2.86417,0,
0.0000,0.0025,2.86433,0,
0.0000,0.0025,2.86450,0,
0.0000,0.0025,2.86467,0,
0.0000,0.0025,2.86483,0,
0.0000,0.0025,2.86500,0,
0.0000,0.0025,2.86517,0,
0.0000,0.0025,2.86533,0,
0.0000,0.0025,2.86550,0,
0.0000,0.0025,2.86567,0,
0.0000,0.0025,2.86583,0,
0.0000,0.0025,2.86600,0,
0.0000,0.0025,2.86617,0,
0.0000,0.0025,2.86633,0,
0.0000,0.0025,2.86650,0,
0.0000,0.0025,2.86667,0,
0.0000,0.0025,2.86683,0,
0.0000,0.0025,2.86700,0,
0.0000,0.0025,2.86717,0,
0.0000,0.0025,2.86733,0,
0.0000,0.0025,2.86750,0,
0.0000,0.0025,2.86767,0,
0.0000,0.0025,2.86783,0,
0.0000,0.0025,2.86800,0,
0.0000,0.0025,2.86817,0,
0.0000,0.0025,2.86833,0,
0.0000,0.0025,2.86850,0,
0.0000,0.0025,2.86867,0,
0.0000,0.0025,2.86883,0,
0.0000,0.0025,2.86900,0,
0.0000,0.0025,2.86917,0,
0.0000,0.0025,2.86933,0,
0.0000,0.0025,2.86950,0,
0.0000,0.0025,2.86967,0,
0.0000,0.0025,2.86983,0,
0.0000,0.0025,2.87000,0,
0.0000,0.0025,2.87017,0,
0.0000,0.0025,2.87033,0,
0.0000,0.0025,2.87050,0,
0.0000,0.0025,2.87067,0,
0.0000,0.0025,2.87083,0,
0.0000,0.0025,2.87100,0,
0.0000,0.0025,2.87117,0,
0.0000,0.0025,2.87133,0,
0.0000,0.0025,2.87150,0,
0.0000,0.0025,2.87167,0,
0.0000,0.0025,2.87183,0,
0.0000,0.0025,2.87200,0,
0.0000,0.0025,2.87217,0,
0.0000,0.0025,2.87233,0,
0.0000,0.0025,2.87250,0,
0.0000,0.0025,2.87267,0,
0.0000,0.0025,2.87283,0,
0.0000,0.0025,2.87300,0,
0.0000,0.0025,2.87317,0,
0.0000,0.0025,2.87333,0,
0.0000,0.0025,2.87350,0,
0.0000,0.0025,2.87367,0,
0.0000,0.0025,2.87383,0,
0.0000,0.0025,2.87400,0,
0.0000,0.0025,2.87417,0,
0.0000,0.0025,2.87433,0,
0.0000,0.0025,2.87450,0,
0.0000,0.0025,2.87467,0,
0.0000,0.0025,2.87483,0,
0.0000,0.0025,2.87500,0,
0.0000,0.0025,2.87517,0,
0.0000,0.0025,2.87533,0,
0.0000,0.0025,2.87550,0,
0.0000,0.0025,2.87567,0,
0.0000,0.0025,2.87583,0,
0.0000,0.0025,2.87600,0,
0.0000,0.0025,2.87617,0,
0.0000,0.0025,2.87633,0,
0.0000,0.0025,2.87650,0,
0.0000,0.0025,2.87667,0,
0.0000,0.0025,2.87683,0,
0.0000,0.0025,2.87700,0,
0.0000,0.0025,2.87717,0,
0.0000,0.0025,2.87733,0,
0.0000,0.0025,2.87750,0,
0.0000,0.0025,2.87767,0,
0.0000,0.0025,2.87783,0,
0.0000,0.0025,2.87800,0,
0.0000,0.0025,2.87817,0,
0.0000,0.0025,2.87833,0,
0.0000,0.0025,2.87850,0,
0.0000,0.0025,2.87867,0,
0.0000,0.0025,2.87883,0,
0.0000,0.0025,2.87900,0,
0.0000,0.0025,2.87917,0,
0.0000,0.0025,2.87933,0,
0.0000,0.0025,2.87950,0,
0.0000,0.0025,2.87967,0,
0.0000,0.0025,2.87983,0,
0.0000,0.0025,2.88000,0,
0.0000,0.0025,2.88017,0,
0.0000,0.0025,2.88033,0,
0.0000,0.0025,2.88050,0,
0.0000,0.0025,2.88067,0,
0.0000,0.0025,2.88083,0,
0.0000,0.0025,2.88100,0,
0.0000,0.0025,2.88117,0,
0.0000,0.0025,2.88133,0,
0.0000,0.0025,2.88150,0,
0.0000,0.0025,2.88167,0,
0.0000,0.0025,2.88183,0,
0.0000,0.0025,2.88200,0,
0.0000,0.0025,2.88217,0,
0.0000,0.0025,2.88233,0,
0.0000,0.0025,2.88250,0,
0.0000,0.0025,2.88267,0,
0.0000,0.0025,2.88283,0,
0.0000,0.0025,2.88300,0,
0.0000,0.0025,2.88317,0,
0.0000,0.0025,2.88333,0,
0.0000,0.0025,2.88350,0,
0.0000,0.0025,2.88367,0,
0.0000,0.0025,2.88383,0,
0.0000,0.0025,2.88400,0,
0.0000,0.0025,2.88417,0,
0.0000,0.0025,2.88433,0,
0.0000,0.0025,2.88450,0,
0.0000,0.0025,2.88467,0,
0.0000,0.0025,2.88483,0,
0.0000,0.0025,2.88500,0,
0.0000,0.0025,2.88517,0,
0.0000,0.0025,2.88533,0,
0.0000,0.0025,2.88550,0,
0.0000,0.0025,2.88567,0,
0.0000,0.0025,2.88583,0,
0.0000,0.0025,2.88600,0,
0.0000,0.0025,2.88617,0,
0.0000,0.0025,2.88633,0,
0.0000,0.0025,2.88650,0,
0.0000,0.0025,2.88667,0,
0.0000,0.0025,2.88683,0,
0.0000,0.0025,2.88700,0,
0.0000,0.0025,2.88717,0,
0.0000,0.0025,2.88733,0,
0.0000,0.0025,2.88750,0,
0.0000,0.0025,2.88767,0,
0.0000,0.0025,2.88783,0,
0.0000,0.0025,2.88800,0,
0.0000,0.0025,2.88817,0,
0.0000,0.0025,2.88833,0,
0.0000,0.0025,2.88850,0,
0.0000,0.0025,2.88867,0,
0.0000,0.0025,2.88883,0,
0.0000,0.0025,2.88900,0,
0.0000,0.0025,2.88917,0,
0.0000,0.0025,2.88933,0,
0.0000,0.0025,2.88950,0,
0.0000,0.0025,2.88967,0,
0.0000,0.0025,2.88983,0,
0.0000,0.0025,2.89000,0,
0.0000,0.0025,2.89017,0,
0.0000,0.0025,2.89033,0,
0.0000,0.0025,2.89050,0,
0.0000,0.0025,2.89067,0,
0.0000,0.0025,2.89083,0,
0.0000,0.0025,2.89100,0,
0.0000,0.0025,2.89117,0,
0.0000,0.0025,2.89133,0,
0.0000,0.0025,2.89150,0,
0.0000,0.0025,2.89167,0,
0.0000,0.0025,2.89183,0,
0.0000,0.0025,2.89200,0,
0.0000,0.0025,2.89217,0,
0.0000,0.0025,2.89233,0,
0.0000,0.0025,2.89250,0,
0.0000,0.0025,2.89267,0,
0.0000,0.0025,2.89283,0,
0.0000,0.0025,2.89300,0,
0.0000,0.0025,2.89317,0,
0.0000,0.0025,2.89333,0,
0.0000,0.0025,2.89350,0,
0.0000,0.0025,2.89367,0,
0.0000,0.0025,2.89383,0,
0.0000,0.0025,2.89400,0,
0.0000,0.0025,2.89417,0,
0.0000,0.0025,2.89433,0,
0.0000,0.0025,2.89450,0,
0.0000,0.0025,2.89467,0,
0.0000,0.0025,2.89483,0,
0.0000,0.0025,2.89500,0,
0.0000,0.0025,2.89517,0,
0.0000,0.0025,2.89533,0,
0.0000,0.0025,2.89550,0,
0.0000,0.0025,2.89567,0,
0.0000,0.0025,2.89583,0,
0.0000,0.0025,2.89600,0,
0.0000,0.0025,2.89617,0,
0.0000,0.0025,2.89633,0,
0.0000,0.0025,2.89650,0,
0.0000,0.0025,2.89667,0,
0.0000,0.0025,2.89683,0,
0.0000,0.0025,2.89700,0,
0.0000,0.0025,2.89717,0,
0.0000,0.0025,2.89733,0,
0.0000,0.0025,2.89750,0,
0.0000,0.0025,2.89767,0,
0.0000,0.0025,2.89783,0,
0.0000,0.0025,2.89800,0,
0.0000,0.0025,2.89817,0,
0.0000,0.0025,2.89833,0,
0.0000,0.0025,2.89850,0,
0.0000,0.0025,2.89867,0,
0.0000,0.0025,2.89883,0,
0.0000,0.0025,2.89900,0,
0.0000,0.0025,2.89917,0,
0.0000,0.0025,2.89933,0,
0.0000,0.0025,2.89950,0,
0.0000,0.0025,2.89967,0,
0.0000,0.0025,2.89983,0,
0.0000,0.0025,2.90000,0,
0.0000,0.0025,2.90017,0,
0.0000,0.0025,2.90033,0,
0.0000,0.0025,2.90050,0,
0.0000,0.0025,2.90067,0,
0.0000,0.0025,2.90083,0,
0.0000,0.0025,2.90100,0,
0.0000,0.0025,2.90117,0,
0.0000,0.0025,2.90133,0,
0.0000,0.0025,2.90150,0,
0.0000,0.0025,2.90167,0,
0.0000,0.0025,2.90183,0,
0.0000,0.0025,2.90200,0,
0.0000,0.0025,2.90217,0,
0.0000,0.0025,2.90233,0,
0.0000,0.0025,2.90250,0,
0.0000,0.0025,2.90267,0,
0.0000,0.0025,2.90283,0,
0.0000,0.0025,2.90300,0,
0.0000,0.0025,2.90317,0,
0.0000,0.0025,2.90333,0,
0.0000,0.0025,2.90350,0,
0.0000,0.0025,2.90367,0,
0.0000,0.0025,2.90383,0,
0.0000,0.0025,2.90400,0,
0.0000,0.0025,2.90417,0,
0.0000,0.0025,2.90433,0,
0.0000,0.0025,2.90450,0,
0.0000,0.0025,2.90467,0,
0.0000,0.0025,2.90483,0,
0.0000,0.0025,2.90500,0,
0.0000,0.0025,2.90517,0,
0.0000,0.0025,2.90533,0,
0.0000,0.0025,2.90550,0,
0.0000,0.0025,2.90567,0,
0.0000,0.0025,2.90583,0,
0.0000,0.0025,2.90600,0,
0.0000,0.0025,2.90617,0,
0.0000,0.0025,2.90633,0,
0.0000,0.0025,2.90650,0,
0.0000,0.0025,2.90667,0,
0.0000,0.0025,2.90683,0,
0.0000,0.0025,2.90700,0,
0.0000,0.0025,2.90717,0,
0.0000,0.0025,2.90733,0,
0.0000,0.0025,2.90750,0,
0.0000,0.0025,2.90767,0,
0.0000,0.0025,2.90783,0,
0.0000,0.0025,2.90800,0,
0.0000,0.0025,2.90817,0,
0.0000,0.0025,2.90833,0,
0.0000,0.0025,2.90850,0,
0.0000,0.0025,2.90867,0,
0.0000,0.0025,2.90883,0,
0.0000,0.0025,2.90900,0,
0.0000,0.0025,2.90917,0,
0.0000,0.0025,2.90933,0,
0.0000,0.0025,2.90950,0,
0.0000,0.0025,2.90967,0,
0.0000,0.0025,2.90983,0,
0.0000,0.0025,2.91000,0,
0.0000,0.0025,2.91017,0,
0.0000,0.0025,2.91033,0,
0.0000,0.0025,2.91050,0,
0.0000,0.0025,2.91067,0,
0.0000,0.0025,2.91083,0,
0.0000,0.0025,2.91100,0,
0.0000,0.0025,2.91117,0,
0.0000,0.0025,2.91133,0,
0.0000,0.0025,2.91150,0,
0.0000,0.0025,2.91167,0,
0.0000,0.0025,2.91183,0,
0.0000,0.0025,2.91200,0,
0.0000,0.0025,2.91217,0,
0.0000,0.0025,2.91233,0,
0.0000,0.0025,2.91250,0,
0.0000,0.0025,2.91267,0,
0.0000,0.0025,2.91283,0,
0.0000,0.0025,2.91300,0,
0.0000,0.0025,2.91317,0,
0.0000,0.0025,2.91333,0,
0.0000,0.0025,2.91350,0,
0.0000,0.0025,2.91367,0,
0.0000,0.0025,2.91383,0,
0.0000,0.0025,2.91400,0,
0.0000,0.0025,2.91417,0,
0.0000,0.0025,2.91433,0,
0.0000,0.0025,2.91450,0,
0.0000,0.0025,2.91467,0,
0.0000,0.0025,2.91483,0,
0.0000,0.0025,2.91500,0,
0.0000,0.0025,2.91517,0,
0.0000,0.0025,2.91533,0,
0.0000,0.0025,2.91550,0,
0.0000,0.0025,2.91567,0,
0.0000,0.0025,2.91583,0,
0.0000,0.0025,2.91600,0,
0.0000,0.0025,2.91617,0,
0.0000,0.0025,2.91633,0,
0.0000,0.0025,2.91650,0,
0.0000,0.0025,2.91667,0,
0.0000,0.0025,2.91683,0,
0.0000,0.0025,2.91700,0,
0.0000,0.0025,2.91717,0,
0.0000,0.0025,2.91733,0,
0.0000,0.0025,2.91750,0,
0.0000,0.0025,2.91767,0,
0.0000,0.0025,2.91783,0,
0.0000,0.0025,2.91800,0,
0.0000,0.0025,2.91817,0,
0.0000,0.0025,2.91833,0,
0.0000,0.0025,2.91850,0,
0.0000,0.0025,2.91867,0,
0.0000,0.0025,2.91883,0,
0.0000,0.0025,2.91900,0,
0.0000,0.0025,2.91917,0,
0.0000,0.0025,2.91933,0,
0.0000,0.0025,2.91950,0,
0.0000,0.0025,2.91967,0,
0.0000,0.0025,2.91983,0,
0.0000,0.0025,2.92000,0,
0.0000,0.0025,2.92017,0,
0.0000,0.0025,2.92033,0,
0.0000,0.0025,2.92050,0,
0.0000,0.0025,2.92067,0,
0.0000,0.0025,2.92083,0,
0.0000,0.0025,2.92100,0,
0.0000,0.0025,2.92117,0,
0.0000,0.0025,2.92133,0,
0.0000,0.0025,2.92150,0,
0.0000,0.0025,2.92167,0,
0.0000,0.0025,2.92183,0,
0.0000,0.0025,2.92200,0,
0.0000,0.0025,2.92217,0,
0.0000,0.0025,2.92233,0,
0.0000,0.0025,2.92250,0,
0.0000,0.0025,2.92267,0,
0.0000,0.0025,2.92283,0,
0.0000,0.0025,2.92300,0,
0.0000,0.0025,2.92317,0,
0.0000,0.0025,2.92333,0,
0.0000,0.0025,2.92350,0,
0.0000,0.0025,2.92367,0,
0.0000,0.0025,2.92383,0,
0.0000,0.0025,2.92400,0,
0.0000,0.0025,2.92417,0,
0.0000,0.0025,2.92433,0,
0.0000,0.0025,2.92450,0,
0.0000,0.0025,2.92467,0,
0.0000,0.0025,2.92483,0,
0.0000,0.0025,2.92500,0,
0.0000,0.0025,2.92517,0,
0.0000,0.0025,2.92533,0,
0.0000,0.0025,2.92550,0,
0.0000,0.0025,2.92567,0,
0.0000,0.0025,2.92583,0,
0.0000,0.0025,2.92600,0,
0.0000,0.0025,2.92617,0,
0.0000,0.0025,2.92633,0,
0.0000,0.0025,2.92650,0,
0.0000,0.0025,2.92667,0,
0.0000,0.0025,2.92683,0,
0.0000,0.0025,2.92700,0,
0.0000,0.0025,2.92717,0,
0.0000,0.0025,2.92733,0,
0.0000,0.0025,2.92750,0,
0.0000,0.0025,2.92767,0,
0.0000,0.0025,2.92783,0,
0.0000,0.0025,2.92800,0,
0.0000,0.0025,2.92817,0,
0.0000,0.0025,2.92833,0,
0.0000,0.0025,2.92850,0,
0.0000,0.0025,2.92867,0,
0.0000,0.0025,2.92883,0,
0.0000,0.0025,2.92900,0,
0.0000,0.0025,2.92917,0,
0.0000,0.0025,2.92933,0,
0.0000,0.0025,2.92950,0,
0.0000,0.0025,2.92967,0,
0.0000,0.0025,2.92983,0,
0.0000,0.0025,2.93000,0,
0.0000,0.0025,2.93017,0,
0.0000,0.0025,2.93033,0,
0.0000,0.0025,2.93050,0,
0.0000,0.0025,2.93067,0,
0.0000,0.0025,2.93083,0,
0.0000,0.0025,2.93100,0,
0.0000,0.0025,2.93117,0,
0.0000,0.0025,2.93133,0,
0.0000,0.0025,2.93150,0,
0.0000,0.0025,2.93167,0,
0.0000,0.0025,2.93183,0,
0.0000,0.0025,2.93200,0,
0.0000,0.0025,2.93217,0,
0.0000,0.0025,2.93233,0,
0.0000,0.0025,2.93250,0,
0.0000,0.0025,2.93267,0,
0.0000,0.0025,2.93283,0,
0.0000,0.0025,2.93300,0,
0.0000,0.0025,2.93317,0,
0.0000,0.0025,2.93333,0,
0.0000,0.0025,2.93350,0,
0.0000,0.0025,2.93367,0,
0.0000,0.0025,2.93383,0,
0.0000,0.0025,2.93400,0,
0.0000,0.0025,2.93417,0,
0.0000,0.0025,2.93433,0,
0.0000,0.0025,2.93450,0,
0.0000,0.0025,2.93467,0,
0.0000,0.0025,2.93483,0,
0.0000,0.0025,2.93500,0,
0.0000,0.0025,2.93517,0,
0.0000,0.0025,2.93533,0,
0.0000,0.0025,2.93550,0,
0.0000,0.0025,2.93567,0,
0.0000,0.0025,2.93583,0,
0.0000,0.0025,2.93600,0,
0.0000,0.0025,2.93617,0,
0.0000,0.0025,2.93633,0,
0.0000,0.0025,2.93650,0,
0.0000,0.0025,2.93667,0,
0.0000,0.0025,2.93683,0,
0.0000,0.0025,2.93700,0,
0.0000,0.0025,2.93717,0,
0.0000,0.0025,2.93733,0,
0.0000,0.0025,2.93750,0,
0.0000,0.0025,2.93767,0,
0.0000,0.0025,2.93783,0,
0.0000,0.0025,2.93800,0,
0.0000,0.0025,2.93817,0,
0.0000,0.0025,2.93833,0,
0.0000,0.0025,2.93850,0,
0.0000,0.0025,2.93867,0,
0.0000,0.0025,2.93883,0,
0.0000,0.0025,2.93900,0,
0.0000,0.0025,2.93917,0,
0.0000,0.0025,2.93933,0,
0.0000,0.0025,2.93950,0,
0.0000,0.0025,2.93967,0,
0.0000,0.0025,2.93983,0,
0.0000,0.0025,2.94000,0,
0.0000,0.0025,2.94017,0,
0.0000,0.0025,2.94033,0,
0.0000,0.0025,2.94050,0,
0.0000,0.0025,2.94067,0,
0.0000,0.0025,2.94083,0,
0.0000,0.0025,2.94100,0,
0.0000,0.0025,2.94117,0,
0.0000,0.0025,2.94133,0,
0.0000,0.0025,2.94150,0,
0.0000,0.0025,2.94167,0,
0.0000,0.0025,2.94183,0,
0.0000,0.0025,2.94200,0,
0.0000,0.0025,2.94217,0,
0.0000,0.0025,2.94233,0,
0.0000,0.0025,2.94250,0,
0.0000,0.0025,2.94267,0,
0.0000,0.0025,2.94283,0,
0.0000,0.0025,2.94300,0,
0.0000,0.0025,2.94317,0,
0.0000,0.0025,2.94333,0,
0.0000,0.0025,2.94350,0,
0.0000,0.0025,2.94367,0,
0.0000,0.0025,2.94383,0,
0.0000,0.0025,2.94400,0,
0.0000,0.0025,2.94417,0,
0.0000,0.0025,2.94433,0,
0.0000,0.0025,2.94450,0,
0.0000,0.0025,2.94467,0,
0.0000,0.0025,2.94483,0,
0.0000,0.0025,2.94500,0,
0.0000,0.0025,2.94517,0,
0.0000,0.0025,2.94533,0,
0.0000,0.0025,2.94550,0,
0.0000,0.0025,2.94567,0,
0.0000,0.0025,2.94583,0,
0.0000,0.0025,2.94600,0,
0.0000,0.0025,2.94617,0,
0.0000,0.0025,2.94633,0,
0.0000,0.0025,2.94650,0,
0.0000,0.0025,2.94667,0,
0.0000,0.0025,2.94683,0,
0.0000,0.0025,2.94700,0,
0.0000,0.0025,2.94717,0,
0.0000,0.0025,2.94733,0,
0.0000,0.0025,2.94750,0,
0.0000,0.0025,2.94767,0,
0.0000,0.0025,2.94783,0,
0.0000,0.0025,2.94800,0,
0.0000,0.0025,2.94817,0,
0.0000,0.0025,2.94833,0,
0.0000,0.0025,2.94850,0,
0.0000,0.0025,2.94867,0,
0.0000,0.0025,2.94883,0,
0.0000,0.0025,2.94900,0,
0.0000,0.0025,2.94917,0,
0.0000,0.0025,2.94933,0,
0.0000,0.0025,2.94950,0,
0.0000,0.0025,2.94967,0,
0.0000,0.0025,2.94983,0,
0.0000,0.0025,2.95000,0,
0.0000,0.0025,2.95017,0,
0.0000,0.0025,2.95033,0,
0.0000,0.0025,2.95050,0,
0.0000,0.0025,2.95067,0,
0.0000,0.0025,2.95083,0,
0.0000,0.0025,2.95100,0,
0.0000,0.0025,2.95117,0,
0.0000,0.0025,2.95133,0,
0.0000,0.0025,2.95150,0,
0.0000,0.0025,2.95167,0,
0.0000,0.0025,2.95183,0,
0.0000,0.0025,2.95200,0,
0.0000,0.0025,2.95217,0,
0.0000,0.0025,2.95233,0,
0.0000,0.0025,2.95250,0,
0.0000,0.0025,2.95267,0,
0.0000,0.0025,2.95283,0,
0.0000,0.0025,2.95300,0,
0.0000,0.0025,2.95317,0,
0.0000,0.0025,2.95333,0,
0.0000,0.0025,2.95350,0,
0.0000,0.0025,2.95367,0,
0.0000,0.0025,2.95383,0,
0.0000,0.0025,2.95400,0,
0.0000,0.0025,2.95417,0,
0.0000,0.0025,2.95433,0,
0.0000,0.0025,2.95450,0,
0.0000,0.0025,2.95467,0,
0.0000,0.0025,2.95483,0,
0.0000,0.0025,2.95500,0,
0.0000,0.0025,2.95517,0,
0.0000,0.0025,2.95533,0,
0.0000,0.0025,2.95550,0,
0.0000,0.0025,2.95567,0,
0.0000,0.0025,2.95583,0,
0.0000,0.0025,2.95600,0,
0.0000,0.0025,2.95617,0,
0.0000,0.0025,2.95633,0,
0.0000,0.0025,2.95650,0,
0.0000,0.0025,2.95667,0,
0.0000,0.0025,2.95683,0,
0.0000,0.0025,2.95700,0,
0.0000,0.0025,2.95717,0,
0.0000,0.0025,2.95733,0,
0.0000,0.0025,2.95750,0,
0.0000,0.0025,2.95767,0,
0.0000,0.0025,2.95783,0,
0.0000,0.0025,2.95800,0,
0.0000,0.0025,2.95817,0,
0.0000,0.0025,2.95833,0,
0.0000,0.0025,2.95850,0,
0.0000,0.0025,2.95867,0,
0.0000,0.0025,2.95883,0,
0.0000,0.0025,2.95900,0,
0.0000,0.0025,2.95917,0,
0.0000,0.0025,2.95933,0,
0.0000,0.0025,2.95950,0,
0.0000,0.0025,2.95967,0,
0.0000,0.0025,2.95983,0,
0.0000,0.0025,2.96000,0,
0.0000,0.0025,2.96017,0,
0.0000,0.0025,2.96033,0,
0.0000,0.0025,2.96050,0,
0.0000,0.0025,2.96067,0,
0.0000,0.0025,2.96083,0,
0.0000,0.0025,2.96100,0,
0.0000,0.0025,2.96117,0,
0.0000,0.0025,2.96133,0,
0.0000,0.0025,2.96150,0,
0.0000,0.0025,2.96167,0,
0.0000,0.0025,2.96183,0,
0.0000,0.0025,2.96200,0,
0.0000,0.0025,2.96217,0,
0.0000,0.0025,2.96233,0,
0.0000,0.0025,2.96250,0,
0.0000,0.0025,2.96267,0,
0.0000,0.0025,2.96283,0,
0.0000,0.0025,2.96300,0,
0.0000,0.0025,2.96317,0,
0.0000,0.0025,2.96333,0,
0.0000,0.0025,2.96350,0,
0.0000,0.0025,2.96367,0,
0.0000,0.0025,2.96383,0,
0.0000,0.0025,2.96400,0,
0.0000,0.0025,2.96417,0,
0.0000,0.0025,2.96433,0,
0.0000,0.0025,2.96450,0,
0.0000,0.0025,2.96467,0,
0.0000,0.0025,2.96483,0,
0.0000,0.0025,2.96500,0,
0.0000,0.0025,2.96517,0,
0.0000,0.0025,2.96533,0,
0.0000,0.0025,2.96550,0,
0.0000,0.0025,2.96567,0,
0.0000,0.0025,2.96583,0,
0.0000,0.0025,2.96600,0,
0.0000,0.0025,2.96617,0,
0.0000,0.0025,2.96633,0,
0.0000,0.0025,2.96650,0,
0.0000,0.0025,2.96667,0,
0.0000,0.0025,2.96683,0,
0.0000,0.0025,2.96700,0,
0.0000,0.0025,2.96717,0,
0.0000,0.0025,2.96733,0,
0.0000,0.0025,2.96750,0,
0.0000,0.0025,2.96767,0,
0.0000,0.0025,2.96783,0,
0.0000,0.0025,2.96800,0,
0.0000,0.0025,2.96817,0,
0.0000,0.0025,2.96833,0,
0.0000,0.0025,2.96850,0,
0.0000,0.0025,2.96867,0,
0.0000,0.0025,2.96883,0,
0.0000,0.0025,2.96900,0,
0.0000,0.0025,2.96917,0,
0.0000,0.0025,2.96933,0,
0.0000,0.0025,2.96950,0,
0.0000,0.0025,2.96967,0,
0.0000,0.0025,2.96983,0,
0.0000,0.0025,2.97000,0,
0.0000,0.0025,2.97017,0,
0.0000,0.0025,2.97033,0,
0.0000,0.0025,2.97050,0,
0.0000,0.0025,2.97067,0,
0.0000,0.0025,2.97083,0,
0.0000,0.0025,2.97100,0,
0.0000,0.0025,2.97117,0,
0.0000,0.0025,2.97133,0,
0.0000,0.0025,2.97150,0,
0.0000,0.0025,2.97167,0,
0.0000,0.0025,2.97183,0,
0.0000,0.0025,2.97200,0,
0.0000,0.0025,2.97217,0,
0.0000,0.0025,2.97233,0,
0.0000,0.0025,2.97250,0,
0.0000,0.0025,2.97267,0,
0.0000,0.0025,2.97283,0,
0.0000,0.0025,2.97300,0,
0.0000,0.0025,2.97317,0,
0.0000,0.0025,2.97333,0,
0.0000,0.0025,2.97350,0,
0.0000,0.0025,2.97367,0,
0.0000,0.0025,2.97383,0,
0.0000,0.0025,2.97400,0,
0.0000,0.0025,2.97417,0,
0.0000,0.0025,2.97433,0,
0.0000,0.0025,2.97450,0,
0.0000,0.0025,2.97467,0,
0.0000,0.0025,2.97483,0,
0.0000,0.0025,2.97500,0,
0.0000,0.0025,2.97517,0,
0.0000,0.0025,2.97533,0,
0.0000,0.0025,2.97550,0,
0.0000,0.0025,2.97567,0,
0.0000,0.0025,2.97583,0,
0.0000,0.0025,2.97600,0,
0.0000,0.0025,2.97617,0,
0.0000,0.0025,2.97633,0,
0.0000,0.0025,2.97650,0,
0.0000,0.0025,2.97667,0,
0.0000,0.0025,2.97683,0,
0.0000,0.0025,2.97700,0,
0.0000,0.0025,2.97717,0,
0.0000,0.0025,2.97733,0,
0.0000,0.0025,2.97750,0,
0.0000,0.0025,2.97767,0,
0.0000,0.0025,2.97783,0,
0.0000,0.0025,2.97800,0,
0.0000,0.0025,2.97817,0,
0.0000,0.0025,2.97833,0,
0.0000,0.0025,2.97850,0,
0.0000,0.0025,2.97867,0,
0.0000,0.0025,2.97883,0,
0.0000,0.0025,2.97900,0,
0.0000,0.0025,2.97917,0,
0.0000,0.0025,2.97933,0,
0.0000,0.0025,2.97950,0,
0.0000,0.0025,2.97967,0,
0.0000,0.0025,2.97983,0,
0.0000,0.0025,2.98000,0,
0.0000,0.0025,2.98017,0,
0.0000,0.0025,2.98033,0,
0.0000,0.0025,2.98050,0,
0.0000,0.0025,2.98067,0,
0.0000,0.0025,2.98083,0,
0.0000,0.0025,2.98100,0,
0.0000,0.0025,2.98117,0,
0.0000,0.0025,2.98133,0,
0.0000,0.0025,2.98150,0,
0.0000,0.0025,2.98167,0,
0.0000,0.0025,2.98183,0,
0.0000,0.0025,2.98200,0,
0.0000,0.0025,2.98217,0,
0.0000,0.0025,2.98233,0,
0.0000,0.0025,2.98250,0,
-0.0372,0.0025,2.98267,0,
0.0000,0.0025,2.98283,0,
0.0000,0.0025,2.98300,0,
0.0000,0.0025,2.98317,0,
0.0000,0.0025,2.98333,0,
0.0000,0.0025,2.98350,0,
0.0000,0.0025,2.98367,0,
0.0000,0.0025,2.98383,0,
0.0000,0.0025,2.98400,0,
0.0000,0.0025,2.98417,0,
0.0000,0.0025,2.98433,0,
0.0000,0.0025,2.98450,0,
0.0000,0.0025,2.98467,0,
0.0000,0.0025,2.98483,0,
0.0000,0.0025,2.98500,0,
0.0000,0.0025,2.98517,0,
0.0000,0.0025,2.98533,0,
0.0000,0.0025,2.98550,0,
0.0000,0.0025,2.98567,0,
0.0000,0.0025,2.98583,0,
0.0000,0.0025,2.98600,0,
0.0000,0.0025,2.98617,0,
0.0000,0.0025,2.98633,0,
0.0000,0.0025,2.98650,0,
0.0000,0.0025,2.98667,0,
0.0000,0.0025,2.98683,0,
0.0000,0.0025,2.98700,0,
0.0000,0.0025,2.98717,0,
0.0000,0.0025,2.98733,0,
0.0000,0.0025,2.98750,0,
0.0000,0.0025,2.98767,0,
0.0000,0.0025,2.98783,0,
0.0000,0.0025,2.98800,0,
0.0000,0.0025,2.98817,0,
0.0000,0.0025,2.98833,0,
0.0000,0.0025,2.98850,0,
0.0000,0.0025,2.98867,0,
0.0000,0.0025,2.98883,0,
0.0000,0.0025,2.98900,0,
0.0000,0.0025,2.98917,0,
0.0000,0.0025,2.98933,0,
0.0000,0.0025,2.98950,0,
0.0000,0.0025,2.98967,0,
0.0000,0.0025,2.98983,0,
0.0000,0.0025,2.99000,0,
0.0000,0.0025,2.99017,0,
0.0000,0.0025,2.99033,0,
0.0000,0.0025,2.99050,0,
0.0000,0.0025,2.99067,0,
0.0000,0.0025,2.99083,0,
0.0000,0.0025,2.99100,0,
0.0000,0.0025,2.99117,0,
0.0000,0.0025,2.99133,0,
0.0000,0.0025,2.99150,0,
0.0000,0.0025,2.99167,0,
0.0000,0.0025,2.99183,0,
0.0000,0.0025,2.99200,0,
0.0000,0.0025,2.99217,0,
0.0000,0.0025,2.99233,0,
0.0000,0.0025,2.99250,0,
0.0000,0.0025,2.99267,0,
0.0000,0.0025,2.99283,0,
0.0000,0.0025,2.99300,0,
0.0000,0.0025,2.99317,0,
0.0000,0.0025,2.99333,0,
0.0000,0.0025,2.99350,0,
0.0000,0.0025,2.99367,0,
0.0000,0.0025,2.99383,0,
0.0000,0.0025,2.99400,0,
0.0000,0.0025,2.99417,0,
0.0000,0.0025,2.99433,0,
0.0000,0.0025,2.99450,0,
0.0000,0.0025,2.99467,0,
0.0000,0.0025,2.99483,0,
0.0000,0.0025,2.99500,0,
0.0000,0.0025,2.99517,0,
0.0000,0.0025,2.99533,0,
0.0000,0.0025,2.99550,0,
0.0000,0.0025,2.99567,0,
0.0000,0.0025,2.99583,0,
0.0000,0.0025,2.99600,0,
0.0000,0.0025,2.99617,0,
0.0000,0.0025,2.99633,0,
0.0000,0.0025,2.99650,0,
0.0000,0.0025,2.99667,0,
0.0000,0.0025,2.99683,0,
0.0000,0.0025,2.99700,0,
0.0000,0.0025,2.99717,0,
0.0000,0.0025,2.99733,0,
0.0000,0.0025,2.99750,0,
0.0000,0.0025,2.99767,0,
0.0000,0.0025,2.99783,0,
0.0000,0.0025,2.99800,0,
0.0000,0.0025,2.99817,0,
0.0000,0.0025,2.99833,0,
0.0000,0.0025,2.99850,0,
0.0000,0.0025,2.99867,0,
0.0000,0.0025,2.99883,0,
0.0000,0.0025,2.99900,0,
0.0000,0.0025,2.99917,0,
0.0000,0.0025,2.99933,0,
0.0000,0.0025,2.99950,0,
0.0000,0.0025,2.99967,0,
0.0000,0.0025,2.99983,0,
0.0000,0.0025,3.00000,0,
0.0000,0.0025,3.00017,0,
0.0000,0.0025,3.00033,0,
0.0000,0.0025,3.00050,0,
0.0000,0.0025,3.00067,0,
0.0000,0.0025,3.00083,0,
0.0000,0.0025,3.00100,0,
0.0000,0.0025,3.00117,0,
0.0000,0.0025,3.00133,0,
0.0000,0.0025,3.00150,0,
0.0000,0.0025,3.00167,0,
0.0000,0.0025,3.00183,0,
0.0000,0.0025,3.00200,0,
0.0000,0.0025,3.00217,0,
0.0000,0.0025,3.00233,0,
0.0000,0.0025,3.00250,0,
0.0000,0.0025,3.00267,0,
0.0000,0.0025,3.00283,0,
0.0000,0.0025,3.00300,0,
0.0000,0.0025,3.00317,0,
0.0000,0.0025,3.00333,0,
0.0000,0.0025,3.00350,0,
0.0000,0.0025,3.00367,0,
0.0000,0.0025,3.00383,0,
0.0000,0.0025,3.00400,0,
0.0000,0.0025,3.00417,0,
0.0000,0.0025,3.00433,0,
0.0000,0.0025,3.00450,0,
0.0000,0.0025,3.00467,0,
0.0000,0.0025,3.00483,0,
0.0000,0.0025,3.00500,0,
0.0000,0.0025,3.00517,0,
0.0000,0.0025,3.00533,0,
0.0000,0.0025,3.00550,0,
0.0000,0.0025,3.00567,0,
0.0000,0.0025,3.00583,0,
0.0000,0.0025,3.00600,0,
0.0000,0.0025,3.00617,0,
0.0000,0.0025,3.00633,0,
0.0000,0.0025,3.00650,0,
0.0000,0.0025,3.00667,0,
0.0000,0.0025,3.00683,0,
0.0000,0.0025,3.00700,0,
0.0000,0.0025,3.00717,0,
0.0000,0.0025,3.00733,0,
0.0000,0.0025,3.00750,0,
0.0000,0.0025,3.00767,0,
0.0000,0.0025,3.00783,0,
0.0000,0.0025,3.00800,0,
0.0000,0.0025,3.00817,0,
0.0000,0.0025,3.00833,0,
0.0000,0.0025,3.00850,0,
0.0000,0.0025,3.00867,0,
0.0000,0.0025,3.00883,0,
0.0000,0.0025,3.00900,0,
0.0000,0.0025,3.00917,0,
0.0000,0.0025,3.00933,0,
0.0000,0.0025,3.00950,0,
0.0000,0.0025,3.00967,0,
0.0000,0.0025,3.00983,0,
0.0000,0.0025,3.01000,0,
0.0000,0.0025,3.01017,0,
0.0000,0.0025,3.01033,0,
0.0000,0.0025,3.01050,0,
0.0000,0.0025,3.01067,0,
0.0000,0.0025,3.01083,0,
0.0000,0.0025,3.01100,0,
0.0000,0.0025,3.01117,0,
0.0000,0.0025,3.01133,0,
0.0000,0.0025,3.01150,0,
0.0000,0.0025,3.01167,0,
0.0000,0.0025,3.01183,0,
0.0000,0.0025,3.01200,0,
0.0000,0.0025,3.01217,0,
0.0000,0.0025,3.01233,0,
0.0000,0.0025,3.01250,0,
0.0000,0.0025,3.01267,0,
0.0000,0.0025,3.01283,0,
0.0000,0.0025,3.01300,0,
0.0000,0.0025,3.01317,0,
0.0000,0.0025,3.01333,0,
0.0000,0.0025,3.01350,0,
0.0000,0.0025,3.01367,0,
0.0000,0.0025,3.01383,0,
0.0000,0.0025,3.01400,0,
0.0000,0.0025,3.01417,0,
0.0000,0.0025,3.01433,0,
0.0000,0.0025,3.01450,0,
0.0000,0.0025,3.01467,0,
0.0000,0.0025,3.01483,0,
0.0000,0.0025,3.01500,0,
0.0000,0.0025,3.01517,0,
0.0000,0.0025,3.01533,0,
0.0000,0.0025,3.01550,0,
0.0000,0.0025,3.01567,0,
0.0000,0.0025,3.01583,0,
0.0000,0.0025,3.01600,0,
0.0000,0.0025,3.01617,0,
0.0000,0.0025,3.01633,0,
0.0000,0.0025,3.01650,0,
0.0000,0.0025,3.01667,0,
0.0000,0.0025,3.01683,0,
0.0000,0.0025,3.01700,0,
0.0000,0.0025,3.01717,0,
0.0000,0.0025,3.01733,0,
0.0000,0.0025,3.01750,0,
0.0000,0.0025,3.01767,0,
0.0000,0.0025,3.01783,0,
0.0000,0.0025,3.01800,0,
0.0000,0.0025,3.01817,0,
0.0000,0.0025,3.01833,0,
0.0000,0.0025,3.01850,0,
0.0000,0.0025,3.01867,0,
0.0000,0.0025,3.01883,0,
0.0000,0.0025,3.01900,0,
0.0000,0.0025,3.01917,0,
0.0000,0.0025,3.01933,0,
0.0000,0.0025,3.01950,0,
0.0000,0.0025,3.01967,0,
0.0000,0.0025,3.01983,0,
0.0000,0.0025,3.02000,0,
0.0000,0.0025,3.02017,0,
0.0000,0.0025,3.02033,0,
0.0000,0.0025,3.02050,0,
0.0000,0.0025,3.02067,0,
0.0000,0.0025,3.02083,0,
0.0000,0.0025,3.02100,0,
0.0000,0.0025,3.02117,0,
0.0000,0.0025,3.02133,0,
0.0000,0.0025,3.02150,0,
0.0000,0.0025,3.02167,0,
0.0000,0.0025,3.02183,0,
0.0000,0.0025,3.02200,0,
0.0000,0.0025,3.02217,0,
0.0000,0.0025,3.02233,0,
0.0000,0.0025,3.02250,0,
0.0000,0.0025,3.02267,0,
0.0000,0.0025,3.02283,0,
0.0000,0.0025,3.02300,0,
0.0000,0.0025,3.02317,0,
0.0000,0.0025,3.02333,0,
0.0000,0.0025,3.02350,0,
0.0000,0.0025,3.02367,0,
0.0000,0.0025,3.02383,0,
0.0000,0.0025,3.02400,0,
0.0000,0.0025,3.02417,0,
0.0000,0.0025,3.02433,0,
0.0000,0.0025,3.02450,0,
0.0000,0.0025,3.02467,0,
0.0000,0.0025,3.02483,0,
0.0000,0.0025,3.02500,0,
0.0000,0.0025,3.02517,0,
0.0000,0.0025,3.02533,0,
0.0000,0.0025,3.02550,0,
0.0000,0.0025,3.02567,0,
0.0000,0.0025,3.02583,0,
0.0000,0.0025,3.02600,0,
0.0000,0.0025,3.02617,0,
0.0000,0.0025,3.02633,0,
0.0000,0.0025,3.02650,0,
0.0000,0.0025,3.02667,0,
0.0000,0.0025,3.02683,0,
0.0000,0.0025,3.02700,0,
0.0000,0.0025,3.02717,0,
0.0000,0.0025,3.02733,0,
0.0000,0.0025,3.02750,0,
0.0000,0.0025,3.02767,0,
0.0000,0.0025,3.02783,0,
0.0000,0.0025,3.02800,0,
0.0000,0.0025,3.02817,0,
0.0000,0.0025,3.02833,0,
0.0000,0.0025,3.02850,0,
0.0000,0.0025,3.02867,0,
0.0000,0.0025,3.02883,0,
0.0000,0.0025,3.02900,0,
0.0000,0.0025,3.02917,0,
0.0000,0.0025,3.02933,0,
0.0000,0.0025,3.02950,0,
0.0000,0.0025,3.02967,0,
0.0000,0.0025,3.02983,0,
0.0000,0.0025,3.03000,0,
0.0000,0.0025,3.03017,0,
0.0000,0.0025,3.03033,0,
0.0000,0.0025,3.03050,0,
0.0000,0.0025,3.03067,0,
0.0000,0.0025,3.03083,0,
0.0000,0.0025,3.03100,0,
0.0000,0.0025,3.03117,0,
0.0000,0.0025,3.03133,0,
0.0000,0.0025,3.03150,0,
0.0000,0.0025,3.03167,0,
0.0000,0.0025,3.03183,0,
0.0000,0.0025,3.03200,0,
0.0000,0.0025,3.03217,0,
0.0000,0.0025,3.03233,0,
0.0000,0.0025,3.03250,0,
0.0000,0.0025,3.03267,0,
0.0000,0.0025,3.03283,0,
0.0000,0.0025,3.03300,0,
0.0000,0.0025,3.03317,0,
0.0000,0.0025,3.03333,0,
0.0000,0.0025,3.03350,0,
0.0000,0.0025,3.03367,0,
0.0000,0.0025,3.03383,0,
0.0000,0.0025,3.03400,0,
0.0000,0.0025,3.03417,0,
0.0000,0.0025,3.03433,0,
0.0000,0.0025,3.03450,0,
0.0000,0.0025,3.03467,0,
0.0000,0.0025,3.03483,0,
0.0000,0.0025,3.03500,0,
0.0000,0.0025,3.03517,0,
0.0000,0.0025,3.03533,0,
0.0000,0.0025,3.03550,0,
0.0000,0.0025,3.03567,0,
0.0000,0.0025,3.03583,0,
0.0000,0.0025,3.03600,0,
0.0000,0.0025,3.03617,0,
0.0000,0.0025,3.03633,0,
0.0000,0.0025,3.03650,0,
0.0000,0.0025,3.03667,0,
0.0000,0.0025,3.03683,0,
0.0000,0.0025,3.03700,0,
0.0000,0.0025,3.03717,0,
0.0000,0.0025,3.03733,0,
0.0000,0.0025,3.03750,0,
0.0000,0.0025,3.03767,0,
0.0000,0.0025,3.03783,0,
0.0000,0.0025,3.03800,0,
0.0000,0.0025,3.03817,0,
0.0000,0.0025,3.03833,0,
0.0000,0.0025,3.03850,0,
0.0000,0.0025,3.03867,0,
0.0000,0.0025,3.03883,0,
0.0000,0.0025,3.03900,0,
0.0000,0.0025,3.03917,0,
0.0000,0.0025,3.03933,0,
0.0000,0.0025,3.03950,0,
0.0000,0.0025,3.03967,0,
0.0000,0.0025,3.03983,0,
0.0000,0.0025,3.04000,0,
0.0000,0.0025,3.04017,0,
0.0000,0.0025,3.04033,0,
0.0000,0.0025,3.04050,0,
0.0000,0.0025,3.04067,0,
0.0000,0.0025,3.04083,0,
0.0000,0.0025,3.04100,0,
0.0000,0.0025,3.04117,0,
0.0000,0.0025,3.04133,0,
0.0000,0.0025,3.04150,0,
0.0000,0.0025,3.04167,0,
0.0000,0.0025,3.04183,0,
0.0000,0.0025,3.04200,0,
0.0000,0.0025,3.04217,0,
0.0000,0.0025,3.04233,0,
0.0000,0.0025,3.04250,0,
0.0000,0.0025,3.04267,0,
0.0000,0.0025,3.04283,0,
0.0000,0.0025,3.04300,0,
0.0000,0.0025,3.04317,0,
0.0000,0.0025,3.04333,0,
0.0000,0.0025,3.04350,0,
0.0000,0.0025,3.04367,0,
0.0000,0.0025,3.04383,0,
0.0000,0.0025,3.04400,0,
0.0000,0.0025,3.04417,0,
0.0000,0.0025,3.04433,0,
0.0000,0.0025,3.04450,0,
0.0000,0.0025,3.04467,0,
0.0000,0.0025,3.04483,0,
0.0000,0.0025,3.04500,0,
0.0000,0.0025,3.04517,0,
0.0000,0.0025,3.04533,0,
0.0000,0.0025,3.04550,0,
0.0000,0.0025,3.04567,0,
0.0000,0.0025,3.04583,0,
0.0000,0.0025,3.04600,0,
0.0000,0.0025,3.04617,0,
0.0000,0.0025,3.04633,0,
0.0000,0.0025,3.04650,0,
0.0000,0.0025,3.04667,0,
0.0000,0.0025,3.04683,0,
0.0000,0.0025,3.04700,0,
0.0000,0.0025,3.04717,0,
0.0000,0.0025,3.04733,0,
0.0000,0.0025,3.04750,0,
0.0000,0.0025,3.04767,0,
0.0000,0.0025,3.04783,0,
0.0000,0.0025,3.04800,0,
0.0000,0.0025,3.04817,0,
0.0000,0.0025,3.04833,0,
0.0000,0.0025,3.04850,0,
0.0000,0.0025,3.04867,0,
0.0000,0.0025,3.04883,0,
0.0000,0.0025,3.04900,0,
0.0000,0.0025,3.04917,0,
0.0000,0.0025,3.04933,0,
0.0000,0.0025,3.04950,0,
0.0000,0.0025,3.04967,0,
0.0000,0.0025,3.04983,0,
0.0000,0.0025,3.05000,0,
0.0000,0.0025,3.05017,0,
0.0000,0.0025,3.05033,0,
0.0000,0.0025,3.05050,0,
0.0000,0.0025,3.05067,0,
0.0000,0.0025,3.05083,0,
0.0000,0.0025,3.05100,0,
0.0000,0.0025,3.05117,0,
0.0000,0.0025,3.05133,0,
0.0000,0.0025,3.05150,0,
0.0000,0.0025,3.05167,0,
0.0000,0.0025,3.05183,0,
0.0000,0.0025,3.05200,0,
0.0000,0.0025,3.05217,0,
0.0000,0.0025,3.05233,0,
0.0000,0.0025,3.05250,0,
0.0000,0.0025,3.05267,0,
0.0000,0.0025,3.05283,0,
0.0000,0.0025,3.05300,0,
0.0000,0.0025,3.05317,0,
0.0000,0.0025,3.05333,0,
0.0000,0.0025,3.05350,0,
0.0000,0.0025,3.05367,0,
0.0000,0.0025,3.05383,0,
0.0000,0.0025,3.05400,0,
0.0000,0.0025,3.05417,0,
0.0000,0.0025,3.05433,0,
0.0000,0.0025,3.05450,0,
0.0000,0.0025,3.05467,0,
0.0000,0.0025,3.05483,0,
0.0000,0.0025,3.05500,0,
0.0000,0.0025,3.05517,0,
0.0000,0.0025,3.05533,0,
0.0000,0.0025,3.05550,0,
0.0000,0.0025,3.05567,0,
0.0000,0.0025,3.05583,0,
0.0000,0.0025,3.05600,0,
0.0000,0.0025,3.05617,0,
0.0000,0.0025,3.05633,0,
0.0000,0.0025,3.05650,0,
0.0000,0.0025,3.05667,0,
0.0000,0.0025,3.05683,0,
0.0000,0.0025,3.05700,0,
0.0000,0.0025,3.05717,0,
0.0000,0.0025,3.05733,0,
0.0000,0.0025,3.05750,0,
0.0000,0.0025,3.05767,0,
0.0000,0.0025,3.05783,0,
0.0000,0.0025,3.05800,0,
0.0000,0.0025,3.05817,0,
0.0000,0.0025,3.05833,0,
0.0000,0.0025,3.05850,0,
0.0000,0.0025,3.05867,0,
0.0000,0.0025,3.05883,0,
0.0000,0.0025,3.05900,0,
0.0000,0.0025,3.05917,0,
0.0000,0.0025,3.05933,0,
0.0000,0.0025,3.05950,0,
0.0000,0.0025,3.05967,0,
0.0000,0.0025,3.05983,0,
0.0000,0.0025,3.06000,0,
0.0000,0.0025,3.06017,0,
0.0000,0.0025,3.06033,0,
0.0000,0.0025,3.06050,0,
0.0000,0.0025,3.06067,0,
0.0000,0.0025,3.06083,0,
0.0000,0.0025,3.06100,0,
0.0000,0.0025,3.06117,0,
0.0000,0.0025,3.06133,0,
0.0000,0.0025,3.06150,0,
0.0000,0.0025,3.06167,0,
0.0000,0.0025,3.06183,0,
0.0000,0.0025,3.06200,0,
0.0000,0.0025,3.06217,0,
0.0000,0.0025,3.06233,0,
0.0000,0.0025,3.06250,0,
0.0000,0.0025,3.06267,0,
0.0000,0.0025,3.06283,0,
0.0000,0.0025,3.06300,0,
0.0000,0.0025,3.06317,0,
0.0000,0.0025,3.06333,0,
0.0000,0.0025,3.06350,0,
0.0000,0.0025,3.06367,0,
0.0000,0.0025,3.06383,0,
0.0000,0.0025,3.06400,0,
0.0000,0.0025,3.06417,0,
0.0000,0.0025,3.06433,0,
0.0000,0.0025,3.06450,0,
0.0000,0.0025,3.06467,0,
0.0000,0.0025,3.06483,0,
0.0000,0.0025,3.06500,0,
0.0000,0.0025,3.06517,0,
0.0000,0.0025,3.06533,0,
0.0000,0.0025,3.06550,0,
0.0000,0.0025,3.06567,0,
0.0000,0.0025,3.06583,0,
0.0000,0.0025,3.06600,0,
0.0000,0.0025,3.06617,0,
0.0000,0.0025,3.06633,0,
0.0000,0.0025,3.06650,0,
0.0000,0.0025,3.06667,0,
0.0000,0.0025,3.06683,0,
0.0000,0.0025,3.06700,0,
0.0000,0.0025,3.06717,0,
0.0000,0.0025,3.06733,0,
0.0000,0.0025,3.06750,0,
0.0000,0.0025,3.06767,0,
0.0000,0.0025,3.06783,0,
0.0000,0.0025,3.06800,0,
0.0000,0.0025,3.06817,0,
0.0000,0.0025,3.06833,0,
0.0000,0.0025,3.06850,0,
0.0000,0.0025,3.06867,0,
0.0000,0.0025,3.06883,0,
0.0000,0.0025,3.06900,0,
0.0000,0.0025,3.06917,0,
0.0000,0.0025,3.06933,0,
0.0000,0.0025,3.06950,0,
0.0000,0.0025,3.06967,0,
0.0000,0.0025,3.06983,0,
0.0000,0.0025,3.07000,0,
0.0000,0.0025,3.07017,0,
0.0000,0.0025,3.07033,0,
0.0000,0.0025,3.07050,0,
0.0000,0.0025,3.07067,0,
0.0000,0.0025,3.07083,0,
0.0000,0.0025,3.07100,0,
0.0000,0.0025,3.07117,0,
0.0000,0.0025,3.07133,0,
0.0000,0.0025,3.07150,0,
0.0000,0.0025,3.07167,0,
0.0000,0.0025,3.07183,0,
0.0000,0.0025,3.07200,0,
0.0000,0.0025,3.07217,0,
0.0000,0.0025,3.07233,0,
0.0000,0.0025,3.07250,0,
0.0000,0.0025,3.07267,0,
0.0000,0.0025,3.07283,0,
0.0000,0.0025,3.07300,0,
0.0000,0.0025,3.07317,0,
0.0000,0.0025,3.07333,0,
0.0000,0.0025,3.07350,0,
0.0000,0.0025,3.07367,0,
0.0000,0.0025,3.07383,0,
0.0000,0.0025,3.07400,0,
0.0000,0.0025,3.07417,0,
0.0000,0.0025,3.07433,0,
0.0000,0.0025,3.07450,0,
0.0000,0.0025,3.07467,0,
0.0000,0.0025,3.07483,0,
0.0000,0.0025,3.07500,0,
0.0000,0.0025,3.07517,0,
0.0000,0.0025,3.07533,0,
0.0000,0.0025,3.07550,0,
0.0000,0.0025,3.07567,0,
0.0000,0.0025,3.07583,0,
0.0000,0.0025,3.07600,0,
0.0000,0.0025,3.07617,0,
0.0000,0.0025,3.07633,0,
0.0000,0.0025,3.07650,0,
0.0000,0.0025,3.07667,0,
0.0000,0.0025,3.07683,0,
0.0000,0.0025,3.07700,0,
0.0000,0.0025,3.07717,0,
0.0000,0.0025,3.07733,0,
0.0000,0.0025,3.07750,0,
0.0000,0.0025,3.07767,0,
0.0000,0.0025,3.07783,0,
0.0000,0.0025,3.07800,0,
0.0000,0.0025,3.07817,0,
0.0000,0.0025,3.07833,0,
0.0000,0.0025,3.07850,0,
0.0000,0.0025,3.07867,0,
0.0000,0.0025,3.07883,0,
0.0000,0.0025,3.07900,0,
0.0000,0.0025,3.07917,0,
0.0000,0.0025,3.07933,0,
0.0000,0.0025,3.07950,0,
0.0000,0.0025,3.07967,0,
0.0000,0.0025,3.07983,0,
0.0000,0.0025,3.08000,0,
0.0000,0.0025,3.08017,0,
0.0000,0.0025,3.08033,0,
0.0000,0.0025,3.08050,0,
0.0000,0.0025,3.08067,0,
0.0000,0.0025,3.08083,0,
0.0000,0.0025,3.08100,0,
0.0000,0.0025,3.08117,0,
0.0000,0.0025,3.08133,0,
0.0000,0.0025,3.08150,0,
0.0000,0.0025,3.08167,0,
0.0000,0.0025,3.08183,0,
0.0000,0.0025,3.08200,0,
0.0000,0.0025,3.08217,0,
0.0000,0.0025,3.08233,0,
0.0000,0.0025,3.08250,0,
0.0000,0.0025,3.08267,0,
0.0000,0.0025,3.08283,0,
0.0000,0.0025,3.08300,0,
0.0000,0.0025,3.08317,0,
0.0000,0.0025,3.08333,0,
0.0000,0.0025,3.08350,0,
0.0000,0.0025,3.08367,0,
0.0000,0.0025,3.08383,0,
0.0000,0.0025,3.08400,0,
0.0000,0.0025,3.08417,0,
0.0000,0.0025,3.08433,0,
0.0000,0.0025,3.08450,0,
0.0000,0.0025,3.08467,0,
0.0000,0.0025,3.08483,0,
0.0000,0.0025,3.08500,0,
0.0000,0.0025,3.08517,0,
0.0000,0.0025,3.08533,0,
0.0000,0.0025,3.08550,0,
0.0000,0.0025,3.08567,0,
0.0000,0.0025,3.08583,0,
0.0000,0.0025,3.08600,0,
0.0000,0.0025,3.08617,0,
0.0000,0.0025,3.08633,0,
0.0000,0.0025,3.08650,0,
0.0000,0.0025,3.08667,0,
0.0000,0.0025,3.08683,0,
0.0000,0.0025,3.08700,0,
0.0000,0.0025,3.08717,0,
0.0000,0.0025,3.08733,0,
0.0000,0.0025,3.08750,0,
0.0000,0.0025,3.08767,0,
0.0000,0.0025,3.08783,0,
0.0000,0.0025,3.08800,0,
0.0000,0.0025,3.08817,0,
0.0000,0.0025,3.08833,0,
0.0000,0.0025,3.08850,0,
0.0000,0.0025,3.08867,0,
0.0000,0.0025,3.08883,0,
0.0000,0.0025,3.08900,0,
0.0000,0.0025,3.08917,0,
0.0000,0.0025,3.08933,0,
0.0000,0.0025,3.08950,0,
0.0000,0.0025,3.08967,0,
0.0000,0.0025,3.08983,0,
0.0000,0.0025,3.09000,0,
0.0000,0.0025,3.09017,0,
0.0000,0.0025,3.09033,0,
0.0000,0.0025,3.09050,0,
0.0000,0.0025,3.09067,0,
0.0000,0.0025,3.09083,0,
0.0000,0.0025,3.09100,0,
0.0000,0.0025,3.09117,0,
0.0000,0.0025,3.09133,0,
0.0000,0.0025,3.09150,0,
0.0000,0.0025,3.09167,0,
0.0000,0.0025,3.09183,0,
0.0000,0.0025,3.09200,0,
0.0000,0.0025,3.09217,0,
0.0000,0.0025,3.09233,0,
0.0000,0.0025,3.09250,0,
0.0000,0.0025,3.09267,0,
0.0000,0.0025,3.09283,0,
0.0000,0.0025,3.09300,0,
0.0000,0.0025,3.09317,0,
0.0000,0.0025,3.09333,0,
0.0000,0.0025,3.09350,0,
0.0000,0.0025,3.09367,0,
0.0000,0.0025,3.09383,0,
0.0000,0.0025,3.09400,0,
0.0000,0.0025,3.09417,0,
0.0000,0.0025,3.09433,0,
0.0000,0.0025,3.09450,0,
0.0000,0.0025,3.09467,0,
0.0000,0.0025,3.09483,0,
0.0000,0.0025,3.09500,0,
0.0000,0.0025,3.09517,0,
0.0000,0.0025,3.09533,0,
0.0000,0.0025,3.09550,0,
0.0000,0.0025,3.09567,0,
0.0000,0.0025,3.09583,0,
0.0000,0.0025,3.09600,0,
0.0000,0.0025,3.09617,0,
0.0000,0.0025,3.09633,0,
0.0000,0.0025,3.09650,0,
0.0000,0.0025,3.09667,0,
0.0000,0.0025,3.09683,0,
0.0000,0.0025,3.09700,0,
0.0000,0.0025,3.09717,0,
0.0000,0.0025,3.09733,0,
0.0000,0.0025,3.09750,0,
0.0000,0.0025,3.09767,0,
0.0000,0.0025,3.09783,0,
0.0000,0.0025,3.09800,0,
0.0000,0.0025,3.09817,0,
0.0000,0.0025,3.09833,0,
0.0000,0.0025,3.09850,0,
0.0000,0.0025,3.09867,0,
0.0000,0.0025,3.09883,0,
0.0000,0.0025,3.09900,0,
0.0000,0.0025,3.09917,0,
0.0000,0.0025,3.09933,0,
0.0000,0.0025,3.09950,0,
0.0000,0.0025,3.09967,0,
0.0000,0.0025,3.09983,0,
0.0000,0.0025,3.10000,0,
0.0000,0.0025,3.10017,0,
0.0000,0.0025,3.10033,0,
0.0000,0.0025,3.10050,0,
0.0000,0.0025,3.10067,0,
0.0000,0.0025,3.10083,0,
0.0000,0.0025,3.10100,0,
0.0000,0.0025,3.10117,0,
0.0000,0.0025,3.10133,0,
0.0000,0.0025,3.10150,0,
0.0000,0.0025,3.10167,0,
0.0000,0.0025,3.10183,0,
0.0000,0.0025,3.10200,0,
0.0000,0.0025,3.10217,0,
0.0000,0.0025,3.10233,0,
0.0000,0.0025,3.10250,0,
0.0000,0.0025,3.10267,0,
0.0000,0.0025,3.10283,0,
0.0000,0.0025,3.10300,0,
0.0000,0.0025,3.10317,0,
0.0000,0.0025,3.10333,0,
0.0000,0.0025,3.10350,0,
0.0000,0.0025,3.10367,0,
0.0000,0.0025,3.10383,0,
0.0000,0.0025,3.10400,0,
0.0000,0.0025,3.10417,0,
0.0000,0.0025,3.10433,0,
0.0000,0.0025,3.10450,0,
0.0000,0.0025,3.10467,0,
0.0000,0.0025,3.10483,0,
0.0000,0.0025,3.10500,0,
0.0000,0.0025,3.10517,0,
0.0000,0.0025,3.10533,0,
0.0000,0.0025,3.10550,0,
0.0000,0.0025,3.10567,0,
0.0000,0.0025,3.10583,0,
0.0000,0.0025,3.10600,0,
0.0000,0.0025,3.10617,0,
0.0000,0.0025,3.10633,0,
0.0000,0.0025,3.10650,0,
0.0000,0.0025,3.10667,0,
0.0000,0.0025,3.10683,0,
0.0000,0.0025,3.10700,0,
0.0000,0.0025,3.10717,0,
0.0000,0.0025,3.10733,0,
0.0000,0.0025,3.10750,0,
0.0000,0.0025,3.10767,0,
0.0000,0.0025,3.10783,0,
0.0000,0.0025,3.10800,0,
0.0000,0.0025,3.10817,0,
0.0000,0.0025,3.10833,0,
0.0000,0.0025,3.10850,0,
0.0000,0.0025,3.10867,0,
0.0000,0.0025,3.10883,0,
0.0000,0.0025,3.10900,0,
0.0000,0.0025,3.10917,0,
0.0000,0.0025,3.10933,0,
0.0000,0.0025,3.10950,0,
0.0000,0.0025,3.10967,0,
0.0000,0.0025,3.10983,0,
0.0000,0.0025,3.11000,0,
0.0000,0.0025,3.11017,0,
0.0000,0.0025,3.11033,0,
0.0000,0.0025,3.11050,0,
0.0000,0.0025,3.11067,0,
0.0000,0.0025,3.11083,0,
0.0000,0.0025,3.11100,0,
0.0000,0.0025,3.11117,0,
0.0000,0.0025,3.11133,0,
0.0000,0.0025,3.11150,0,
0.0000,0.0025,3.11167,0,
0.0000,0.0025,3.11183,0,
0.0000,0.0025,3.11200,0,
0.0000,0.0025,3.11217,0,
0.0000,0.0025,3.11233,0,
0.0000,0.0025,3.11250,0,
0.0000,0.0025,3.11267,0,
0.0000,0.0025,3.11283,0,
0.0000,0.0025,3.11300,0,
0.0000,0.0025,3.11317,0,
0.0000,0.0025,3.11333,0,
0.0000,0.0025,3.11350,0,
0.0000,0.0025,3.11367,0,
0.0000,0.0025,3.11383,0,
0.0000,0.0025,3.11400,0,
0.0000,0.0025,3.11417,0,
0.0000,0.0025,3.11433,0,
0.0000,0.0025,3.11450,0,
0.0000,0.0025,3.11467,0,
0.0000,0.0025,3.11483,0,
0.0000,0.0025,3.11500,0,
0.0000,0.0025,3.11517,0,
0.0000,0.0025,3.11533,0,
0.0000,0.0025,3.11550,0,
0.0000,0.0025,3.11567,0,
0.0000,0.0025,3.11583,0,
0.0000,0.0025,3.11600,0,
0.0000,0.0025,3.11617,0,
0.0000,0.0025,3.11633,0,
0.0000,0.0025,3.11650,0,
0.0000,0.0025,3.11667,0,
0.0000,0.0025,3.11683,0,
0.0000,0.0025,3.11700,0,
0.0000,0.0025,3.11717,0,
0.0000,0.0025,3.11733,0,
0.0000,0.0025,3.11750,0,
0.0000,0.0025,3.11767,0,
0.0000,0.0025,3.11783,0,
0.0000,0.0025,3.11800,0,
0.0000,0.0025,3.11817,0,
0.0000,0.0025,3.11833,0,
0.0000,0.0025,3.11850,0,
0.0000,0.0025,3.11867,0,
0.0000,0.0025,3.11883,0,
0.0000,0.0025,3.11900,0,
0.0000,0.0025,3.11917,0,
0.0000,0.0025,3.11933,0,
0.0000,0.0025,3.11950,0,
0.0000,0.0025,3.11967,0,
0.0000,0.0025,3.11983,0,
0.0000,0.0025,3.12000,0,
0.0000,0.0025,3.12017,0,
0.0000,0.0025,3.12033,0,
0.0000,0.0025,3.12050,0,
0.0000,0.0025,3.12067,0,
0.0000,0.0025,3.12083,0,
0.0000,0.0025,3.12100,0,
0.0000,0.0025,3.12117,0,
0.0000,0.0025,3.12133,0,
0.0000,0.0025,3.12150,0,
0.0000,0.0025,3.12167,0,
0.0000,0.0025,3.12183,0,
0.0000,0.0025,3.12200,0,
0.0000,0.0025,3.12217,0,
0.0000,0.0025,3.12233,0,
0.0000,0.0025,3.12250,0,
0.0000,0.0025,3.12267,0,
0.0000,0.0025,3.12283,0,
0.0000,0.0025,3.12300,0,
0.0000,0.0025,3.12317,0,
0.0000,0.0025,3.12333,0,
0.0000,0.0025,3.12350,0,
0.0000,0.0025,3.12367,0,
0.0000,0.0025,3.12383,0,
0.0000,0.0025,3.12400,0,
0.0000,0.0025,3.12417,0,
0.0000,0.0025,3.12433,0,
0.0000,0.0025,3.12450,0,
0.0000,0.0025,3.12467,0,
0.0000,0.0025,3.12483,0,
0.0000,0.0025,3.12500,0,
0.0000,0.0025,3.12517,0,
0.0000,0.0025,3.12533,0,
0.0000,0.0025,3.12550,0,
0.0000,0.0025,3.12567,0,
0.0000,0.0025,3.12583,0,
0.0000,0.0025,3.12600,0,
0.0000,0.0025,3.12617,0,
0.0000,0.0025,3.12633,0,
0.0000,0.0025,3.12650,0,
0.0000,0.0025,3.12667,0,
0.0000,0.0025,3.12683,0,
0.0000,0.0025,3.12700,0,
0.0000,0.0025,3.12717,0,
0.0000,0.0025,3.12733,0,
0.0000,0.0025,3.12750,0,
0.0000,0.0025,3.12767,0,
0.0000,0.0025,3.12783,0,
0.0000,0.0025,3.12800,0,
0.0000,0.0025,3.12817,0,
0.0000,0.0025,3.12833,0,
0.0000,0.0025,3.12850,0,
0.0000,0.0025,3.12867,0,
0.0000,0.0025,3.12883,0,
0.0000,0.0025,3.12900,0,
0.0000,0.0025,3.12917,0,
0.0000,0.0025,3.12933,0,
0.0000,0.0025,3.12950,0,
0.0000,0.0025,3.12967,0,
0.0000,0.0025,3.12983,0,
0.0000,0.0000,3.13000,0,
0.0000,-0.0025,3.13017,0,
0.0000,-0.0050,3.13033,0,
0.0000,-0.0075,3.13050,0,
0.0000,-0.0075,3.13067,0,
0.0000,-0.0075,3.13083,0,
0.0000,-0.0100,3.13100,0,
0.0000,-0.0100,3.13117,0,
0.0000,-0.0100,3.13133,0,
0.0000,-0.0125,3.13150,0,
0.0000,-0.0125,3.13167,0,
0.0000,-0.0150,3.13183,0,
0.0000,-0.0175,3.13200,0,
0.0000,-0.0200,3.13217,0,
0.0000,-0.0225,3.13233,0,
0.0000,-0.0275,3.13250,0,
0.0000,-0.0300,3.13267,0,
0.0000,-0.0325,3.13283,0,
0.0000,-0.0350,3.13300,0,
0.0000,-0.0400,3.13317,0,
0.0000,-0.0425,3.13333,0,
0.0000,-0.0450,3.13350,0,
0.0000,-0.0500,3.13367,0,
0.0000,-0.0550,3.13383,0,
0.0000,-0.0600,3.13400,0,
0.0000,-0.0625,3.13417,0,
0.0000,-0.0675,3.13433,0,
0.0000,-0.0700,3.13450,0,
0.0000,-0.0750,3.13467,0,
0.0000,-0.0825,3.13483,0,
0.0000,-0.0875,3.13500,0,
0.0000,-0.0925,3.13517,0,
0.0000,-0.0975,3.13533,0,
0.0000,-0.1025,3.13550,0,
0.0000,-0.1100,3.13567,0,
0.0000,-0.1150,3.13583,0,
0.0000,-0.1200,3.13600,0,
0.0000,-0.1275,3.13617,0,
0.0000,-0.1325,3.13633,0,
0.0000,-0.1400,3.13650,0,
0.0000,-0.1450,3.13667,0,
0.0000,-0.1500,3.13683,0,
0.0000,-0.1575,3.13700,0,
0.0000,-0.1625,3.13717,0,
-0.0372,-0.1700,3.13733,0,
-0.0372,-0.1750,3.13750,0,
-0.0372,-0.1825,3.13767,0,
-0.0372,-0.1875,3.13783,0,
-0.0745,-0.1950,3.13800,0,
-0.0745,-0.2025,3.13817,0,
-0.0745,-0.2075,3.13833,0,
-0.1117,-0.2125,3.13850,0,
-0.1489,-0.2200,3.13867,0,
-0.1861,-0.2275,3.13883,0,
-0.2234,-0.2325,3.13900,0,
-0.2978,-0.2375,3.13917,0,
-0.3723,-0.2450,3.13933,0,
-0.4468,-0.2525,3.13950,0,
-0.5585,-0.2600,3.13967,0,
-0.6701,-0.2650,3.13983,0,
-0.7446,-0.2725,3.14000,0,
-0.8563,-0.2800,3.14017,0,
-1.0052,-0.2875,3.14033,0,
-1.1169,-0.2925,3.14050,0,
-1.2286,-0.3000,3.14067,0,
-1.3403,-0.3075,3.14083,0,
-1.4892,-0.3150,3.14100,0,
-1.6381,-0.3225,3.14117,0,
-1.7498,-0.3300,3.14133,0,
-1.8987,-0.3375,3.14150,0,
-2.0104,-0.3450,3.14167,0,
-2.1221,-0.3525,3.14183,0,
-2.2710,-0.3575,3.14200,0,
-2.3827,-0.3650,3.14217,0,
-2.4944,-0.3725,3.14233,0,
-2.6061,-0.3800,3.14250,0,
-2.7178,-0.3875,3.14267,0,
-2.8667,-0.3950,3.14283,0,
-2.9784,-0.4025,3.14300,0,
-3.0901,-0.4100,3.14317,0,
-3.2018,-0.4175,3.14333,0,
-3.3135,-0.4250,3.14350,0,
-3.4252,-0.4325,3.14367,0,
-3.5741,-0.4400,3.14383,0,
-3.6858,-0.4475,3.14400,0,
-3.7975,-0.4550,3.14417,0,
-3.9092,-0.4625,3.14433,0,
-4.0208,-0.4700,3.14450,0,
-4.1698,-0.4775,3.14467,0,
-4.2815,-0.4850,3.14483,0,
-4.3932,-0.4925,3.14500,0,
-4.5048,-0.5000,3.14517,0,
-4.6165,-0.5100,3.14533,0,
-4.6910,-0.5175,3.14550,0,
-4.8027,-0.5250,3.14567,0,
-4.9144,-0.5325,3.14583,0,
-4.9888,-0.5400,3.14600,0,
-5.0633,-0.5475,3.14617,0,
-5.1750,-0.5550,3.14633,0,
-5.2494,-0.5625,3.14650,0,
-5.3611,-0.5700,3.14667,0,
-5.4356,-0.5800,3.14683,0,
-5.5473,-0.5875,3.14700,0,
-5.6217,-0.5950,3.14717,0,
-5.7334,-0.6025,3.14733,0,
-5.8451,-0.6100,3.14750,0,
-5.9196,-0.6200,3.14767,0,
-5.9940,-0.6275,3.14783,0,
-6.1057,-0.6350,3.14800,0,
-6.1802,-0.6450,3.14817,0,
-6.2547,-0.6525,3.14833,0,
-6.3663,-0.6600,3.14850,0,
-6.4408,-0.6700,3.14867,0,
-6.5525,-0.6775,3.14883,0,
-6.5897,-0.6850,3.14900,0,
-6.6642,-0.6925,3.14917,0,
-6.7386,-0.7025,3.14933,0,
-6.8131,-0.7100,3.14950,0,
-6.9248,-0.7175,3.14967,0,
-7.0737,-0.7250,3.14983,0,
-7.1854,-0.7325,3.15000,0,
-7.3343,-0.7400,3.15017,0,
-7.4460,-0.7475,3.15033,0,
-7.5949,-0.7575,3.15050,0,
-7.7439,-0.7650,3.15067,0,
-7.8555,-0.7725,3.15083,0,
-8.0045,-0.7825,3.15100,0,
-8.1534,-0.7900,3.15117,0,
-8.2651,-0.7975,3.15133,0,
-8.4140,-0.8075,3.15150,0,
-8.5629,-0.8150,3.15167,0,
-8.6746,-0.8225,3.15183,0,
-8.8608,-0.8325,3.15200,0,
-8.9725,-0.8400,3.15217,0,
-9.1214,-0.8475,3.15233,0,
-9.2703,-0.8575,3.15250,0,
-9.4192,-0.8650,3.15267,0,
-9.5681,-0.8750,3.15283,0,
-9.7171,-0.8825,3.15300,0,
-9.8660,-0.8900,3.15317,0,
-9.9777,-0.9000,3.15333,0,
-10.0894,-0.9075,3.15350,0,
-10.2383,-0.9150,3.15367,0,
-10.3500,-0.9225,3.15383,0,
-10.4617,-0.9325,3.15400,0,
-10.6106,-0.9400,3.15417,0,
-10.7223,-0.9500,3.15433,0,
-10.8712,-0.9575,3.15450,0,
-10.9829,-0.9650,3.15467,0,
-11.1318,-0.9750,3.15483,0,
-11.2807,-0.9825,3.15500,0,
-11.4296,-0.9925,3.15517,0,
-11.5786,-1.0000,3.15533,0,
-11.7275,-1.0100,3.15550,0,
-11.8392,-1.0175,3.15567,0,
-11.9881,-1.0250,3.15583,0,
-12.1370,-1.0325,3.15600,0,
-12.2487,-1.0400,3.15617,0,
-12.3604,-1.0475,3.15633,0,
-12.4721,-1.0575,3.15650,0,
-12.6210,-1.0650,3.15667,0,
-12.7699,-1.0725,3.15683,0,
-12.8816,-1.0800,3.15700,0,
-13.0305,-1.0875,3.15717,0,
-13.1422,-1.0950,3.15733,0,
-13.2911,-1.1050,3.15750,0,
-13.4028,-1.1125,3.15767,0,
-13.5145,-1.1200,3.15783,0,
-13.6634,-1.1300,3.15800,0,
-13.8124,-1.1375,3.15817,0,
-13.9240,-1.1450,3.15833,0,
-14.0730,-1.1550,3.15850,0,
-14.2219,-1.1625,3.15867,0,
-14.3708,-1.1700,3.15883,0,
-14.4825,-1.1800,3.15900,0,
-14.5942,-1.1875,3.15917,0,
-14.7431,-1.1950,3.15933,0,
-14.8548,-1.2050,3.15950,0,
-15.0037,-1.2125,3.15967,0,
-15.1154,-1.2200,3.15983,0,
-15.2271,-1.2275,3.16000,0,
-15.3388,-1.2375,3.16017,0,
-15.4505,-1.2450,3.16033,0,
-15.5994,-1.2525,3.16050,0,
-15.6739,-1.2600,3.16067,0,
-15.7856,-1.2700,3.16083,0,
-15.8972,-1.2775,3.16100,0,
-16.0089,-1.2850,3.16117,0,
-16.1206,-1.2950,3.16133,0,
-16.2323,-1.3025,3.16150,0,
-16.3440,-1.3100,3.16167,0,
-16.4557,-1.3200,3.16183,0,
-16.5302,-1.3275,3.16200,0,
-16.6046,-1.3375,3.16217,0,
-16.6791,-1.3450,3.16233,0,
-16.7535,-1.3525,3.16250,0,
-16.8652,-1.3600,3.16267,0,
-16.9397,-1.3675,3.16283,0,
-17.0514,-1.3750,3.16300,0,
-17.1631,-1.3825,3.16317,0,
-17.3120,-1.3925,3.16333,0,
-17.4237,-1.4000,3.16350,0,
-17.5354,-1.4075,3.16367,0,
-17.6471,-1.4150,3.16383,0,
-17.7960,-1.4225,3.16400,0,
-17.8704,-1.4325,3.16417,0,
-18.0194,-1.4400,3.16433,0,
-18.0938,-1.4475,3.16450,0,
-18.1683,-1.4575,3.16467,0,
-18.2800,-1.4650,3.16483,0,
-18.3917,-1.4725,3.16500,0,
-18.5033,-1.4825,3.16517,0,
-18.5778,-1.4900,3.16533,0,
-18.6895,-1.4975,3.16550,0,
-18.7640,-1.5050,3.16567,0,
-18.8384,-1.5150,3.16583,0,
-18.8757,-1.5225,3.16600,0,
-18.9873,-1.5300,3.16617,0,
-19.0618,-1.5400,3.16633,0,
-19.0990,-1.5475,3.16650,0,
-19.1735,-1.5575,3.16667,0,
-19.2480,-1.5650,3.16683,0,
-19.2852,-1.5725,3.16700,0,
-19.3596,-1.5800,3.16717,0,
-19.4713,-1.5900,3.16733,0,
-19.5830,-1.5975,3.16750,0,
-19.6947,-1.6050,3.16767,0,
-19.7692,-1.6150,3.16783,0,
-19.8809,-1.6225,3.16800,0,
-19.9926,-1.6325,3.16817,0,
-20.1042,-1.6400,3.16833,0,
-20.1787,-1.6475,3.16850,0,
-20.2532,-1.6575,3.16867,0,
-20.3276,-1.6650,3.16883,0,
-20.4393,-1.6750,3.16900,0,
-20.4765,-1.6825,3.16917,0,
-20.5882,-1.6900,3.16933,0,
-20.6999,-1.6975,3.16950,0,
-20.7744,-1.7075,3.16967,0,
-20.8488,-1.7150,3.16983,0,
-20.9605,-1.7225,3.17000,0,
-21.0350,-1.7300,3.17017,0,
-21.0722,-1.7375,3.17033,0,
-21.1467,-1.7475,3.17050,0,
-21.2211,-1.7550,3.17067,0,
-21.2584,-1.7625,3.17083,0,
-21.2584,-1.7725,3.17100,0,
-21.2956,-1.7800,3.17117,0,
-21.3328,-1.7875,3.17133,0,
-21.4073,-1.7975,3.17150,0,
-21.4818,-1.8050,3.17167,0,
-21.5562,-1.8150,3.17183,0,
-21.6307,-1.8225,3.17200,0,
-21.7051,-1.8300,3.17217,0,
-21.7424,-1.8400,3.17233,0,
-21.8168,-1.8475,3.17250,0,
-21.8913,-1.8550,3.17267,0,
-21.9657,-1.8650,3.17283,0,
-22.0774,-1.8725,3.17300,0,
-22.1519,-1.8825,3.17317,0,
-22.2264,-1.8900,3.17333,0,
-22.3008,-1.8975,3.17350,0,
-22.4125,-1.9050,3.17367,0,
-22.4870,-1.9150,3.17383,0,
-22.5987,-1.9225,3.17400,0,
-22.6359,-1.9300,3.17417,0,
-22.7476,-1.9400,3.17433,0,
-22.8220,-1.9475,3.17450,0,
-22.8965,-1.9575,3.17467,0,
-23.0082,-1.9650,3.17483,0,
-23.0826,-1.9725,3.17500,0,
-23.1571,-1.9825,3.17517,0,
-23.1943,-1.9900,3.17533,0,
-23.2688,-2.0000,3.17550,0,
-23.3060,-2.0075,3.17567,0,
-23.3433,-2.0150,3.17583,0,
-23.3805,-2.0225,3.17600,0,
-23.4177,-2.0325,3.17617,0,
-23.4550,-2.0400,3.17633,0,
-23.4922,-2.0475,3.17650,0,
-23.5294,-2.0550,3.17667,0,
-23.5666,-2.0625,3.17683,0,
-23.6411,-2.0700,3.17700,0,
-23.7156,-2.0800,3.17717,0,
-23.7900,-2.0875,3.17733,0,
-23.7900,-2.0950,3.17750,0,
-23.8273,-2.1025,3.17767,0,
-23.8645,-2.1125,3.17783,0,
-23.9017,-2.1200,3.17800,0,
-23.9017,-2.1275,3.17817,0,
-23.9762,-2.1350,3.17833,0,
-24.0134,-2.1450,3.17850,0,
-24.0506,-2.1525,3.17867,0,
-24.0879,-2.1600,3.17883,0,
-24.0506,-2.1675,3.17900,0,
-24.0879,-2.1775,3.17917,0,
-24.1623,-2.1850,3.17933,0,
-24.2368,-2.1950,3.17950,0,
-24.3112,-2.2025,3.17967,0,
-24.3857,-2.2100,3.17983,0,
-24.4602,-2.2175,3.18000,0,
-24.5346,-2.2275,3.18017,0,
-24.6091,-2.2350,3.18033,0,
-24.6091,-2.2425,3.18050,0,
-24.6835,-2.2500,3.18067,0,
-24.6835,-2.2600,3.18083,0,
-24.7208,-2.2675,3.18100,0,
-24.7952,-2.2750,3.18117,0,
-24.8697,-2.2850,3.18133,0,
-24.9442,-2.2925,3.18150,0,
-25.0186,-2.3025,3.18167,0,
-25.0931,-2.3100,3.18183,0,
-25.1675,-2.3175,3.18200,0,
-25.2048,-2.3275,3.18217,0,
-25.2420,-2.3350,3.18233,0,
-25.2792,-2.3425,3.18250,0,
-25.3537,-2.3525,3.18267,0,
-25.4281,-2.3600,3.18283,0,
-25.5026,-2.3675,3.18300,0,
-25.5771,-2.3750,3.18317,0,
-25.6515,-2.3825,3.18333,0,
-25.6888,-2.3925,3.18350,0,
-25.7632,-2.4000,3.18367,0,
-25.8377,-2.4075,3.18383,0,
-25.9121,-2.4150,3.18400,0,
-25.9866,-2.4250,3.18417,0,
-26.0983,-2.4325,3.18433,0,
-26.1355,-2.4400,3.18450,0,
-26.2100,-2.4500,3.18467,0,
-26.2100,-2.4575,3.18483,0,
-26.2472,-2.4675,3.18500,0,
-26.3217,-2.4750,3.18517,0,
-26.3217,-2.4825,3.18533,0,
-26.3217,-2.4925,3.18550,0,
-26.3589,-2.5000,3.18567,0,
-26.3961,-2.5075,3.18583,0,
-26.4334,-2.5175,3.18600,0,
-26.4706,-2.5250,3.18617,0,
-26.5078,-2.5350,3.18633,0,
-26.5450,-2.5425,3.18650,0,
-26.5823,-2.5500,3.18667,0,
-26.6195,-2.5575,3.18683,0,
-26.6195,-2.5675,3.18700,0,
-26.6567,-2.5750,3.18717,0,
-26.6940,-2.5825,3.18733,0,
-26.6940,-2.5925,3.18750,0,
-26.7312,-2.6000,3.18767,0,
-26.7312,-2.6075,3.18783,0,
-26.7684,-2.6175,3.18800,0,
-26.8057,-2.6250,3.18817,0,
-26.8429,-2.6325,3.18833,0,
-26.8429,-2.6425,3.18850,0,
-26.8429,-2.6500,3.18867,0,
-26.7684,-2.6600,3.18883,0,
-26.8057,-2.6675,3.18900,0,
-26.8429,-2.6775,3.18917,0,
-26.8801,-2.6850,3.18933,0,
-26.9173,-2.6925,3.18950,0,
-26.9546,-2.7000,3.18967,0,
-27.0290,-2.7100,3.18983,0,
-27.1035,-2.7175,3.19000,0,
-27.1780,-2.7250,3.19017,0,
-27.2152,-2.7325,3.19033,0,
-27.2524,-2.7425,3.19050,0,
-27.3269,-2.7500,3.19067,0,
-27.3269,-2.7575,3.19083,0,
-27.3641,-2.7675,3.19100,0,
-27.4013,-2.7750,3.19117,0,
-27.4386,-2.7850,3.19133,0,
-27.4758,-2.7925,3.19150,0,
-27.5130,-2.8000,3.19167,0,
-27.5503,-2.8100,3.19183,0,
-27.5503,-2.8175,3.19200,0,
-27.6247,-2.8250,3.19217,0,
-27.6247,-2.8350,3.19233,0,
-27.6619,-2.8425,3.19250,0,
-27.6619,-2.8525,3.19267,0,
-27.7364,-2.8600,3.19283,0,
-27.6992,-2.8700,3.19300,0,
-27.6992,-2.8775,3.19317,0,
-27.6992,-2.8850,3.19333,0,
-27.7364,-2.8950,3.19350,0,
-27.6992,-2.9025,3.19367,0,
-27.6619,-2.9100,3.19383,0,
-27.6247,-2.9175,3.19400,0,
-27.5503,-2.9275,3.19417,0,
-27.5130,-2.9350,3.19433,0,
-27.5130,-2.9425,3.19450,0,
-27.5130,-2.9525,3.19467,0,
-27.5130,-2.9600,3.19483,0,
-27.5130,-2.9700,3.19500,0,
-27.5130,-2.9775,3.19517,0,
-27.5130,-2.9850,3.19533,0,
-27.5130,-2.9950,3.19550,0,
-27.5130,-3.0025,3.19567,0,
-27.5130,-3.0100,3.19583,0,
-27.5503,-3.0175,3.19600,0,
-27.5503,-3.0275,3.19617,0,
-27.5875,-3.0350,3.19633,0,
-27.6247,-3.0425,3.19650,0,
-27.6247,-3.0525,3.19667,0,
-27.6619,-3.0600,3.19683,0,
-27.6619,-3.0675,3.19700,0,
-27.6619,-3.0750,3.19717,0,
-27.6992,-3.0850,3.19733,0,
-27.7364,-3.0925,3.19750,0,
-27.7364,-3.1000,3.19767,0,
-27.7364,-3.1100,3.19783,0,
-27.7364,-3.1175,3.19800,0,
-27.6992,-3.1250,3.19817,0,
-27.7364,-3.1350,3.19833,0,
-27.7364,-3.1425,3.19850,0,
-27.7736,-3.1500,3.19867,0,
-27.8109,-3.1600,3.19883,0,
-27.8109,-3.1675,3.19900,0,
-27.8109,-3.1750,3.19917,0,
-27.8481,-3.1850,3.19933,0,
-27.8853,-3.1925,3.19950,0,
-27.9226,-3.2025,3.19967,0,
-27.8853,-3.2100,3.19983,0,
-27.8853,-3.2175,3.20000,0,
-27.8853,-3.2250,3.20017,0,
-27.8853,-3.2350,3.20033,0,
-27.9226,-3.2425,3.20050,0,
-27.9598,-3.2500,3.20067,0,
-27.9226,-3.2575,3.20083,0,
-27.9226,-3.2675,3.20100,0,
-27.9598,-3.2750,3.20117,0,
-27.9970,-3.2825,3.20133,0,
-28.0343,-3.2925,3.20150,0,
-28.0343,-3.3000,3.20167,0,
-28.0715,-3.3100,3.20183,0,
-28.1087,-3.3175,3.20200,0,
-28.1087,-3.3250,3.20217,0,
-28.0343,-3.3350,3.20233,0,
-27.9970,-3.3425,3.20250,0,
-28.0343,-3.3500,3.20267,0,
-28.0343,-3.3575,3.20283,0,
-28.0715,-3.3675,3.20300,0,
-28.0715,-3.3750,3.20317,0,
-28.0715,-3.3825,3.20333,0,
-28.1087,-3.3900,3.20350,0,
-28.1087,-3.3975,3.20367,0,
-28.1087,-3.4075,3.20383,0,
-28.1087,-3.4150,3.20400,0,
-28.1087,-3.4225,3.20417,0,
-28.1087,-3.4300,3.20433,0,
-28.1087,-3.4400,3.20450,0,
-28.1459,-3.4475,3.20467,0,
-28.1459,-3.4575,3.20483,0,
-28.1459,-3.4650,3.20500,0,
-28.1459,-3.4725,3.20517,0,
-28.1832,-3.4825,3.20533,0,
-28.1832,-3.4900,3.20550,0,
-28.2204,-3.5000,3.20567,0,
-28.2576,-3.5075,3.20583,0,
-28.2576,-3.5150,3.20600,0,
-28.2949,-3.5250,3.20617,0,
-28.2949,-3.5325,3.20633,0,
-28.2949,-3.5425,3.20650,0,
-28.2949,-3.5500,3.20667,0,
-28.2576,-3.5575,3.20683,0,
-28.2204,-3.5675,3.20700,0,
-28.1832,-3.5750,3.20717,0,
-28.2204,-3.5825,3.20733,0,
-28.1832,-3.5925,3.20750,0,
-28.1459,-3.6000,3.20767,0,
-28.1087,-3.6075,3.20783,0,
-28.1087,-3.6175,3.20800,0,
-28.1087,-3.6250,3.20817,0,
-28.1087,-3.6350,3.20833,0,
-28.1459,-3.6425,3.20850,0,
-28.1832,-3.6500,3.20867,0,
-28.2204,-3.6600,3.20883,0,
-28.2204,-3.6675,3.20900,0,
-28.2576,-3.6775,3.20917,0,
-28.2204,-3.6850,3.20933,0,
-28.2576,-3.6925,3.20950,0,
-28.2576,-3.7000,3.20967,0,
-28.2949,-3.7075,3.20983,0,
-28.2949,-3.7175,3.21000,0,
-28.2949,-3.7250,3.21017,0,
-28.3321,-3.7325,3.21033,0,
-28.3321,-3.7400,3.21050,0,
-28.3693,-3.7500,3.21067,0,
-28.4066,-3.7575,3.21083,0,
-28.4066,-3.7650,3.21100,0,
-28.4066,-3.7750,3.21117,0,
-28.4066,-3.7825,3.21133,0,
-28.3693,-3.7925,3.21150,0,
-28.3693,-3.8000,3.21167,0,
-28.3693,-3.8100,3.21183,0,
-28.4066,-3.8175,3.21200,0,
-28.3693,-3.8250,3.21217,0,
-28.3693,-3.8350,3.21233,0,
-28.3693,-3.8425,3.21250,0,
-28.3693,-3.8500,3.21267,0,
-28.3693,-3.8600,3.21283,0,
-28.3693,-3.8675,3.21300,0,
-28.3693,-3.8775,3.21317,0,
-28.3693,-3.8850,3.21333,0,
-28.3693,-3.8925,3.21350,0,
-28.3693,-3.9025,3.21367,0,
-28.3693,-3.9100,3.21383,0,
-28.3693,-3.9175,3.21400,0,
-28.3321,-3.9275,3.21417,0,
-28.2949,-3.9350,3.21433,0,
-28.2949,-3.9425,3.21450,0,
-28.2949,-3.9525,3.21467,0,
-28.2949,-3.9600,3.21483,0,
-28.2576,-3.9700,3.21500,0,
-28.2576,-3.9775,3.21517,0,
-28.2576,-3.9850,3.21533,0,
-28.2576,-3.9950,3.21550,0,
-28.2576,-4.0025,3.21567,0,
-28.2204,-4.0125,3.21583,0,
-28.2576,-4.0200,3.21600,0,
-28.2576,-4.0275,3.21617,0,
-28.2576,-4.0350,3.21633,0,
-28.2576,-4.0425,3.21650,0,
-28.2576,-4.0525,3.21667,0,
-28.2576,-4.0600,3.21683,0,
-28.2576,-4.0675,3.21700,0,
-28.2576,-4.0750,3.21717,0,
-28.2204,-4.0850,3.21733,0,
-28.1832,-4.0925,3.21750,0,
-28.1459,-4.1000,3.21767,0,
-28.1459,-4.1100,3.21783,0,
-28.1087,-4.1175,3.21800,0,
-28.1087,-4.1275,3.21817,0,
-28.1087,-4.1350,3.21833,0,
-28.0715,-4.1425,3.21850,0,
-28.0715,-4.1525,3.21867,0,
-28.0715,-4.1600,3.21883,0,
-28.0715,-4.1675,3.21900,0,
-28.0343,-4.1775,3.21917,0,
-28.0343,-4.1850,3.21933,0,
-28.0715,-4.1925,3.21950,0,
-28.0343,-4.2025,3.21967,0,
-27.9970,-4.2100,3.21983,0,
-27.9970,-4.2175,3.22000,0,
-27.9598,-4.2275,3.22017,0,
-27.9598,-4.2350,3.22033,0,
-27.9598,-4.2425,3.22050,0,
-27.9598,-4.2500,3.22067,0,
-27.9226,-4.2600,3.22083,0,
-27.9226,-4.2675,3.22100,0,
-27.8853,-4.2750,3.22117,0,
-27.9226,-4.2850,3.22133,0,
-27.8853,-4.2925,3.22150,0,
-27.8853,-4.3000,3.22167,0,
-27.8853,-4.3100,3.22183,0,
-27.8853,-4.3175,3.22200,0,
-27.8481,-4.3275,3.22217,0,
-27.8481,-4.3350,3.22233,0,
-27.8481,-4.3425,3.22250,0,
-27.8109,-4.3525,3.22267,0,
-27.8481,-4.3600,3.22283,0,
-27.8109,-4.3675,3.22300,0,
-27.8109,-4.3750,3.22317,0,
-27.8109,-4.3850,3.22333,0,
-27.8109,-4.3925,3.22350,0,
-27.8109,-4.4000,3.22367,0,
-27.8109,-4.4075,3.22383,0,
-27.8481,-4.4175,3.22400,0,
-27.8481,-4.4250,3.22417,0,
-27.8481,-4.4325,3.22433,0,
-27.8481,-4.4425,3.22450,0,
-27.8481,-4.4500,3.22467,0,
-27.8481,-4.4575,3.22483,0,
-27.8481,-4.4675,3.22500,0,
-27.8481,-4.4750,3.22517,0,
-27.8853,-4.4850,3.22533,0,
-27.8853,-4.4925,3.22550,0,
-27.8853,-4.5000,3.22567,0,
-27.8853,-4.5100,3.22583,0,
-27.8853,-4.5175,3.22600,0,
-27.8853,-4.5275,3.22617,0,
-27.8481,-4.5350,3.22633,0,
-27.8481,-4.5425,3.22650,0,
-27.8109,-4.5525,3.22667,0,
-27.7736,-4.5600,3.22683,0,
-27.7364,-4.5675,3.22700,0,
-27.7364,-4.5775,3.22717,0,
-27.6992,-4.5850,3.22733,0,
-27.6992,-4.5925,3.22750,0,
-27.6619,-4.6000,3.22767,0,
-27.6619,-4.6100,3.22783,0,
-27.6247,-4.6175,3.22800,0,
-27.6247,-4.6275,3.22817,0,
-27.6247,-4.6350,3.22833,0,
-27.6247,-4.6425,3.22850,0,
-27.5875,-4.6525,3.22867,0,
-27.6247,-4.6600,3.22883,0,
-27.6247,-4.6675,3.22900,0,
-27.6247,-4.6775,3.22917,0,
-27.6247,-4.6850,3.22933,0,
-27.6619,-4.6925,3.22950,0,
-27.6619,-4.7025,3.22967,0,
-27.6619,-4.7100,3.22983,0,
-27.6992,-4.7175,3.23000,0,
-27.7364,-4.7250,3.23017,0,
-27.7736,-4.7350,3.23033,0,
-27.8109,-4.7425,3.23050,0,
-27.8481,-4.7500,3.23067,0,
-27.8853,-4.7575,3.23083,0,
-27.8853,-4.7675,3.23100,0,
-27.9226,-4.7750,3.23117,0,
-27.9598,-4.7850,3.23133,0,
-27.9970,-4.7925,3.23150,0,
-27.9970,-4.8000,3.23167,0,
-27.9970,-4.8100,3.23183,0,
-27.9598,-4.8175,3.23200,0,
-27.9226,-4.8250,3.23217,0,
-27.9598,-4.8350,3.23233,0,
-27.9970,-4.8425,3.23250,0,
-27.9970,-4.8500,3.23267,0,
-28.0343,-4.8600,3.23283,0,
-28.0715,-4.8675,3.23300,0,
-28.0715,-4.8775,3.23317,0,
-28.0715,-4.8850,3.23333,0,
-28.0343,-4.8925,3.23350,0,
-27.9970,-4.9025,3.23367,0,
-27.9226,-4.9100,3.23383,0,
-27.8853,-4.9175,3.23400,0,
-27.8481,-4.9275,3.23417,0,
-27.8109,-4.9350,3.23433,0,
-27.8109,-4.9425,3.23450,0,
-27.8109,-4.9525,3.23467,0,
-27.7736,-4.9600,3.23483,0,
-27.7364,-4.9700,3.23500,0,
-27.7364,-4.9775,3.23517,0,
-27.7364,-4.9850,3.23533,0,
-27.7364,-4.9950,3.23550,0,
-27.7364,-5.0025,3.23567,0,
-27.6992,-5.0125,3.23583,0,
-27.6992,-5.0200,3.23600,0,
-27.6992,-5.0275,3.23617,0,
-27.6992,-5.0350,3.23633,0,
-27.6992,-5.0450,3.23650,0,
-27.6619,-5.0525,3.23667,0,
-27.6619,-5.0600,3.23683,0,
-27.5875,-5.0675,3.23700,0,
-27.5503,-5.0750,3.23717,0,
-27.5503,-5.0850,3.23733,0,
-27.5130,-5.0925,3.23750,0,
-27.4758,-5.1000,3.23767,0,
-27.4386,-5.1100,3.23783,0,
-27.4386,-5.1175,3.23800,0,
-27.4386,-5.1250,3.23817,0,
-27.4758,-5.1350,3.23833,0,
-27.4758,-5.1425,3.23850,0,
-27.4758,-5.1525,3.23867,0,
-27.4386,-5.1600,3.23883,0,
-27.4758,-5.1675,3.23900,0,
-27.4386,-5.1775,3.23917,0,
-27.4386,-5.1850,3.23933,0,
-27.4386,-5.1925,3.23950,0,
-27.4386,-5.2025,3.23967,0,
-27.4013,-5.2100,3.23983,0,
-27.4013,-5.2175,3.24000,0,
-27.4013,-5.2275,3.24017,0,
-27.3641,-5.2350,3.24033,0,
-27.3269,-5.2425,3.24050,0,
-27.2896,-5.2525,3.24067,0,
-27.2524,-5.2600,3.24083,0,
-27.2152,-5.2675,3.24100,0,
-27.2152,-5.2775,3.24117,0,
-27.2152,-5.2850,3.24133,0,
-27.2152,-5.2925,3.24150,0,
-27.2152,-5.3000,3.24167,0,
-27.2152,-5.3100,3.24183,0,
-27.1780,-5.3175,3.24200,0,
-27.1780,-5.3250,3.24217,0,
-27.1780,-5.3350,3.24233,0,
-27.1780,-5.3425,3.24250,0,
-27.1780,-5.3525,3.24267,0,
-27.1780,-5.3600,3.24283,0,
-27.1780,-5.3675,3.24300,0,
-27.1407,-5.3750,3.24317,0,
-27.1407,-5.3850,3.24333,0,
-27.1035,-5.3925,3.24350,0,
-27.1035,-5.4000,3.24367,0,
-27.1035,-5.4075,3.24383,0,
-27.1407,-5.4175,3.24400,0,
-27.1407,-5.4250,3.24417,0,
-27.1407,-5.4325,3.24433,0,
-27.1407,-5.4400,3.24450,0,
-27.1407,-5.4500,3.24467,0,
-27.1407,-5.4575,3.24483,0,
-27.1407,-5.4675,3.24500,0,
-27.1035,-5.4750,3.24517,0,
-27.1035,-5.4825,3.24533,0,
-27.1035,-5.4925,3.24550,0,
-27.0663,-5.5000,3.24567,0,
-27.0290,-5.5100,3.24583,0,
-26.9918,-5.5175,3.24600,0,
-26.9546,-5.5275,3.24617,0,
-26.9173,-5.5350,3.24633,0,
-26.8801,-5.5425,3.24650,0,
-26.8429,-5.5525,3.24667,0,
-26.8429,-5.5600,3.24683,0,
-26.8057,-5.5675,3.24700,0,
-26.8057,-5.5775,3.24717,0,
-26.7684,-5.5850,3.24733,0,
-26.7312,-5.5950,3.24750,0,
-26.6940,-5.6025,3.24767,0,
-26.6940,-5.6125,3.24783,0,
-26.6567,-5.6200,3.24800,0,
-26.6195,-5.6275,3.24817,0,
-26.6195,-5.6375,3.24833,0,
-26.6195,-5.6450,3.24850,0,
-26.5823,-5.6550,3.24867,0,
-26.5450,-5.6625,3.24883,0,
-26.5450,-5.6700,3.24900,0,
-26.5450,-5.6800,3.24917,0,
-26.5450,-5.6875,3.24933,0,
-26.5450,-5.6950,3.24950,0,
-26.5078,-5.7050,3.24967,0,
-26.5078,-5.7125,3.24983,0,
-26.5078,-5.7200,3.25000,0,
-26.4706,-5.7300,3.25017,0,
-26.4334,-5.7375,3.25033,0,
-26.3961,-5.7450,3.25050,0,
-26.3961,-5.7525,3.25067,0,
-26.3589,-5.7625,3.25083,0,
-26.3961,-5.7700,3.25100,0,
-26.3961,-5.7775,3.25117,0,
-26.3961,-5.7875,3.25133,0,
-26.3961,-5.7950,3.25150,0,
-26.3589,-5.8025,3.25167,0,
-26.3961,-5.8125,3.25183,0,
-26.3961,-5.8200,3.25200,0,
-26.3961,-5.8275,3.25217,0,
-26.4334,-5.8375,3.25233,0,
-26.4334,-5.8450,3.25250,0,
-26.4334,-5.8525,3.25267,0,
-26.4334,-5.8625,3.25283,0,
-26.3589,-5.8700,3.25300,0,
-26.3217,-5.8800,3.25317,0,
-26.2472,-5.8875,3.25333,0,
-26.2100,-5.8950,3.25350,0,
-26.1355,-5.9050,3.25367,0,
-26.1727,-5.9125,3.25383,0,
-26.1355,-5.9200,3.25400,0,
-26.1355,-5.9300,3.25417,0,
-26.1727,-5.9375,3.25433,0,
-26.0983,-5.9450,3.25450,0,
-26.0611,-5.9550,3.25467,0,
-25.9866,-5.9625,3.25483,0,
-25.9121,-5.9700,3.25500,0,
-25.9121,-5.9800,3.25517,0,
-25.8749,-5.9875,3.25533,0,
-25.8749,-5.9975,3.25550,0,
-25.8749,-6.0050,3.25567,0,
-25.9121,-6.0125,3.25583,0,
-25.9494,-6.0200,3.25600,0,
-25.9866,-6.0300,3.25617,0,
-25.9866,-6.0375,3.25633,0,
-26.0238,-6.0450,3.25650,0,
-25.9866,-6.0550,3.25667,0,
-25.9866,-6.0625,3.25683,0,
-25.9494,-6.0700,3.25700,0,
-25.9121,-6.0775,3.25717,0,
-25.9121,-6.0875,3.25733,0,
-25.9121,-6.0950,3.25750,0,
-25.9494,-6.1025,3.25767,0,
-25.9494,-6.1125,3.25783,0,
-25.9494,-6.1200,3.25800,0,
-25.9494,-6.1275,3.25817,0,
-25.9494,-6.1375,3.25833,0,
-25.9494,-6.1450,3.25850,0,
-25.9494,-6.1550,3.25867,0,
-25.9494,-6.1625,3.25883,0,
-25.9121,-6.1700,3.25900,0,
-25.9121,-6.1800,3.25917,0,
-25.8749,-6.1875,3.25933,0,
-25.8749,-6.1975,3.25950,0,
-25.8377,-6.2050,3.25967,0,
-25.8004,-6.2125,3.25983,0,
-25.8004,-6.2225,3.26000,0,
-25.8004,-6.2300,3.26017,0,
-25.7632,-6.2375,3.26033,0,
-25.7260,-6.2475,3.26050,0,
-25.7260,-6.2550,3.26067,0,
-25.7260,-6.2625,3.26083,0,
-25.7260,-6.2725,3.26100,0,
-25.7632,-6.2800,3.26117,0,
-25.7632,-6.2875,3.26133,0,
-25.7632,-6.2975,3.26150,0,
-25.7632,-6.3050,3.26167,0,
-25.7260,-6.3150,3.26183,0,
-25.7260,-6.3225,3.26200,0,
-25.6888,-6.3300,3.26217,0,
-25.6888,-6.3400,3.26233,0,
-25.6515,-6.3475,3.26250,0,
-25.6515,-6.3550,3.26267,0,
-25.6515,-6.3625,3.26283,0,
-25.6143,-6.3725,3.26300,0,
-25.6143,-6.3800,3.26317,0,
-25.6143,-6.3875,3.26333,0,
-25.5771,-6.3975,3.26350,0,
-25.5398,-6.4050,3.26367,0,
-25.5398,-6.4125,3.26383,0,
-25.5398,-6.4225,3.26400,0,
-25.5026,-6.4300,3.26417,0,
-25.3909,-6.4375,3.26433,0,
-25.2792,-6.4475,3.26450,0,
-25.1675,-6.4550,3.26467,0,
-25.1303,-6.4625,3.26483,0,
-25.0931,-6.4725,3.26500,0,
-25.0558,-6.4800,3.26517,0,
-24.9814,-6.4875,3.26533,0,
-25.0186,-6.4975,3.26550,0,
-25.0186,-6.5050,3.26567,0,
-25.0186,-6.5125,3.26583,0,
-24.9814,-6.5225,3.26600,0,
-24.9814,-6.5300,3.26617,0,
-25.0186,-6.5375,3.26633,0,
-25.0558,-6.5475,3.26650,0,
-25.0931,-6.5550,3.26667,0,
-25.1303,-6.5625,3.26683,0,
-25.1675,-6.5725,3.26700,0,
-25.2420,-6.5800,3.26717,0,
-25.3165,-6.5875,3.26733,0,
-25.3537,-6.5975,3.26750,0,
-25.3909,-6.6050,3.26767,0,
-25.4281,-6.6125,3.26783,0,
-25.4654,-6.6225,3.26800,0,
-25.4654,-6.6300,3.26817,0,
-25.4281,-6.6375,3.26833,0,
-25.3909,-6.6475,3.26850,0,
-25.3165,-6.6550,3.26867,0,
-25.2048,-6.6650,3.26883,0,
-25.0558,-6.6725,3.26900,0,
-24.9814,-6.6800,3.26917,0,
-24.9442,-6.6900,3.26933,0,
-24.9442,-6.6975,3.26950,0,
-24.9442,-6.7050,3.26967,0,
-24.9442,-6.7125,3.26983,0,
-24.9442,-6.7225,3.27000,0,
-24.9442,-6.7300,3.27017,0,
-24.9442,-6.7375,3.27033,0,
-24.9069,-6.7450,3.27050,0,
-24.8697,-6.7525,3.27067,0,
-24.8325,-6.7625,3.27083,0,
-24.7952,-6.7700,3.27100,0,
-24.7952,-6.7775,3.27117,0,
-24.7952,-6.7875,3.27133,0,
-24.7952,-6.7950,3.27150,0,
-24.7580,-6.8025,3.27167,0,
-24.7952,-6.8125,3.27183,0,
-24.7580,-6.8200,3.27200,0,
-24.6091,-6.8275,3.27217,0,
-24.4602,-6.8375,3.27233,0,
-24.3485,-6.8450,3.27250,0,
-24.3112,-6.8525,3.27267,0,
-24.2368,-6.8625,3.27283,0,
-24.0506,-6.8700,3.27300,0,
-24.0506,-6.8800,3.27317,0,
-23.9762,-6.8875,3.27333,0,
-23.9762,-6.8950,3.27350,0,
-23.9389,-6.9050,3.27367,0,
-23.9017,-6.9125,3.27383,0,
-23.9017,-6.9200,3.27400,0,
-23.9017,-6.9300,3.27417,0,
-23.8645,-6.9375,3.27433,0,
-23.8645,-6.9450,3.27450,0,
-23.7900,-6.9550,3.27467,0,
-23.7900,-6.9625,3.27483,0,
-23.7900,-6.9725,3.27500,0,
-23.7528,-6.9800,3.27517,0,
-23.7156,-6.9875,3.27533,0,
-23.7156,-6.9975,3.27550,0,
-23.7156,-7.0050,3.27567,0,
-23.6411,-7.0150,3.27583,0,
-23.6411,-7.0225,3.27600,0,
-23.6411,-7.0300,3.27617,0,
-23.6411,-7.0375,3.27633,0,
-23.6411,-7.0475,3.27650,0,
-23.6039,-7.0550,3.27667,0,
-23.6039,-7.0625,3.27683,0,
-23.5666,-7.0700,3.27700,0,
-23.5294,-7.0775,3.27717,0,
-23.5294,-7.0875,3.27733,0,
-23.4922,-7.0950,3.27750,0,
-23.4550,-7.1025,3.27767,0,
-23.4550,-7.1125,3.27783,0,
-23.4550,-7.1200,3.27800,0,
-23.4550,-7.1300,3.27817,0,
-23.4922,-7.1375,3.27833,0,
-23.4922,-7.1450,3.27850,0,
-23.5294,-7.1550,3.27867,0,
-23.5294,-7.1625,3.27883,0,
-23.5294,-7.1700,3.27900,0,
-23.5294,-7.1800,3.27917,0,
-23.5294,-7.1875,3.27933,0,
-23.5294,-7.1975,3.27950,0,
-23.5294,-7.2050,3.27967,0,
-23.5294,-7.2125,3.27983,0,
-23.5294,-7.2225,3.28000,0,
-23.4922,-7.2300,3.28017,0,
-23.4922,-7.2375,3.28033,0,
-23.4550,-7.2475,3.28050,0,
-23.4550,-7.2550,3.28067,0,
-23.4177,-7.2625,3.28083,0,
-23.4177,-7.2725,3.28100,0,
-23.4177,-7.2800,3.28117,0,
-23.3805,-7.2875,3.28133,0,
-23.3805,-7.2975,3.28150,0,
-23.3433,-7.3050,3.28167,0,
-23.3060,-7.3150,3.28183,0,
-23.3060,-7.3225,3.28200,0,
-23.2688,-7.3300,3.28217,0,
-23.3060,-7.3400,3.28233,0,
-23.3060,-7.3475,3.28250,0,
-23.2688,-7.3550,3.28267,0,
-23.2688,-7.3650,3.28283,0,
-23.2688,-7.3725,3.28300,0,
-23.2688,-7.3800,3.28317,0,
-23.3060,-7.3875,3.28333,0,
-23.3060,-7.3975,3.28350,0,
-23.3060,-7.4050,3.28367,0,
-23.3060,-7.4125,3.28383,0,
-23.3433,-7.4200,3.28400,0,
-23.3433,-7.4300,3.28417,0,
-23.3433,-7.4375,3.28433,0,
-23.3060,-7.4475,3.28450,0,
-23.2316,-7.4550,3.28467,0,
-23.1943,-7.4625,3.28483,0,
-23.1943,-7.4725,3.28500,0,
-23.1571,-7.4800,3.28517,0,
-23.1199,-7.4875,3.28533,0,
-23.1199,-7.4975,3.28550,0,
-23.0826,-7.5050,3.28567,0,
-23.0082,-7.5125,3.28583,0,
-22.9710,-7.5225,3.28600,0,
-22.9710,-7.5300,3.28617,0,
-22.8965,-7.5400,3.28633,0,
-22.8593,-7.5475,3.28650,0,
-22.8593,-7.5550,3.28667,0,
-22.8593,-7.5650,3.28683,0,
-22.8220,-7.5725,3.28700,0,
-22.8220,-7.5800,3.28717,0,
-22.8220,-7.5900,3.28733,0,
-22.8220,-7.5975,3.28750,0,
-22.7848,-7.6050,3.28767,0,
-22.7848,-7.6150,3.28783,0,
-22.7848,-7.6225,3.28800,0,
-22.7848,-7.6325,3.28817,0,
-22.7848,-7.6400,3.28833,0,
-22.7848,-7.6500,3.28850,0,
-22.7848,-7.6575,3.28867,0,
-22.7476,-7.6675,3.28883,0,
-22.7476,-7.6750,3.28900,0,
-22.7104,-7.6825,3.28917,0,
-22.6731,-7.6925,3.28933,0,
-22.6359,-7.7000,3.28950,0,
-22.5987,-7.7075,3.28967,0,
-22.5242,-7.7175,3.28983,0,
-22.4870,-7.7250,3.29000,0,
-22.4497,-7.7325,3.29017,0,
-22.4125,-7.7400,3.29033,0,
-22.3753,-7.7500,3.29050,0,
-22.3008,-7.7575,3.29067,0,
-22.2264,-7.7650,3.29083,0,
-22.1891,-7.7750,3.29100,0,
-22.1519,-7.7825,3.29117,0,
-22.0774,-7.7900,3.29133,0,
-22.0774,-7.8000,3.29150,0,
-22.0402,-7.8075,3.29167,0,
-22.0402,-7.8175,3.29183,0,
-22.0402,-7.8250,3.29200,0,
-22.0774,-7.8325,3.29217,0,
-22.0774,-7.8425,3.29233,0,
-22.0402,-7.8500,3.29250,0,
-22.0030,-7.8600,3.29267,0,
-22.0030,-7.8675,3.29283,0,
-21.9657,-7.8775,3.29300,0,
-21.9285,-7.8850,3.29317,0,
-21.9285,-7.8950,3.29333,0,
-21.8913,-7.9025,3.29350,0,
-21.8541,-7.9100,3.29367,0,
-21.8168,-7.9200,3.29383,0,
-21.8168,-7.9275,3.29400,0,
-21.7796,-7.9350,3.29417,0,
-21.7424,-7.9450,3.29433,0,
-21.7051,-7.9525,3.29450,0,
-21.7051,-7.9625,3.29467,0,
-21.7051,-7.9700,3.29483,0,
-21.7051,-7.9800,3.29500,0,
-21.6679,-7.9875,3.29517,0,
-21.6679,-7.9950,3.29533,0,
-21.6679,-8.0050,3.29550,0,
-21.5934,-8.0125,3.29567,0,
-21.5934,-8.0225,3.29583,0,
-21.5562,-8.0300,3.29600,0,
-21.5934,-8.0375,3.29617,0,
-21.5562,-8.0475,3.29633,0,
-21.5562,-8.0550,3.29650,0,
-21.5190,-8.0625,3.29667,0,
-21.5190,-8.0700,3.29683,0,
-21.4818,-8.0800,3.29700,0,
-21.4445,-8.0875,3.29717,0,
-21.4073,-8.0950,3.29733,0,
-21.3701,-8.1050,3.29750,0,
-21.3701,-8.1125,3.29767,0,
-21.3328,-8.1225,3.29783,0,
-21.3328,-8.1300,3.29800,0,
-21.2956,-8.1375,3.29817,0,
-21.2956,-8.1475,3.29833,0,
-21.2956,-8.1550,3.29850,0,
-21.2956,-8.1650,3.29867,0,
-21.2956,-8.1725,3.29883,0,
-21.2584,-8.1800,3.29900,0,
-21.2211,-8.1900,3.29917,0,
-21.1839,-8.1975,3.29933,0,
-21.1467,-8.2075,3.29950,0,
-21.1095,-8.2150,3.29967,0,
-21.1095,-8.2225,3.29983,0,
-21.1095,-8.2325,3.30000,0,
-21.1467,-8.2400,3.30017,0,
-21.1467,-8.2475,3.30033,0,
-21.1467,-8.2575,3.30050,0,
-21.1467,-8.2650,3.30067,0,
-21.1467,-8.2725,3.30083,0,
-21.1839,-8.2825,3.30100,0,
-21.1839,-8.2900,3.30117,0,
-21.1467,-8.2975,3.30133,0,
-21.1467,-8.3075,3.30150,0,
-21.1467,-8.3150,3.30167,0,
-21.1839,-8.3250,3.30183,0,
-21.1839,-8.3325,3.30200,0,
-21.1839,-8.3425,3.30217,0,
-21.1839,-8.3500,3.30233,0,
-21.1467,-8.3575,3.30250,0,
-21.0722,-8.3675,3.30267,0,
-20.9978,-8.3750,3.30283,0,
-20.9605,-8.3825,3.30300,0,
-20.9233,-8.3900,3.30317,0,
-20.8861,-8.3975,3.30333,0,
-20.8488,-8.4075,3.30350,0,
-20.8488,-8.4150,3.30367,0,
-20.8861,-8.4225,3.30383,0,
-20.8488,-8.4300,3.30400,0,
-20.7744,-8.4400,3.30417,0,
-20.7372,-8.4475,3.30433,0,
-20.6999,-8.4575,3.30450,0,
-20.6255,-8.4650,3.30467,0,
-20.5882,-8.4750,3.30483,0,
-20.5510,-8.4825,3.30500,0,
-20.5510,-8.4925,3.30517,0,
-20.5510,-8.5000,3.30533,0,
-20.5138,-8.5100,3.30550,0,
-20.5138,-8.5175,3.30567,0,
-20.5138,-8.5275,3.30583,0,
-20.5138,-8.5350,3.30600,0,
-20.5138,-8.5425,3.30617,0,
-20.5138,-8.5525,3.30633,0,
-20.4765,-8.5600,3.30650,0,
-20.4765,-8.5675,3.30667,0,
-20.4765,-8.5775,3.30683,0,
-20.4765,-8.5850,3.30700,0,
-20.4393,-8.5925,3.30717,0,
-20.4393,-8.6000,3.30733,0,
-20.4021,-8.6100,3.30750,0,
-20.4021,-8.6175,3.30767,0,
-20.3649,-8.6250,3.30783,0,
-20.3276,-8.6350,3.30800,0,
-20.3276,-8.6425,3.30817,0,
-20.2904,-8.6525,3.30833,0,
-20.2904,-8.6600,3.30850,0,
-20.1787,-8.6700,3.30867,0,
-20.1787,-8.6775,3.30883,0,
-20.1787,-8.6850,3.30900,0,
-20.1787,-8.6950,3.30917,0,
-20.1787,-8.7025,3.30933,0,
-20.1787,-8.7100,3.30950,0,
-20.1787,-8.7200,3.30967,0,
-20.1787,-8.7275,3.30983,0,
-20.1415,-8.7350,3.31000,0,
-20.1042,-8.7425,3.31017,0,
-20.1042,-8.7500,3.31033,0,
-20.1042,-8.7600,3.31050,0,
-20.0670,-8.7675,3.31067,0,
-20.0670,-8.7750,3.31083,0,
-20.0298,-8.7850,3.31100,0,
-19.9926,-8.7925,3.31117,0,
-19.9553,-8.8025,3.31133,0,
-19.9553,-8.8100,3.31150,0,
-19.9181,-8.8175,3.31167,0,
-19.9181,-8.8275,3.31183,0,
-19.9553,-8.8350,3.31200,0,
-19.9181,-8.8425,3.31217,0,
-19.9181,-8.8525,3.31233,0,
-19.9553,-8.8600,3.31250,0,
-19.9926,-8.8700,3.31267,0,
-19.9926,-8.8775,3.31283,0,
-19.9926,-8.8850,3.31300,0,
-19.9926,-8.8925,3.31317,0,
-19.9553,-8.9025,3.31333,0,
-19.9553,-8.9100,3.31350,0,
-19.9926,-8.9175,3.31367,0,
-19.9926,-8.9250,3.31383,0,
-20.0298,-8.9350,3.31400,0,
-20.0670,-8.9425,3.31417,0,
-20.0670,-8.9500,3.31433,0,
-20.0670,-8.9600,3.31450,0,
-19.9926,-8.9675,3.31467,0,
-19.8809,-8.9775,3.31483,0,
-19.7319,-8.9850,3.31500,0,
-19.6947,-8.9925,3.31517,0,
-19.6575,-9.0025,3.31533,0,
-19.6203,-9.0100,3.31550,0,
-19.6203,-9.0175,3.31567,0,
-19.6203,-9.0275,3.31583,0,
-19.5830,-9.0350,3.31600,0,
-19.5830,-9.0425,3.31617,0,
-19.6203,-9.0500,3.31633,0,
-19.6203,-9.0575,3.31650,0,
-19.6575,-9.0675,3.31667,0,
-19.6575,-9.0750,3.31683,0,
-19.7319,-9.0825,3.31700,0,
-19.7692,-9.0900,3.31717,0,
-19.7319,-9.0975,3.31733,0,
-19.7692,-9.1075,3.31750,0,
-19.7692,-9.1150,3.31767,0,
-19.7692,-9.1250,3.31783,0,
-19.7692,-9.1325,3.31800,0,
-19.7692,-9.1400,3.31817,0,
-19.8064,-9.1500,3.31833,0,
-19.7692,-9.1575,3.31850,0,
-19.8064,-9.1650,3.31867,0,
-19.8064,-9.1750,3.31883,0,
-19.8064,-9.1825,3.31900,0,
-19.7692,-9.1900,3.31917,0,
-19.7319,-9.2000,3.31933,0,
-19.7319,-9.2075,3.31950,0,
-19.7319,-9.2150,3.31967,0,
-19.7319,-9.2225,3.31983,0,
-19.7692,-9.2325,3.32000,0,
-19.7319,-9.2400,3.32017,0,
-19.7319,-9.2475,3.32033,0,
-19.6947,-9.2550,3.32050,0,
-19.6575,-9.2650,3.32067,0,
-19.6203,-9.2725,3.32083,0,
-19.6203,-9.2800,3.32100,0,
-19.6203,-9.2900,3.32117,0,
-19.5830,-9.2975,3.32133,0,
-19.5830,-9.3075,3.32150,0,
-19.5830,-9.3150,3.32167,0,
-19.5086,-9.3250,3.32183,0,
-19.4713,-9.3325,3.32200,0,
-19.4341,-9.3400,3.32217,0,
-19.4341,-9.3500,3.32233,0,
-19.4341,-9.3575,3.32250,0,
-19.4341,-9.3650,3.32267,0,
-19.4341,-9.3750,3.32283,0,
-19.4341,-9.3825,3.32300,0,
-19.4713,-9.3900,3.32317,0,
-19.4713,-9.3975,3.32333,0,
-19.4713,-9.4050,3.32350,0,
-19.5086,-9.4150,3.32367,0,
-19.5086,-9.4225,3.32383,0,
-19.5458,-9.4300,3.32400,0,
-19.5458,-9.4400,3.32417,0,
-19.5458,-9.4475,3.32433,0,
-19.5086,-9.4575,3.32450,0,
-19.4713,-9.4650,3.32467,0,
-19.4713,-9.4750,3.32483,0,
-19.4341,-9.4825,3.32500,0,
-19.3969,-9.4900,3.32517,0,
-19.3596,-9.5000,3.32533,0,
-19.3224,-9.5075,3.32550,0,
-19.3224,-9.5175,3.32567,0,
-19.2852,-9.5250,3.32583,0,
-19.2480,-9.5350,3.32600,0,
-19.2480,-9.5425,3.32617,0,
-19.2107,-9.5500,3.32633,0,
-19.1363,-9.5600,3.32650,0,
-19.0990,-9.5675,3.32667,0,
-19.0990,-9.5750,3.32683,0,
-19.0990,-9.5850,3.32700,0,
-19.0990,-9.5925,3.32717,0,
-19.0618,-9.6000,3.32733,0,
-19.0618,-9.6100,3.32750,0,
-19.0246,-9.6175,3.32767,0,
-18.9873,-9.6250,3.32783,0,
-18.9501,-9.6350,3.32800,0,
-18.9501,-9.6425,3.32817,0,
-18.9129,-9.6525,3.32833,0,
-18.9129,-9.6600,3.32850,0,
-18.9129,-9.6700,3.32867,0,
-18.8757,-9.6775,3.32883,0,
-18.8012,-9.6850,3.32900,0,
-18.6523,-9.6925,3.32917,0,
-18.5778,-9.7025,3.32933,0,
-18.5033,-9.7100,3.32950,0,
-18.4289,-9.7175,3.32967,0,
-18.3917,-9.7250,3.32983,0,
-18.3917,-9.7350,3.33000,0,
-18.4289,-9.7425,3.33017,0,
-18.4661,-9.7500,3.33033,0,
-18.4661,-9.7575,3.33050,0,
-18.4661,-9.7675,3.33067,0,
-18.4661,-9.7750,3.33083,0,
-18.4661,-9.7825,3.33100,0,
-18.5033,-9.7925,3.33117,0,
-18.4661,-9.8000,3.33133,0,
-18.4661,-9.8075,3.33150,0,
-18.4661,-9.8175,3.33167,0,
-18.4289,-9.8250,3.33183,0,
-18.4289,-9.8325,3.33200,0,
-18.3917,-9.8425,3.33217,0,
-18.3544,-9.8500,3.33233,0,
-18.3172,-9.8600,3.33250,0,
-18.2427,-9.8675,3.33267,0,
-18.2055,-9.8750,3.33283,0,
-18.1683,-9.8825,3.33300,0,
-18.1311,-9.8925,3.33317,0,
-18.0566,-9.9000,3.33333,0,
-18.0194,-9.9075,3.33350,0,
-18.0194,-9.9175,3.33367,0,
-18.0194,-9.9250,3.33383,0,
-17.9821,-9.9325,3.33400,0,
-17.9449,-9.9425,3.33417,0,
-17.9077,-9.9500,3.33433,0,
-17.9077,-9.9575,3.33450,0,
-17.8704,-9.9650,3.33467,0,
-17.8704,-9.9750,3.33483,0,
-17.8704,-9.9825,3.33500,0,
-17.8704,-9.9925,3.33517,0,
-17.8704,-10.0000,3.33533,0,
-17.8704,-10.0075,3.33550,0,
-17.8704,-10.0175,3.33567,0,
-17.8704,-10.0250,3.33583,0,
-17.8704,-10.0325,3.33600,0,
-17.8332,-10.0425,3.33617,0,
-17.7960,-10.0500,3.33633,0,
-17.7587,-10.0575,3.33650,0,
-17.7215,-10.0650,3.33667,0,
-17.7215,-10.0725,3.33683,0,
-17.6843,-10.0825,3.33700,0,
-17.6471,-10.0900,3.33717,0,
-17.5726,-10.0975,3.33733,0,
-17.5354,-10.1075,3.33750,0,
-17.4981,-10.1150,3.33767,0,
-17.4237,-10.1250,3.33783,0,
-17.3864,-10.1325,3.33800,0,
-17.3492,-10.1400,3.33817,0,
-17.3120,-10.1500,3.33833,0,
-17.3120,-10.1575,3.33850,0,
-17.3120,-10.1675,3.33867,0,
-17.3120,-10.1750,3.33883,0,
-17.3120,-10.1825,3.33900,0,
-17.3120,-10.1925,3.33917,0,
-17.2748,-10.2000,3.33933,0,
-17.2748,-10.2100,3.33950,0,
-17.2003,-10.2175,3.33967,0,
-17.1258,-10.2250,3.33983,0,
-17.0886,-10.2325,3.34000,0,
-17.0886,-10.2425,3.34017,0,
-17.0886,-10.2500,3.34033,0,
-17.0886,-10.2575,3.34050,0,
-17.0886,-10.2675,3.34067,0,
-17.1258,-10.2750,3.34083,0,
-17.1258,-10.2850,3.34100,0,
-17.1258,-10.2925,3.34117,0,
-17.1631,-10.3000,3.34133,0,
-17.1631,-10.3100,3.34150,0,
-17.1631,-10.3175,3.34167,0,
-17.2003,-10.3275,3.34183,0,
-17.2003,-10.3350,3.34200,0,
-17.2003,-10.3425,3.34217,0,
-17.2003,-10.3500,3.34233,0,
-17.2003,-10.3600,3.34250,0,
-17.2003,-10.3675,3.34267,0,
-17.2003,-10.3750,3.34283,0,
-17.2375,-10.3850,3.34300,0,
-17.2375,-10.3925,3.34317,0,
-17.2748,-10.4000,3.34333,0,
-17.2748,-10.4075,3.34350,0,
-17.3120,-10.4175,3.34367,0,
-17.3120,-10.4250,3.34383,0,
-17.3492,-10.4350,3.34400,0,
-17.3492,-10.4425,3.34417,0,
-17.3120,-10.4500,3.34433,0,
-17.2748,-10.4600,3.34450,0,
-17.2748,-10.4675,3.34467,0,
-17.2375,-10.4750,3.34483,0,
-17.2003,-10.4850,3.34500,0,
-17.1631,-10.4925,3.34517,0,
-17.1631,-10.5025,3.34533,0,
-17.1631,-10.5100,3.34550,0,
-17.1258,-10.5175,3.34567,0,
-17.1258,-10.5275,3.34583,0,
-17.0886,-10.5350,3.34600,0,
-17.0141,-10.5425,3.34617,0,
-16.9769,-10.5525,3.34633,0,
-16.9397,-10.5600,3.34650,0,
-16.9025,-10.5675,3.34667,0,
-16.8652,-10.5775,3.34683,0,
-16.8652,-10.5850,3.34700,0,
-16.8280,-10.5925,3.34717,0,
-16.7908,-10.6000,3.34733,0,
-16.8280,-10.6100,3.34750,0,
-16.8652,-10.6175,3.34767,0,
-16.8652,-10.6275,3.34783,0,
-16.9025,-10.6350,3.34800,0,
-16.8280,-10.6450,3.34817,0,
-16.7535,-10.6525,3.34833,0,
-16.7535,-10.6600,3.34850,0,
-16.7908,-10.6700,3.34867,0,
-16.7908,-10.6775,3.34883,0,
-16.7908,-10.6875,3.34900,0,
-16.7908,-10.6950,3.34917,0,
-16.8280,-10.7025,3.34933,0,
-16.8280,-10.7125,3.34950,0,
-16.8280,-10.7200,3.34967,0,
-16.8280,-10.7275,3.34983,0,
-16.7908,-10.7350,3.35000,0,
-16.7908,-10.7450,3.35017,0,
-16.7535,-10.7525,3.35033,0,
-16.7535,-10.7600,3.35050,0,
-16.7163,-10.7700,3.35067,0,
-16.7163,-10.7775,3.35083,0,
-16.7163,-10.7875,3.35100,0,
-16.6791,-10.7950,3.35117,0,
-16.6791,-10.8025,3.35133,0,
-16.6418,-10.8125,3.35150,0,
-16.6418,-10.8200,3.35167,0,
-16.6418,-10.8275,3.35183,0,
-16.6046,-10.8375,3.35200,0,
-16.6046,-10.8450,3.35217,0,
-16.6046,-10.8525,3.35233,0,
-16.5674,-10.8625,3.35250,0,
-16.5674,-10.8700,3.35267,0,
-16.5302,-10.8775,3.35283,0,
-16.5302,-10.8850,3.35300,0,
-16.4929,-10.8950,3.35317,0,
-16.4185,-10.9025,3.35333,0,
-16.4185,-10.9100,3.35350,0,
-16.3812,-10.9175,3.35367,0,
-16.3812,-10.9275,3.35383,0,
-16.3812,-10.9350,3.35400,0,
-16.3812,-10.9425,3.35417,0,
-16.3812,-10.9525,3.35433,0,
-16.3812,-10.9600,3.35450,0,
-16.3440,-10.9675,3.35467,0,
-16.3068,-10.9775,3.35483,0,
-16.3068,-10.9850,3.35500,0,
-16.2695,-10.9925,3.35517,0,
-16.2323,-11.0025,3.35533,0,
-16.1951,-11.0100,3.35550,0,
-16.1951,-11.0200,3.35567,0,
-16.1579,-11.0275,3.35583,0,
-16.1579,-11.0350,3.35600,0,
-16.1206,-11.0450,3.35617,0,
-16.1206,-11.0525,3.35633,0,
-16.1206,-11.0600,3.35650,0,
-16.0462,-11.0675,3.35667,0,
-16.0089,-11.0750,3.35683,0,
-16.0089,-11.0850,3.35700,0,
-16.0089,-11.0925,3.35717,0,
-15.9717,-11.1000,3.35733,0,
-15.9345,-11.1075,3.35750,0,
-15.8972,-11.1175,3.35767,0,
-15.8600,-11.1250,3.35783,0,
-15.8600,-11.1325,3.35800,0,
-15.8600,-11.1425,3.35817,0,
-15.8228,-11.1500,3.35833,0,
-15.7483,-11.1600,3.35850,0,
-15.7856,-11.1675,3.35867,0,
-15.7856,-11.1750,3.35883,0,
-15.7856,-11.1850,3.35900,0,
-15.7483,-11.1925,3.35917,0,
-15.7483,-11.2025,3.35933,0,
-15.7111,-11.2100,3.35950,0,
-15.7111,-11.2175,3.35967,0,
-15.7111,-11.2275,3.35983,0,
-15.7483,-11.2350,3.36000,0,
-15.7483,-11.2425,3.36017,0,
-15.7856,-11.2500,3.36033,0,
-15.7856,-11.2600,3.36050,0,
-15.7856,-11.2675,3.36067,0,
-15.7856,-11.2750,3.36083,0,
-15.7483,-11.2850,3.36100,0,
-15.7483,-11.2925,3.36117,0,
-15.7483,-11.3000,3.36133,0,
-15.7483,-11.3100,3.36150,0,
-15.6739,-11.3175,3.36167,0,
-15.5994,-11.3275,3.36183,0,
-15.5994,-11.3350,3.36200,0,
-15.5994,-11.3450,3.36217,0,
-15.5994,-11.3525,3.36233,0,
-15.5994,-11.3625,3.36250,0,
-15.5622,-11.3700,3.36267,0,
-15.5622,-11.3775,3.36283,0,
-15.5622,-11.3875,3.36300,0,
-15.5622,-11.3950,3.36317,0,
-15.5994,-11.4025,3.36333,0,
-15.5994,-11.4100,3.36350,0,
-15.5994,-11.4200,3.36367,0,
-15.5994,-11.4275,3.36383,0,
-15.5994,-11.4350,3.36400,0,
-15.5994,-11.4450,3.36417,0,
-15.6366,-11.4525,3.36433,0,
-15.5994,-11.4600,3.36450,0,
-15.6366,-11.4700,3.36467,0,
-15.5994,-11.4775,3.36483,0,
-15.5249,-11.4875,3.36500,0,
-15.4133,-11.4950,3.36517,0,
-15.3388,-11.5025,3.36533,0,
-15.2271,-11.5125,3.36550,0,
-15.1899,-11.5200,3.36567,0,
-15.1526,-11.5275,3.36583,0,
-15.1526,-11.5375,3.36600,0,
-15.1154,-11.5450,3.36617,0,
-15.0782,-11.5550,3.36633,0,
-15.0782,-11.5625,3.36650,0,
-15.0410,-11.5700,3.36667,0,
-15.0410,-11.5800,3.36683,0,
-15.0410,-11.5875,3.36700,0,
-15.0037,-11.5950,3.36717,0,
-14.9665,-11.6050,3.36733,0,
-14.9665,-11.6125,3.36750,0,
-14.9293,-11.6200,3.36767,0,
-14.8920,-11.6300,3.36783,0,
-14.8920,-11.6375,3.36800,0,
-14.8920,-11.6475,3.36817,0,
-14.8920,-11.6550,3.36833,0,
-14.8548,-11.6625,3.36850,0,
-14.8548,-11.6725,3.36867,0,
-14.8548,-11.6800,3.36883,0,
-14.8548,-11.6900,3.36900,0,
-14.8548,-11.6975,3.36917,0,
-14.8176,-11.7050,3.36933,0,
-14.8176,-11.7125,3.36950,0,
-14.8548,-11.7225,3.36967,0,
-14.8548,-11.7300,3.36983,0,
-14.8548,-11.7375,3.37000,0,
-14.8548,-11.7450,3.37017,0,
-14.8920,-11.7525,3.37033,0,
-14.8920,-11.7625,3.37050,0,
-14.8920,-11.7700,3.37067,0,
-14.9293,-11.7775,3.37083,0,
-14.9293,-11.7875,3.37100,0,
-14.9293,-11.7950,3.37117,0,
-14.9293,-11.8025,3.37133,0,
-14.8920,-11.8125,3.37150,0,
-14.8548,-11.8200,3.37167,0,
-14.8176,-11.8275,3.37183,0,
-14.7803,-11.8350,3.37200,0,
-14.7059,-11.8450,3.37217,0,
-14.6687,-11.8525,3.37233,0,
-14.6314,-11.8600,3.37250,0,
-14.5942,-11.8700,3.37267,0,
-14.5942,-11.8775,3.37283,0,
-14.5942,-11.8850,3.37300,0,
-14.5942,-11.8950,3.37317,0,
-14.5570,-11.9025,3.37333,0,
-14.5197,-11.9100,3.37350,0,
-14.5197,-11.9200,3.37367,0,
-14.4825,-11.9275,3.37383,0,
-14.4825,-11.9350,3.37400,0,
-14.4453,-11.9425,3.37417,0,
-14.4453,-11.9525,3.37433,0,
-14.4453,-11.9600,3.37450,0,
-14.4453,-11.9700,3.37467,0,
-14.4453,-11.9775,3.37483,0,
-14.4080,-11.9850,3.37500,0,
-14.4080,-11.9950,3.37517,0,
-14.4080,-12.0025,3.37533,0,
-14.4080,-12.0125,3.37550,0,
-14.4080,-12.0200,3.37567,0,
-14.4080,-12.0300,3.37583,0,
-14.4080,-12.0375,3.37600,0,
-14.4080,-12.0450,3.37617,0,
-14.4080,-12.0525,3.37633,0,
-14.4080,-12.0600,3.37650,0,
-14.3708,-12.0675,3.37667,0,
-14.3708,-12.0750,3.37683,0,
-14.3708,-12.0850,3.37700,0,
-14.3708,-12.0925,3.37717,0,
-14.3708,-12.1000,3.37733,0,
-14.3708,-12.1100,3.37750,0,
-14.3336,-12.1175,3.37767,0,
-14.3336,-12.1250,3.37783,0,
-14.2964,-12.1350,3.37800,0,
-14.2591,-12.1425,3.37817,0,
-14.2219,-12.1525,3.37833,0,
-14.2219,-12.1600,3.37850,0,
-14.1847,-12.1675,3.37867,0,
-14.1847,-12.1775,3.37883,0,
-14.1847,-12.1850,3.37900,0,
-14.1847,-12.1950,3.37917,0,
-14.1847,-12.2025,3.37933,0,
-14.1474,-12.2100,3.37950,0,
-14.1474,-12.2200,3.37967,0,
-14.1474,-12.2275,3.37983,0,
-14.1102,-12.2350,3.38000,0,
-14.1102,-12.2450,3.38017,0,
-14.1102,-12.2525,3.38033,0,
-14.0730,-12.2600,3.38050,0,
-14.1102,-12.2675,3.38067,0,
-14.1102,-12.2775,3.38083,0,
-14.1102,-12.2850,3.38100,0,
-14.0730,-12.2925,3.38117,0,
-14.0730,-12.3025,3.38133,0,
-14.0357,-12.3100,3.38150,0,
-13.9985,-12.3200,3.38167,0,
-13.9985,-12.3275,3.38183,0,
-13.9613,-12.3375,3.38200,0,
-13.9613,-12.3450,3.38217,0,
-13.9240,-12.3525,3.38233,0,
-13.8868,-12.3625,3.38250,0,
-13.8496,-12.3700,3.38267,0,
-13.8124,-12.3775,3.38283,0,
-13.7751,-12.3875,3.38300,0,
-13.7751,-12.3950,3.38317,0,
-13.7379,-12.4025,3.38333,0,
-13.7379,-12.4100,3.38350,0,
-13.7379,-12.4200,3.38367,0,
-13.7379,-12.4275,3.38383,0,
-13.7379,-12.4350,3.38400,0,
-13.7379,-12.4450,3.38417,0,
-13.7379,-12.4525,3.38433,0,
-13.7379,-12.4625,3.38450,0,
-13.7379,-12.4700,3.38467,0,
-13.7007,-12.4775,3.38483,0,
-13.7007,-12.4875,3.38500,0,
-13.7007,-12.4950,3.38517,0,
-13.7007,-12.5025,3.38533,0,
-13.7007,-12.5125,3.38550,0,
-13.6634,-12.5200,3.38567,0,
-13.6634,-12.5275,3.38583,0,
-13.6262,-12.5375,3.38600,0,
-13.6262,-12.5450,3.38617,0,
-13.5890,-12.5525,3.38633,0,
-13.5890,-12.5625,3.38650,0,
-13.5890,-12.5700,3.38667,0,
-13.5518,-12.5775,3.38683,0,
-13.5518,-12.5850,3.38700,0,
-13.5518,-12.5950,3.38717,0,
-13.5145,-12.6025,3.38733,0,
-13.5518,-12.6100,3.38750,0,
-13.5145,-12.6200,3.38767,0,
-13.5145,-12.6275,3.38783,0,
-13.5518,-12.6350,3.38800,0,
-13.5145,-12.6450,3.38817,0,
-13.5145,-12.6525,3.38833,0,
-13.5145,-12.6625,3.38850,0,
-13.5145,-12.6700,3.38867,0,
-13.5145,-12.6775,3.38883,0,
-13.5145,-12.6875,3.38900,0,
-13.4773,-12.6950,3.38917,0,
-13.4401,-12.7050,3.38933,0,
-13.4401,-12.7125,3.38950,0,
-13.4401,-12.7200,3.38967,0,
-13.4401,-12.7275,3.38983,0,
-13.4401,-12.7350,3.39000,0,
-13.4401,-12.7425,3.39017,0,
-13.4401,-12.7525,3.39033,0,
-13.4401,-12.7600,3.39050,0,
-13.4773,-12.7675,3.39067,0,
-13.4773,-12.7775,3.39083,0,
-13.5145,-12.7850,3.39100,0,
-13.5145,-12.7925,3.39117,0,
-13.5518,-12.8025,3.39133,0,
-13.5518,-12.8100,3.39150,0,
-13.5518,-12.8200,3.39167,0,
-13.5518,-12.8275,3.39183,0,
-13.5145,-12.8375,3.39200,0,
-13.5145,-12.8450,3.39217,0,
-13.4773,-12.8525,3.39233,0,
-13.4773,-12.8625,3.39250,0,
-13.5145,-12.8700,3.39267,0,
-13.5145,-12.8800,3.39283,0,
-13.5518,-12.8875,3.39300,0,
-13.5518,-12.8950,3.39317,0,
-13.5890,-12.9050,3.39333,0,
-13.5890,-12.9125,3.39350,0,
-13.6262,-12.9200,3.39367,0,
-13.6262,-12.9300,3.39383,0,
-13.6262,-12.9375,3.39400,0,
-13.6634,-12.9450,3.39417,0,
-13.6634,-12.9550,3.39433,0,
-13.5890,-12.9625,3.39450,0,
-13.5890,-12.9700,3.39467,0,
-13.5890,-12.9800,3.39483,0,
-13.5890,-12.9875,3.39500,0,
-13.6262,-12.9975,3.39517,0,
-13.6262,-13.0050,3.39533,0,
-13.6262,-13.0125,3.39550,0,
-13.6262,-13.0225,3.39567,0,
-13.6634,-13.0300,3.39583,0,
-13.6262,-13.0375,3.39600,0,
-13.5890,-13.0475,3.39617,0,
-13.5518,-13.0550,3.39633,0,
-13.5145,-13.0625,3.39650,0,
-13.4028,-13.0700,3.39667,0,
-13.3656,-13.0800,3.39683,0,
-13.3284,-13.0875,3.39700,0,
-13.2911,-13.0950,3.39717,0,
-13.2539,-13.1050,3.39733,0,
-13.2539,-13.1125,3.39750,0,
-13.2167,-13.1200,3.39767,0,
-13.2167,-13.1300,3.39783,0,
-13.2167,-13.1375,3.39800,0,
-13.2167,-13.1475,3.39817,0,
-13.1794,-13.1550,3.39833,0,
-13.1794,-13.1625,3.39850,0,
-13.1794,-13.1725,3.39867,0,
-13.1422,-13.1800,3.39883,0,
-13.1422,-13.1900,3.39900,0,
-13.1422,-13.1975,3.39917,0,
-13.1422,-13.2075,3.39933,0,
-13.1422,-13.2150,3.39950,0,
-13.1422,-13.2225,3.39967,0,
-13.1050,-13.2325,3.39983,0,
-13.1050,-13.2400,3.40000,0,
-13.1050,-13.2475,3.40017,0,
-13.1050,-13.2575,3.40033,0,
-13.1050,-13.2650,3.40050,0,
-13.1050,-13.2725,3.40067,0,
-13.1050,-13.2825,3.40083,0,
-13.1050,-13.2900,3.40100,0,
-13.1050,-13.2975,3.40117,0,
-13.1422,-13.3075,3.40133,0,
-13.1050,-13.3150,3.40150,0,
-13.1422,-13.3250,3.40167,0,
-13.1422,-13.3325,3.40183,0,
-13.1050,-13.3425,3.40200,0,
-13.1422,-13.3500,3.40217,0,
-13.1422,-13.3600,3.40233,0,
-13.1422,-13.3675,3.40250,0,
-13.1422,-13.3775,3.40267,0,
-13.1050,-13.3850,3.40283,0,
-13.0678,-13.3925,3.40300,0,
-13.0305,-13.4000,3.40317,0,
-13.0305,-13.4075,3.40333,0,
-13.0305,-13.4175,3.40350,0,
-13.0678,-13.4250,3.40367,0,
-13.0678,-13.4325,3.40383,0,
-13.1050,-13.4425,3.40400,0,
-13.1050,-13.4500,3.40417,0,
-12.9933,-13.4600,3.40433,0,
-12.9561,-13.4675,3.40450,0,
-12.9561,-13.4775,3.40467,0,
-12.9933,-13.4850,3.40483,0,
-12.9933,-13.4950,3.40500,0,
-12.9933,-13.5025,3.40517,0,
-12.9933,-13.5125,3.40533,0,
-12.9933,-13.5200,3.40550,0,
-12.9933,-13.5300,3.40567,0,
-13.0305,-13.5375,3.40583,0,
-13.0305,-13.5450,3.40600,0,
-13.0305,-13.5525,3.40617,0,
-13.0305,-13.5625,3.40633,0,
-13.0305,-13.5700,3.40650,0,
-13.0305,-13.5775,3.40667,0,
-13.0305,-13.5850,3.40683,0,
-13.0305,-13.5925,3.40700,0,
-13.0678,-13.6000,3.40717,0,
-13.0678,-13.6100,3.40733,0,
-13.0678,-13.6175,3.40750,0,
-13.0305,-13.6250,3.40767,0,
-12.9561,-13.6350,3.40783,0,
-12.9561,-13.6425,3.40800,0,
-12.9561,-13.6525,3.40817,0,
-12.9561,-13.6600,3.40833,0,
-12.9561,-13.6700,3.40850,0,
-12.9561,-13.6775,3.40867,0,
-12.9561,-13.6850,3.40883,0,
-12.9561,-13.6950,3.40900,0,
-12.9561,-13.7025,3.40917,0,
-12.9561,-13.7100,3.40933,0,
-12.9561,-13.7200,3.40950,0,
-12.9188,-13.7275,3.40967,0,
-12.9188,-13.7350,3.40983,0,
-12.8816,-13.7425,3.41000,0,
-12.9188,-13.7500,3.41017,0,
-12.9188,-13.7600,3.41033,0,
-12.9188,-13.7675,3.41050,0,
-12.8816,-13.7750,3.41067,0,
-12.8816,-13.7850,3.41083,0,
-12.8816,-13.7925,3.41100,0,
-12.8816,-13.8000,3.41117,0,
-12.8816,-13.8100,3.41133,0,
-12.8816,-13.8175,3.41150,0,
-12.8444,-13.8250,3.41167,0,
-12.8071,-13.8350,3.41183,0,
-12.7699,-13.8425,3.41200,0,
-12.7699,-13.8500,3.41217,0,
-12.7699,-13.8600,3.41233,0,
-12.7699,-13.8675,3.41250,0,
-12.7327,-13.8750,3.41267,0,
-12.7327,-13.8850,3.41283,0,
-12.7327,-13.8925,3.41300,0,
-12.7327,-13.9000,3.41317,0,
-12.7327,-13.9075,3.41333,0,
-12.6955,-13.9175,3.41350,0,
-12.6582,-13.9250,3.41367,0,
-12.6582,-13.9325,3.41383,0,
-12.6582,-13.9400,3.41400,0,
-12.6582,-13.9500,3.41417,0,
-12.6582,-13.9575,3.41433,0,
-12.6582,-13.9650,3.41450,0,
-12.6210,-13.9750,3.41467,0,
-12.6210,-13.9825,3.41483,0,
-12.6210,-13.9925,3.41500,0,
-12.6210,-14.0000,3.41517,0,
-12.5838,-14.0100,3.41533,0,
-12.5838,-14.0175,3.41550,0,
-12.5838,-14.0250,3.41567,0,
-12.5838,-14.0325,3.41583,0,
-12.5838,-14.0425,3.41600,0,
-12.5838,-14.0500,3.41617,0,
-12.5838,-14.0575,3.41633,0,
-12.5838,-14.0650,3.41650,0,
-12.5465,-14.0725,3.41667,0,
-12.5465,-14.0825,3.41683,0,
-12.5465,-14.0900,3.41700,0,
-12.5093,-14.0975,3.41717,0,
-12.5093,-14.1075,3.41733,0,
-12.5093,-14.1150,3.41750,0,
-12.4721,-14.1250,3.41767,0,
-12.4721,-14.1325,3.41783,0,
-12.4721,-14.1425,3.41800,0,
-12.4721,-14.1500,3.41817,0,
-12.4721,-14.1575,3.41833,0,
-12.5093,-14.1675,3.41850,0,
-12.5093,-14.1750,3.41867,0,
-12.5465,-14.1825,3.41883,0,
-12.5465,-14.1925,3.41900,0,
-12.5465,-14.2000,3.41917,0,
-12.5093,-14.2075,3.41933,0,
-12.5093,-14.2175,3.41950,0,
-12.5093,-14.2250,3.41967,0,
-12.4721,-14.2325,3.41983,0,
-12.4721,-14.2400,3.42000,0,
-12.4721,-14.2475,3.42017,0,
-12.4721,-14.2575,3.42033,0,
-12.5093,-14.2650,3.42050,0,
-12.5093,-14.2725,3.42067,0,
-12.5093,-14.2825,3.42083,0,
-12.5093,-14.2900,3.42100,0,
-12.5093,-14.2975,3.42117,0,
-12.4721,-14.3075,3.42133,0,
-12.4348,-14.3150,3.42150,0,
-12.4348,-14.3250,3.42167,0,
-12.4721,-14.3325,3.42183,0,
-12.4721,-14.3425,3.42200,0,
-12.5093,-14.3500,3.42217,0,
-12.5093,-14.3575,3.42233,0,
-12.5093,-14.3675,3.42250,0,
-12.5465,-14.3750,3.42267,0,
-12.5465,-14.3825,3.42283,0,
-12.5465,-14.3900,3.42300,0,
-12.5838,-14.4000,3.42317,0,
-12.5838,-14.4075,3.42333,0,
-12.6210,-14.4150,3.42350,0,
-12.6210,-14.4225,3.42367,0,
-12.6582,-14.4325,3.42383,0,
-12.6582,-14.4400,3.42400,0,
-12.6955,-14.4475,3.42417,0,
-12.6955,-14.4575,3.42433,0,
-12.6582,-14.4650,3.42450,0,
-12.6955,-14.4725,3.42467,0,
-12.6582,-14.4825,3.42483,0,
-12.6582,-14.4900,3.42500,0,
-12.6582,-14.4975,3.42517,0,
-12.6582,-14.5075,3.42533,0,
-12.6210,-14.5150,3.42550,0,
-12.6210,-14.5225,3.42567,0,
-12.6210,-14.5325,3.42583,0,
-12.6210,-14.5400,3.42600,0,
-12.5838,-14.5475,3.42617,0,
-12.5838,-14.5575,3.42633,0,
-12.5838,-14.5650,3.42650,0,
-12.5838,-14.5725,3.42667,0,
-12.5838,-14.5825,3.42683,0,
-12.5838,-14.5900,3.42700,0,
-12.5838,-14.5975,3.42717,0,
-12.5838,-14.6050,3.42733,0,
-12.5465,-14.6150,3.42750,0,
-12.5465,-14.6225,3.42767,0,
-12.5465,-14.6300,3.42783,0,
-12.5465,-14.6400,3.42800,0,
-12.5465,-14.6475,3.42817,0,
-12.5465,-14.6575,3.42833,0,
-12.5465,-14.6650,3.42850,0,
-12.5465,-14.6750,3.42867,0,
-12.5465,-14.6825,3.42883,0,
-12.5093,-14.6900,3.42900,0,
-12.5465,-14.7000,3.42917,0,
-12.5093,-14.7075,3.42933,0,
-12.5093,-14.7150,3.42950,0,
-12.5093,-14.7250,3.42967,0,
-12.5093,-14.7325,3.42983,0,
-12.5093,-14.7400,3.43000,0,
-12.4721,-14.7475,3.43017,0,
-12.4721,-14.7575,3.43033,0,
-12.4721,-14.7650,3.43050,0,
-12.4721,-14.7725,3.43067,0,
-12.4721,-14.7825,3.43083,0,
-12.4721,-14.7900,3.43100,0,
-12.4721,-14.7975,3.43117,0,
-12.4721,-14.8075,3.43133,0,
-12.4348,-14.8150,3.43150,0,
-12.4721,-14.8225,3.43167,0,
-12.4348,-14.8325,3.43183,0,
-12.4348,-14.8400,3.43200,0,
-12.4348,-14.8475,3.43217,0,
-12.4348,-14.8575,3.43233,0,
-12.4348,-14.8650,3.43250,0,
-12.4348,-14.8750,3.43267,0,
-12.4348,-14.8825,3.43283,0,
-12.4348,-14.8900,3.43300,0,
-12.4348,-14.8975,3.43317,0,
-12.3976,-14.9050,3.43333,0,
-12.3976,-14.9150,3.43350,0,
-12.3976,-14.9225,3.43367,0,
-12.3976,-14.9300,3.43383,0,
-12.3976,-14.9400,3.43400,0,
-12.3976,-14.9475,3.43417,0,
-12.3976,-14.9550,3.43433,0,
-12.3604,-14.9650,3.43450,0,
-12.3976,-14.9725,3.43467,0,
-12.3976,-14.9825,3.43483,0,
-12.3976,-14.9900,3.43500,0,
-12.3604,-15.0000,3.43517,0,
-12.3604,-15.0075,3.43533,0,
-12.3604,-15.0150,3.43550,0,
-12.3604,-15.0250,3.43567,0,
-12.3604,-15.0325,3.43583,0,
-12.3604,-15.0400,3.43600,0,
-12.3604,-15.0475,3.43617,0,
-12.3232,-15.0575,3.43633,0,
-12.3232,-15.0650,3.43650,0,
-12.3232,-15.0725,3.43667,0,
-12.3232,-15.0800,3.43683,0,
-12.3232,-15.0900,3.43700,0,
-12.3232,-15.0975,3.43717,0,
-12.2859,-15.1075,3.43733,0,
-12.3232,-15.1150,3.43750,0,
-12.2859,-15.1225,3.43767,0,
-12.2859,-15.1325,3.43783,0,
-12.3232,-15.1400,3.43800,0,
-12.2859,-15.1475,3.43817,0,
-12.2859,-15.1550,3.43833,0,
-12.2859,-15.1650,3.43850,0,
-12.2859,-15.1725,3.43867,0,
-12.2859,-15.1825,3.43883,0,
-12.2859,-15.1900,3.43900,0,
-12.2859,-15.1975,3.43917,0,
-12.2859,-15.2075,3.43933,0,
-12.2487,-15.2150,3.43950,0,
-12.2487,-15.2225,3.43967,0,
-12.2487,-15.2325,3.43983,0,
-12.2487,-15.2400,3.44000,0,
-12.2487,-15.2475,3.44017,0,
-12.2487,-15.2550,3.44033,0,
-12.2487,-15.2650,3.44050,0,
-12.2487,-15.2725,3.44067,0,
-12.2487,-15.2800,3.44083,0,
-12.2487,-15.2900,3.44100,0,
-12.2115,-15.2975,3.44117,0,
-12.2115,-15.3075,3.44133,0,
-12.2115,-15.3150,3.44150,0,
-12.2115,-15.3225,3.44167,0,
-12.2115,-15.3325,3.44183,0,
-12.2115,-15.3400,3.44200,0,
-12.2115,-15.3475,3.44217,0,
-12.2115,-15.3575,3.44233,0,
-12.2115,-15.3650,3.44250,0,
-12.2115,-15.3725,3.44267,0,
-12.1742,-15.3825,3.44283,0,
-12.1742,-15.3900,3.44300,0,
-12.1742,-15.3975,3.44317,0,
-12.1742,-15.4050,3.44333,0,
-12.1742,-15.4125,3.44350,0,
-12.1742,-15.4200,3.44367,0,
-12.1742,-15.4275,3.44383,0,
-12.1742,-15.4350,3.44400,0,
-12.1742,-15.4450,3.44417,0,
-12.1742,-15.4525,3.44433,0,
-12.1370,-15.4600,3.44450,0,
-12.1742,-15.4700,3.44467,0,
-12.1370,-15.4775,3.44483,0,
-12.1370,-15.4850,3.44500,0,
-12.1370,-15.4950,3.44517,0,
-12.1370,-15.5025,3.44533,0,
-12.1370,-15.5100,3.44550,0,
-12.1370,-15.5175,3.44567,0,
-12.1370,-15.5275,3.44583,0,
-12.1370,-15.5350,3.44600,0,
-12.1370,-15.5425,3.44617,0,
-12.1370,-15.5525,3.44633,0,
-12.1370,-15.5600,3.44650,0,
-12.1370,-15.5675,3.44667,0,
-12.1370,-15.5750,3.44683,0,
-12.1370,-15.5850,3.44700,0,
-12.1370,-15.5925,3.44717,0,
-12.1370,-15.6000,3.44733,0,
-12.1370,-15.6100,3.44750,0,
-12.1370,-15.6175,3.44767,0,
-12.0998,-15.6275,3.44783,0,
-12.1370,-15.6350,3.44800,0,
-12.0998,-15.6450,3.44817,0,
-12.0998,-15.6525,3.44833,0,
-12.0998,-15.6625,3.44850,0,
-12.0998,-15.6700,3.44867,0,
-12.0998,-15.6800,3.44883,0,
-12.0998,-15.6875,3.44900,0,
-12.0998,-15.6950,3.44917,0,
-12.0998,-15.7050,3.44933,0,
-12.0998,-15.7125,3.44950,0,
-12.0998,-15.7200,3.44967,0,
-12.0998,-15.7300,3.44983,0,
-12.0998,-15.7375,3.45000,0,
-12.0998,-15.7450,3.45017,0,
-12.0998,-15.7550,3.45033,0,
-12.0998,-15.7625,3.45050,0,
-12.0998,-15.7700,3.45067,0,
-12.0998,-15.7800,3.45083,0,
-12.0625,-15.7875,3.45100,0,
-12.0625,-15.7950,3.45117,0,
-12.0625,-15.8025,3.45133,0,
-12.0625,-15.8125,3.45150,0,
-12.0625,-15.8200,3.45167,0,
-12.0625,-15.8300,3.45183,0,
-12.0625,-15.8375,3.45200,0,
-12.0625,-15.8450,3.45217,0,
-12.0625,-15.8525,3.45233,0,
-12.0625,-15.8625,3.45250,0,
-12.0625,-15.8700,3.45267,0,
-12.0625,-15.8800,3.45283,0,
-12.0625,-15.8875,3.45300,0,
-12.0625,-15.8950,3.45317,0,
-12.0625,-15.9050,3.45333,0,
-12.0625,-15.9125,3.45350,0,
-12.0625,-15.9200,3.45367,0,
-12.0625,-15.9300,3.45383,0,
-12.0253,-15.9375,3.45400,0,
-12.0253,-15.9475,3.45417,0,
-12.0253,-15.9550,3.45433,0,
-12.0253,-15.9625,3.45450,0,
-12.0253,-15.9725,3.45467,0,
-12.0253,-15.9800,3.45483,0,
-12.0253,-15.9900,3.45500,0,
-12.0625,-15.9975,3.45517,0,
-12.0253,-16.0075,3.45533,0,
-12.0253,-16.0150,3.45550,0,
-12.0253,-16.0250,3.45567,0,
-12.0253,-16.0325,3.45583,0,
-12.0253,-16.0400,3.45600,0,
-12.0253,-16.0500,3.45617,0,
-12.0253,-16.0575,3.45633,0,
-12.0253,-16.0650,3.45650,0,
-12.0253,-16.0725,3.45667,0,
-11.9881,-16.0825,3.45683,0,
-11.9881,-16.0900,3.45700,0,
-11.9881,-16.0975,3.45717,0,
-11.9881,-16.1050,3.45733,0,
-11.9881,-16.1150,3.45750,0,
-11.9881,-16.1225,3.45767,0,
-11.9881,-16.1300,3.45783,0,
-11.9881,-16.1400,3.45800,0,
-11.9881,-16.1475,3.45817,0,
-11.9881,-16.1575,3.45833,0,
-11.9881,-16.1650,3.45850,0,
-11.9881,-16.1725,3.45867,0,
-11.9509,-16.1825,3.45883,0,
-11.9509,-16.1900,3.45900,0,
-11.9881,-16.1975,3.45917,0,
-11.9881,-16.2075,3.45933,0,
-11.9881,-16.2150,3.45950,0,
-11.9881,-16.2225,3.45967,0,
-11.9881,-16.2300,3.45983,0,
-11.9509,-16.2400,3.46000,0,
-11.9881,-16.2475,3.46017,0,
-11.9509,-16.2550,3.46033,0,
-11.9509,-16.2625,3.46050,0,
-11.9509,-16.2725,3.46067,0,
-11.9509,-16.2800,3.46083,0,
-11.9509,-16.2875,3.46100,0,
-11.9881,-16.2975,3.46117,0,
-11.9881,-16.3050,3.46133,0,
-11.9509,-16.3150,3.46150,0,
-11.9509,-16.3225,3.46167,0,
-11.9509,-16.3300,3.46183,0,
-11.9509,-16.3400,3.46200,0,
-11.9509,-16.3475,3.46217,0,
-11.9509,-16.3550,3.46233,0,
-11.9509,-16.3650,3.46250,0,
-11.9509,-16.3725,3.46267,0,
-11.9509,-16.3800,3.46283,0,
-11.9509,-16.3875,3.46300,0,
-11.9509,-16.3975,3.46317,0,
-11.9509,-16.4050,3.46333,0,
-11.9509,-16.4125,3.46350,0,
-11.9509,-16.4225,3.46367,0,
-11.9509,-16.4300,3.46383,0,
-11.9509,-16.4375,3.46400,0,
-11.9509,-16.4450,3.46417,0,
-11.9509,-16.4550,3.46433,0,
-11.9136,-16.4625,3.46450,0,
-11.9136,-16.4700,3.46467,0,
-11.9136,-16.4800,3.46483,0,
-11.9136,-16.4875,3.46500,0,
-11.9136,-16.4950,3.46517,0,
-11.9136,-16.5025,3.46533,0,
-11.9136,-16.5125,3.46550,0,
-11.9136,-16.5200,3.46567,0,
-11.9136,-16.5300,3.46583,0,
-11.9136,-16.5375,3.46600,0,
-11.9136,-16.5450,3.46617,0,
-11.9136,-16.5550,3.46633,0,
-11.9136,-16.5625,3.46650,0,
-11.9136,-16.5700,3.46667,0,
-11.9136,-16.5775,3.46683,0,
-11.9136,-16.5875,3.46700,0,
-11.9136,-16.5950,3.46717,0,
-11.9136,-16.6025,3.46733,0,
-11.8764,-16.6125,3.46750,0,
-11.8764,-16.6200,3.46767,0,
-11.8764,-16.6300,3.46783,0,
-11.8764,-16.6375,3.46800,0,
-11.8764,-16.6475,3.46817,0,
-11.8764,-16.6550,3.46833,0,
-11.8764,-16.6650,3.46850,0,
-11.8764,-16.6725,3.46867,0,
-11.8764,-16.6825,3.46883,0,
-11.8764,-16.6900,3.46900,0,
-11.8764,-16.6975,3.46917,0,
-11.8764,-16.7075,3.46933,0,
-11.8764,-16.7150,3.46950,0,
-11.8764,-16.7225,3.46967,0,
-11.8764,-16.7300,3.46983,0,
-11.8764,-16.7375,3.47000,0,
-11.8764,-16.7475,3.47017,0,
-11.8764,-16.7550,3.47033,0,
-11.8764,-16.7625,3.47050,0,
-11.8764,-16.7725,3.47067,0,
-11.8764,-16.7800,3.47083,0,
-11.8764,-16.7875,3.47100,0,
-11.8764,-16.7975,3.47117,0,
-11.8764,-16.8050,3.47133,0,
-11.8764,-16.8125,3.47150,0,
-11.8764,-16.8225,3.47167,0,
-11.9136,-16.8300,3.47183,0,
-11.9136,-16.8375,3.47200,0,
-11.8764,-16.8475,3.47217,0,
-11.8764,-16.8550,3.47233,0,
-11.9136,-16.8650,3.47250,0,
-11.9136,-16.8725,3.47267,0,
-11.8764,-16.8800,3.47283,0,
-11.9136,-16.8875,3.47300,0,
-11.9136,-16.8975,3.47317,0,
-11.9136,-16.9050,3.47333,0,
-11.9136,-16.9125,3.47350,0,
-11.9136,-16.9225,3.47367,0,
-11.9136,-16.9300,3.47383,0,
-11.9136,-16.9375,3.47400,0,
-11.9136,-16.9450,3.47417,0,
-11.9136,-16.9550,3.47433,0,
-11.9136,-16.9625,3.47450,0,
-11.9136,-16.9725,3.47467,0,
-11.9136,-16.9800,3.47483,0,
-11.9136,-16.9875,3.47500,0,
-11.9136,-16.9975,3.47517,0,
-11.9136,-17.0050,3.47533,0,
-11.9136,-17.0150,3.47550,0,
-11.9136,-17.0225,3.47567,0,
-11.9136,-17.0325,3.47583,0,
-11.9136,-17.0400,3.47600,0,
-11.9136,-17.0475,3.47617,0,
-11.9136,-17.0550,3.47633,0,
-11.9136,-17.0650,3.47650,0,
-11.9136,-17.0725,3.47667,0,
-11.9136,-17.0800,3.47683,0,
-11.9136,-17.0875,3.47700,0,
-11.9136,-17.0975,3.47717,0,
-11.9136,-17.1050,3.47733,0,
-11.9136,-17.1125,3.47750,0,
-11.9136,-17.1225,3.47767,0,
-11.9136,-17.1300,3.47783,0,
-11.9136,-17.1375,3.47800,0,
-11.9136,-17.1450,3.47817,0,
-11.9136,-17.1550,3.47833,0,
-11.9136,-17.1625,3.47850,0,
-11.9136,-17.1700,3.47867,0,
-11.9136,-17.1800,3.47883,0,
-11.9136,-17.1875,3.47900,0,
-11.9136,-17.1975,3.47917,0,
-11.9136,-17.2050,3.47933,0,
-11.9136,-17.2125,3.47950,0,
-11.9136,-17.2225,3.47967,0,
-11.9136,-17.2300,3.47983,0,
-11.9136,-17.2375,3.48000,0,
-11.9136,-17.2450,3.48017,0,
-11.9136,-17.2550,3.48033,0,
-11.9136,-17.2625,3.48050,0,
-11.9136,-17.2700,3.48067,0,
-11.9136,-17.2800,3.48083,0,
-11.9136,-17.2875,3.48100,0,
-11.9136,-17.2950,3.48117,0,
-11.9136,-17.3050,3.48133,0,
-11.9136,-17.3125,3.48150,0,
-11.9136,-17.3225,3.48167,0,
-11.9136,-17.3300,3.48183,0,
-11.9136,-17.3400,3.48200,0,
-11.9136,-17.3475,3.48217,0,
-11.9136,-17.3575,3.48233,0,
-11.9136,-17.3650,3.48250,0,
-11.9136,-17.3725,3.48267,0,
-11.9136,-17.3800,3.48283,0,
-11.9136,-17.3900,3.48300,0,
-11.9136,-17.3975,3.48317,0,
-11.9136,-17.4050,3.48333,0,
-11.9136,-17.4125,3.48350,0,
-11.9136,-17.4225,3.48367,0,
-11.9136,-17.4300,3.48383,0,
-11.9136,-17.4375,3.48400,0,
-11.9136,-17.4475,3.48417,0,
-11.9136,-17.4550,3.48433,0,
-11.9136,-17.4625,3.48450,0,
-11.9136,-17.4725,3.48467,0,
-11.9136,-17.4800,3.48483,0,
-11.9136,-17.4875,3.48500,0,
-11.9136,-17.4975,3.48517,0,
-11.9136,-17.5050,3.48533,0,
-11.9136,-17.5125,3.48550,0,
-11.9136,-17.5225,3.48567,0,
-11.9136,-17.5300,3.48583,0,
-11.9509,-17.5400,3.48600,0,
-11.9136,-17.5475,3.48617,0,
-11.9509,-17.5550,3.48633,0,
-11.9509,-17.5650,3.48650,0,
-11.9136,-17.5725,3.48667,0,
-11.9136,-17.5800,3.48683,0,
-11.9509,-17.5875,3.48700,0,
-11.9136,-17.5975,3.48717,0,
-11.9136,-17.6050,3.48733,0,
-11.9509,-17.6125,3.48750,0,
-11.9136,-17.6225,3.48767,0,
-11.9509,-17.6300,3.48783,0,
-11.9509,-17.6400,3.48800,0,
-11.9509,-17.6475,3.48817,0,
-11.9509,-17.6575,3.48833,0,
-11.9509,-17.6650,3.48850,0,
-11.9509,-17.6750,3.48867,0,
-11.9509,-17.6825,3.48883,0,
-11.9509,-17.6900,3.48900,0,
-11.9509,-17.7000,3.48917,0,
-11.9509,-17.7075,3.48933,0,
-11.9509,-17.7150,3.48950,0,
-11.9136,-17.7250,3.48967,0,
-11.9509,-17.7325,3.48983,0,
-11.9509,-17.7400,3.49000,0,
-11.9509,-17.7475,3.49017,0,
-11.9509,-17.7550,3.49033,0,
-11.9509,-17.7650,3.49050,0,
-11.9509,-17.7725,3.49067,0,
-11.9509,-17.7800,3.49083,0,
-11.9509,-17.7900,3.49100,0,
-11.9509,-17.7975,3.49117,0,
-11.9509,-17.8075,3.49133,0,
-11.9509,-17.8150,3.49150,0,
-11.9509,-17.8225,3.49167,0,
-11.9509,-17.8325,3.49183,0,
-11.9509,-17.8400,3.49200,0,
-11.9509,-17.8475,3.49217,0,
-11.9509,-17.8575,3.49233,0,
-11.9509,-17.8650,3.49250,0,
-11.9509,-17.8725,3.49267,0,
-11.9509,-17.8825,3.49283,0,
-11.9509,-17.8900,3.49300,0,
-11.9509,-17.8975,3.49317,0,
-11.9509,-17.9050,3.49333,0,
-11.9881,-17.9150,3.49350,0,
-11.9509,-17.9225,3.49367,0,
-11.9509,-17.9300,3.49383,0,
-11.9881,-17.9400,3.49400,0,
-11.9881,-17.9475,3.49417,0,
-11.9881,-17.9575,3.49433,0,
-11.9881,-17.9650,3.49450,0,
-11.9881,-17.9750,3.49467,0,
-11.9881,-17.9825,3.49483,0,
-11.9881,-17.9900,3.49500,0,
-11.9881,-18.0000,3.49517,0,
-11.9881,-18.0100,3.49533,0,
-11.9881,-18.0175,3.49550,0,
-11.9881,-18.0250,3.49567,0,
-11.9881,-18.0350,3.49583,0,
-11.9881,-18.0425,3.49600,0,
-11.9881,-18.0500,3.49617,0,
-11.9881,-18.0600,3.49633,0,
-11.9881,-18.0675,3.49650,0,
-11.9881,-18.0750,3.49667,0,
-12.0253,-18.0825,3.49683,0,
-11.9881,-18.0925,3.49700,0,
-12.0253,-18.1000,3.49717,0,
-12.0253,-18.1075,3.49733,0,
-12.0253,-18.1175,3.49750,0,
-12.0253,-18.1250,3.49767,0,
-12.0253,-18.1325,3.49783,0,
-12.0253,-18.1425,3.49800,0,
-12.0253,-18.1500,3.49817,0,
-12.0253,-18.1600,3.49833,0,
-12.0253,-18.1675,3.49850,0,
-12.0253,-18.1750,3.49867,0,
-12.0253,-18.1850,3.49883,0,
-12.0253,-18.1925,3.49900,0,
-12.0625,-18.2025,3.49917,0,
-12.0253,-18.2100,3.49933,0,
-12.0253,-18.2200,3.49950,0,
-12.0253,-18.2275,3.49967,0,
-12.0253,-18.2350,3.49983,0,
-12.0253,-18.2425,3.50000,0,
-12.0625,-18.2525,3.50017,0,
-12.0253,-18.2600,3.50033,0,
-12.0253,-18.2675,3.50050,0,
-12.0625,-18.2775,3.50067,0,
-12.0625,-18.2850,3.50083,0,
-12.0625,-18.2950,3.50100,0,
-12.0625,-18.3025,3.50117,0,
-12.0625,-18.3125,3.50133,0,
-12.0625,-18.3200,3.50150,0,
-12.0625,-18.3300,3.50167,0,
-12.0625,-18.3375,3.50183,0,
-12.0625,-18.3475,3.50200,0,
-12.0625,-18.3550,3.50217,0,
-12.0625,-18.3650,3.50233,0,
-12.0625,-18.3725,3.50250,0,
-12.0625,-18.3800,3.50267,0,
-12.0625,-18.3875,3.50283,0,
-12.0625,-18.3950,3.50300,0,
-12.0625,-18.4050,3.50317,0,
-12.0625,-18.4125,3.50333,0,
-12.0625,-18.4200,3.50350,0,
-12.0625,-18.4275,3.50367,0,
-12.0625,-18.4375,3.50383,0,
-12.0998,-18.4450,3.50400,0,
-12.0625,-18.4550,3.50417,0,
-12.0625,-18.4625,3.50433,0,
-12.0625,-18.4700,3.50450,0,
-12.0998,-18.4800,3.50467,0,
-12.0998,-18.4875,3.50483,0,
-12.0998,-18.4950,3.50500,0,
-12.0998,-18.5050,3.50517,0,
-12.0998,-18.5125,3.50533,0,
-12.0998,-18.5225,3.50550,0,
-12.0998,-18.5300,3.50567,0,
-12.0998,-18.5400,3.50583,0,
-12.0998,-18.5475,3.50600,0,
-12.0998,-18.5550,3.50617,0,
-12.0998,-18.5625,3.50633,0,
-12.0998,-18.5725,3.50650,0,
-12.0998,-18.5800,3.50667,0,
-12.0998,-18.5875,3.50683,0,
-12.0998,-18.5975,3.50700,0,
-12.0998,-18.6050,3.50717,0,
-12.0998,-18.6125,3.50733,0,
-12.1370,-18.6225,3.50750,0,
-12.1370,-18.6300,3.50767,0,
-12.1370,-18.6400,3.50783,0,
-12.1370,-18.6475,3.50800,0,
-12.1370,-18.6550,3.50817,0,
-12.1370,-18.6650,3.50833,0,
-12.1370,-18.6725,3.50850,0,
-12.1370,-18.6825,3.50867,0,
-12.1370,-18.6900,3.50883,0,
-12.1370,-18.6975,3.50900,0,
-12.1370,-18.7050,3.50917,0,
-12.1370,-18.7150,3.50933,0,
-12.1370,-18.7225,3.50950,0,
-12.1370,-18.7300,3.50967,0,
-12.1370,-18.7375,3.50983,0,
-12.1370,-18.7450,3.51000,0,
-12.1370,-18.7550,3.51017,0,
-12.1370,-18.7625,3.51033,0,
-12.1742,-18.7700,3.51050,0,
-12.1742,-18.7800,3.51067,0,
-12.1742,-18.7875,3.51083,0,
-12.1742,-18.7950,3.51100,0,
-12.1742,-18.8050,3.51117,0,
-12.1742,-18.8125,3.51133,0,
-12.1742,-18.8200,3.51150,0,
-12.1742,-18.8275,3.51167,0,
-12.1742,-18.8375,3.51183,0,
-12.1742,-18.8450,3.51200,0,
-12.1742,-18.8550,3.51217,0,
-12.1742,-18.8625,3.51233,0,
-12.1742,-18.8700,3.51250,0,
-12.1742,-18.8800,3.51267,0,
-12.1742,-18.8875,3.51283,0,
-12.1742,-18.8950,3.51300,0,
-12.1742,-18.9025,3.51317,0,
-12.1742,-18.9125,3.51333,0,
-12.2115,-18.9200,3.51350,0,
-12.1742,-18.9275,3.51367,0,
-12.1742,-18.9375,3.51383,0,
-12.2115,-18.9450,3.51400,0,
-12.2115,-18.9525,3.51417,0,
-12.2115,-18.9625,3.51433,0,
-12.2115,-18.9700,3.51450,0,
-12.2115,-18.9775,3.51467,0,
-12.2115,-18.9875,3.51483,0,
-12.2115,-18.9950,3.51500,0,
-12.2115,-19.0050,3.51517,0,
-12.2115,-19.0125,3.51533,0,
-12.2115,-19.0200,3.51550,0,
-12.2487,-19.0300,3.51567,0,
-12.2115,-19.0375,3.51583,0,
-12.2115,-19.0450,3.51600,0,
-12.2115,-19.0550,3.51617,0,
-12.2115,-19.0625,3.51633,0,
-12.2115,-19.0700,3.51650,0,
-12.2115,-19.0775,3.51667,0,
-12.2487,-19.0875,3.51683,0,
-12.2115,-19.0950,3.51700,0,
-12.2487,-19.1025,3.51717,0,
-12.2487,-19.1125,3.51733,0,
-12.2487,-19.1200,3.51750,0,
-12.2487,-19.1300,3.51767,0,
-12.2487,-19.1375,3.51783,0,
-12.2487,-19.1450,3.51800,0,
-12.2487,-19.1550,3.51817,0,
-12.2487,-19.1625,3.51833,0,
-12.2487,-19.1700,3.51850,0,
-12.2487,-19.1800,3.51867,0,
-12.2487,-19.1875,3.51883,0,
-12.2859,-19.1975,3.51900,0,
-12.2487,-19.2050,3.51917,0,
-12.2487,-19.2125,3.51933,0,
-12.2487,-19.2200,3.51950,0,
-12.2859,-19.2300,3.51967,0,
-12.2487,-19.2375,3.51983,0,
-12.2859,-19.2450,3.52000,0,
-12.2859,-19.2525,3.52017,0,
-12.2859,-19.2625,3.52033,0,
-12.2859,-19.2700,3.52050,0,
-12.2859,-19.2775,3.52067,0,
-12.2859,-19.2875,3.52083,0,
-12.2859,-19.2950,3.52100,0,
-12.2859,-19.3050,3.52117,0,
-12.2859,-19.3125,3.52133,0,
-12.2859,-19.3200,3.52150,0,
-12.2859,-19.3300,3.52167,0,
-12.2859,-19.3375,3.52183,0,
-12.2859,-19.3475,3.52200,0,
-12.2859,-19.3550,3.52217,0,
-12.3232,-19.3625,3.52233,0,
-12.3232,-19.3700,3.52250,0,
-12.3232,-19.3800,3.52267,0,
-12.3232,-19.3875,3.52283,0,
-12.3232,-19.3950,3.52300,0,
-12.3232,-19.4025,3.52317,0,
-12.3232,-19.4100,3.52333,0,
-12.3232,-19.4200,3.52350,0,
-12.3232,-19.4275,3.52367,0,
-12.3232,-19.4350,3.52383,0,
-12.3232,-19.4450,3.52400,0,
-12.3604,-19.4525,3.52417,0,
-12.3604,-19.4600,3.52433,0,
-12.3604,-19.4700,3.52450,0,
-12.3604,-19.4775,3.52467,0,
-12.3604,-19.4875,3.52483,0,
-12.3604,-19.4950,3.52500,0,
-12.3604,-19.5025,3.52517,0,
-12.3604,-19.5125,3.52533,0,
-12.3604,-19.5200,3.52550,0,
-12.3604,-19.5300,3.52567,0,
-12.3604,-19.5375,3.52583,0,
-12.3604,-19.5450,3.52600,0,
-12.3604,-19.5550,3.52617,0,
-12.3604,-19.5625,3.52633,0,
-12.3604,-19.5700,3.52650,0,
-12.3604,-19.5775,3.52667,0,
-12.3976,-19.5850,3.52683,0,
-12.3604,-19.5925,3.52700,0,
-12.3604,-19.6000,3.52717,0,
-12.3976,-19.6100,3.52733,0,
-12.3976,-19.6175,3.52750,0,
-12.3976,-19.6250,3.52767,0,
-12.3976,-19.6350,3.52783,0,
-12.3976,-19.6425,3.52800,0,
-12.3976,-19.6525,3.52817,0,
-12.3976,-19.6600,3.52833,0,
-12.3976,-19.6675,3.52850,0,
-12.3976,-19.6775,3.52867,0,
-12.3976,-19.6850,3.52883,0,
-12.4348,-19.6925,3.52900,0,
-12.4348,-19.7025,3.52917,0,
-12.4348,-19.7100,3.52933,0,
-12.4348,-19.7175,3.52950,0,
-12.3976,-19.7250,3.52967,0,
-12.4348,-19.7325,3.52983,0,
-12.4348,-19.7425,3.53000,0,
-12.4348,-19.7500,3.53017,0,
-12.4348,-19.7575,3.53033,0,
-12.4348,-19.7675,3.53050,0,
-12.4348,-19.7750,3.53067,0,
-12.4348,-19.7850,3.53083,0,
-12.4348,-19.7925,3.53100,0,
-12.4721,-19.8000,3.53117,0,
-12.4348,-19.8100,3.53133,0,
-12.4348,-19.8175,3.53150,0,
-12.4721,-19.8250,3.53167,0,
-12.4721,-19.8350,3.53183,0,
-12.4721,-19.8425,3.53200,0,
-12.4721,-19.8525,3.53217,0,
-12.4721,-19.8600,3.53233,0,
-12.4721,-19.8700,3.53250,0,
-12.4721,-19.8775,3.53267,0,
-12.4721,-19.8850,3.53283,0,
-12.5093,-19.8950,3.53300,0,
-12.4721,-19.9025,3.53317,0,
-12.4721,-19.9100,3.53333,0,
-12.5093,-19.9200,3.53350,0,
-12.5093,-19.9275,3.53367,0,
-12.5093,-19.9350,3.53383,0,
-12.5093,-19.9450,3.53400,0,
-12.5093,-19.9525,3.53417,0,
-12.5093,-19.9625,3.53433,0,
-12.5093,-19.9700,3.53450,0,
-12.5093,-19.9800,3.53467,0,
-12.5093,-19.9875,3.53483,0,
-12.5093,-19.9950,3.53500,0,
-12.5093,-20.0050,3.53517,0,
-12.5093,-20.0125,3.53533,0,
-12.5093,-20.0200,3.53550,0,
-12.5093,-20.0300,3.53567,0,
-12.5093,-20.0375,3.53583,0,
-12.5093,-20.0450,3.53600,0,
-12.5465,-20.0550,3.53617,0,
-12.5465,-20.0625,3.53633,0,
-12.5465,-20.0700,3.53650,0,
-12.5465,-20.0775,3.53667,0,
-12.5465,-20.0850,3.53683,0,
-12.5465,-20.0950,3.53700,0,
-12.5465,-20.1025,3.53717,0,
-12.5465,-20.1100,3.53733,0,
-12.5838,-20.1200,3.53750,0,
-12.5838,-20.1275,3.53767,0,
-12.5838,-20.1350,3.53783,0,
-12.5838,-20.1450,3.53800,0,
-12.5838,-20.1525,3.53817,0,
-12.5838,-20.1600,3.53833,0,
-12.5838,-20.1700,3.53850,0,
-12.5838,-20.1775,3.53867,0,
-12.5838,-20.1875,3.53883,0,
-12.5838,-20.1950,3.53900,0,
-12.5838,-20.2025,3.53917,0,
-12.5838,-20.2125,3.53933,0,
-12.6210,-20.2200,3.53950,0,
-12.6210,-20.2275,3.53967,0,
-12.6210,-20.2350,3.53983,0,
-12.6210,-20.2450,3.54000,0,
-12.6210,-20.2525,3.54017,0,
-12.6210,-20.2600,3.54033,0,
-12.6210,-20.2675,3.54050,0,
-12.6210,-20.2775,3.54067,0,
-12.6210,-20.2850,3.54083,0,
-12.6210,-20.2950,3.54100,0,
-12.6210,-20.3025,3.54117,0,
-12.6210,-20.3100,3.54133,0,
-12.6210,-20.3200,3.54150,0,
-12.6582,-20.3275,3.54167,0,
-12.6582,-20.3375,3.54183,0,
-12.6582,-20.3450,3.54200,0,
-12.6582,-20.3525,3.54217,0,
-12.6582,-20.3625,3.54233,0,
-12.6582,-20.3700,3.54250,0,
-12.6582,-20.3775,3.54267,0,
-12.6582,-20.3875,3.54283,0,
-12.6582,-20.3950,3.54300,0,
-12.6582,-20.4025,3.54317,0,
-12.6582,-20.4100,3.54333,0,
-12.6955,-20.4200,3.54350,0,
-12.6955,-20.4275,3.54367,0,
-12.6955,-20.4350,3.54383,0,
-12.6955,-20.4450,3.54400,0,
-12.6955,-20.4525,3.54417,0,
-12.6955,-20.4600,3.54433,0,
-12.6955,-20.4700,3.54450,0,
-12.6955,-20.4775,3.54467,0,
-12.6955,-20.4850,3.54483,0,
-12.6955,-20.4950,3.54500,0,
-12.6955,-20.5025,3.54517,0,
-12.6955,-20.5125,3.54533,0,
-12.7327,-20.5200,3.54550,0,
-12.7327,-20.5275,3.54567,0,
-12.7327,-20.5375,3.54583,0,
-12.7327,-20.5450,3.54600,0,
-12.7327,-20.5525,3.54617,0,
-12.7327,-20.5600,3.54633,0,
-12.7327,-20.5700,3.54650,0,
-12.7327,-20.5775,3.54667,0,
-12.7327,-20.5850,3.54683,0,
-12.7327,-20.5925,3.54700,0,
-12.7327,-20.6000,3.54717,0,
-12.7699,-20.6100,3.54733,0,
-12.7699,-20.6175,3.54750,0,
-12.7699,-20.6250,3.54767,0,
-12.7699,-20.6350,3.54783,0,
-12.7699,-20.6425,3.54800,0,
-12.7699,-20.6525,3.54817,0,
-12.7699,-20.6600,3.54833,0,
-12.7699,-20.6675,3.54850,0,
-12.7699,-20.6775,3.54867,0,
-12.7699,-20.6850,3.54883,0,
-12.7699,-20.6925,3.54900,0,
-12.7699,-20.7025,3.54917,0,
-12.8071,-20.7100,3.54933,0,
-12.8071,-20.7175,3.54950,0,
-12.8071,-20.7250,3.54967,0,
-12.8071,-20.7325,3.54983,0,
-12.8071,-20.7425,3.55000,0,
-12.8071,-20.7500,3.55017,0,
-12.8071,-20.7575,3.55033,0,
-12.8071,-20.7675,3.55050,0,
-12.8071,-20.7750,3.55067,0,
-12.8444,-20.7850,3.55083,0,
-12.8071,-20.7925,3.55100,0,
-12.8444,-20.8000,3.55117,0,
-12.8444,-20.8100,3.55133,0,
-12.8444,-20.8175,3.55150,0,
-12.8444,-20.8250,3.55167,0,
-12.8444,-20.8350,3.55183,0,
-12.8444,-20.8425,3.55200,0,
-12.8444,-20.8500,3.55217,0,
-12.8444,-20.8575,3.55233,0,
-12.8444,-20.8675,3.55250,0,
-12.8444,-20.8750,3.55267,0,
-12.8816,-20.8825,3.55283,0,
-12.8816,-20.8925,3.55300,0,
-12.8816,-20.9000,3.55317,0,
-12.8816,-20.9075,3.55333,0,
-12.8816,-20.9150,3.55350,0,
-12.8816,-20.9250,3.55367,0,
-12.8816,-20.9325,3.55383,0,
-12.8816,-20.9400,3.55400,0,
-12.9188,-20.9500,3.55417,0,
-12.9188,-20.9575,3.55433,0,
-12.9188,-20.9650,3.55450,0,
-12.9188,-20.9750,3.55467,0,
-12.9188,-20.9825,3.55483,0,
-12.9188,-20.9925,3.55500,0,
-12.9188,-21.0000,3.55517,0,
-12.9188,-21.0100,3.55533,0,
-12.9188,-21.0175,3.55550,0,
-12.9188,-21.0250,3.55567,0,
-12.9188,-21.0350,3.55583,0,
-12.9188,-21.0425,3.55600,0,
-12.9561,-21.0500,3.55617,0,
-12.9188,-21.0575,3.55633,0,
-12.9188,-21.0650,3.55650,0,
-12.9561,-21.0750,3.55667,0,
-12.9561,-21.0825,3.55683,0,
-12.9561,-21.0900,3.55700,0,
-12.9561,-21.0975,3.55717,0,
-12.9561,-21.1075,3.55733,0,
-12.9561,-21.1150,3.55750,0,
-12.9561,-21.1225,3.55767,0,
-12.9561,-21.1325,3.55783,0,
-12.9933,-21.1400,3.55800,0,
-12.9933,-21.1500,3.55817,0,
-12.9933,-21.1575,3.55833,0,
-12.9933,-21.1650,3.55850,0,
-12.9933,-21.1750,3.55867,0,
-12.9933,-21.1825,3.55883,0,
-12.9933,-21.1900,3.55900,0,
-12.9933,-21.2000,3.55917,0,
-12.9933,-21.2075,3.55933,0,
-12.9933,-21.2150,3.55950,0,
-13.0305,-21.2250,3.55967,0,
-13.0305,-21.2325,3.55983,0,
-13.0305,-21.2400,3.56000,0,
-13.0305,-21.2500,3.56017,0,
-13.0305,-21.2575,3.56033,0,
-13.0305,-21.2650,3.56050,0,
-13.0305,-21.2750,3.56067,0,
-13.0305,-21.2825,3.56083,0,
-13.0305,-21.2900,3.56100,0,
-13.0678,-21.3000,3.56117,0,
-13.0678,-21.3075,3.56133,0,
-13.0678,-21.3175,3.56150,0,
-13.0678,-21.3250,3.56167,0,
-13.0678,-21.3350,3.56183,0,
-13.0678,-21.3425,3.56200,0,
-13.0678,-21.3500,3.56217,0,
-13.0678,-21.3600,3.56233,0,
-13.0678,-21.3675,3.56250,0,
-13.1050,-21.3750,3.56267,0,
-13.1050,-21.3850,3.56283,0,
-13.0678,-21.3925,3.56300,0,
-13.1050,-21.4000,3.56317,0,
-13.1050,-21.4075,3.56333,0,
-13.1050,-21.4175,3.56350,0,
-13.1050,-21.4250,3.56367,0,
-13.1050,-21.4325,3.56383,0,
-13.1050,-21.4400,3.56400,0,
-13.1422,-21.4500,3.56417,0,
-13.1422,-21.4575,3.56433,0,
-13.1422,-21.4675,3.56450,0,
-13.1422,-21.4750,3.56467,0,
-13.1422,-21.4825,3.56483,0,
-13.1422,-21.4925,3.56500,0,
-13.1422,-21.5000,3.56517,0,
-13.1422,-21.5075,3.56533,0,
-13.1422,-21.5175,3.56550,0,
-13.1422,-21.5250,3.56567,0,
-13.1794,-21.5350,3.56583,0,
-13.1794,-21.5425,3.56600,0,
-13.1794,-21.5500,3.56617,0,
-13.1794,-21.5575,3.56633,0,
-13.1794,-21.5675,3.56650,0,
-13.1794,-21.5750,3.56667,0,
-13.1794,-21.5825,3.56683,0,
-13.1794,-21.5900,3.56700,0,
-13.1794,-21.6000,3.56717,0,
-13.1794,-21.6075,3.56733,0,
-13.1794,-21.6150,3.56750,0,
-13.2167,-21.6225,3.56767,0,
-13.2167,-21.6325,3.56783,0,
-13.2167,-21.6400,3.56800,0,
-13.2167,-21.6500,3.56817,0,
-13.2167,-21.6575,3.56833,0,
-13.2167,-21.6675,3.56850,0,
-13.2167,-21.6750,3.56867,0,
-13.2539,-21.6825,3.56883,0,
-13.2539,-21.6925,3.56900,0,
-13.2539,-21.7000,3.56917,0,
-13.2539,-21.7075,3.56933,0,
-13.2539,-21.7150,3.56950,0,
-13.2539,-21.7225,3.56967,0,
-13.2539,-21.7325,3.56983,0,
-13.2539,-21.7400,3.57000,0,
-13.2539,-21.7475,3.57017,0,
-13.2539,-21.7550,3.57033,0,
-13.2539,-21.7650,3.57050,0,
-13.2539,-21.7725,3.57067,0,
-13.2539,-21.7800,3.57083,0,
-13.2911,-21.7900,3.57100,0,
-13.2911,-21.7975,3.57117,0,
-13.2911,-21.8050,3.57133,0,
-13.2911,-21.8150,3.57150,0,
-13.2911,-21.8225,3.57167,0,
-13.2911,-21.8300,3.57183,0,
-13.2911,-21.8400,3.57200,0,
-13.2911,-21.8475,3.57217,0,
-13.2911,-21.8550,3.57233,0,
-13.2911,-21.8650,3.57250,0,
-13.3284,-21.8725,3.57267,0,
-13.3284,-21.8800,3.57283,0,
-13.3284,-21.8900,3.57300,0,
-13.3284,-21.8975,3.57317,0,
-13.3284,-21.9050,3.57333,0,
-13.3284,-21.9150,3.57350,0,
-13.3284,-21.9225,3.57367,0,
-13.3284,-21.9300,3.57383,0,
-13.3656,-21.9375,3.57400,0,
-13.3284,-21.9475,3.57417,0,
-13.3656,-21.9550,3.57433,0,
-13.3656,-21.9650,3.57450,0,
-13.3656,-21.9725,3.57467,0,
-13.3656,-21.9825,3.57483,0,
-13.3656,-21.9900,3.57500,0,
-13.4028,-21.9975,3.57517,0,
-13.4028,-22.0075,3.57533,0,
-13.4028,-22.0150,3.57550,0,
-13.4028,-22.0250,3.57567,0,
-13.4028,-22.0325,3.57583,0,
-13.4028,-22.0400,3.57600,0,
-13.4028,-22.0500,3.57617,0,
-13.4028,-22.0575,3.57633,0,
-13.4028,-22.0650,3.57650,0,
-13.4401,-22.0725,3.57667,0,
-13.4401,-22.0800,3.57683,0,
-13.4401,-22.0900,3.57700,0,
-13.4401,-22.0975,3.57717,0,
-13.4401,-22.1050,3.57733,0,
-13.4401,-22.1150,3.57750,0,
-13.4773,-22.1225,3.57767,0,
-13.4773,-22.1300,3.57783,0,
-13.4773,-22.1400,3.57800,0,
-13.4773,-22.1475,3.57817,0,
-13.4773,-22.1575,3.57833,0,
-13.4773,-22.1650,3.57850,0,
-13.5145,-22.1725,3.57867,0,
-13.5145,-22.1825,3.57883,0,
-13.5145,-22.1900,3.57900,0,
-13.5145,-22.2000,3.57917,0,
-13.5145,-22.2075,3.57933,0,
-13.5145,-22.2150,3.57950,0,
-13.5518,-22.2225,3.57967,0,
-13.5145,-22.2325,3.57983,0,
-13.5518,-22.2400,3.58000,0,
-13.5518,-22.2475,3.58017,0,
-13.5518,-22.2550,3.58033,0,
-13.5518,-22.2650,3.58050,0,
-13.5518,-22.2725,3.58067,0,
-13.5518,-22.2800,3.58083,0,
-13.5518,-22.2900,3.58100,0,
-13.5890,-22.2975,3.58117,0,
-13.5890,-22.3075,3.58133,0,
-13.5890,-22.3150,3.58150,0,
-13.5890,-22.3225,3.58167,0,
-13.5890,-22.3325,3.58183,0,
-13.5890,-22.3400,3.58200,0,
-13.6262,-22.3500,3.58217,0,
-13.6262,-22.3575,3.58233,0,
-13.6262,-22.3675,3.58250,0,
-13.6262,-22.3750,3.58267,0,
-13.6262,-22.3825,3.58283,0,
-13.6262,-22.3900,3.58300,0,
-13.6262,-22.3975,3.58317,0,
-13.6634,-22.4075,3.58333,0,
-13.6634,-22.4150,3.58350,0,
-13.6634,-22.4225,3.58367,0,
-13.6634,-22.4325,3.58383,0,
-13.6634,-22.4400,3.58400,0,
-13.6634,-22.4475,3.58417,0,
-13.6634,-22.4575,3.58433,0,
-13.6634,-22.4650,3.58450,0,
-13.7007,-22.4750,3.58467,0,
-13.7007,-22.4825,3.58483,0,
-13.7007,-22.4900,3.58500,0,
-13.7007,-22.5000,3.58517,0,
-13.7007,-22.5075,3.58533,0,
-13.7007,-22.5150,3.58550,0,
-13.7007,-22.5250,3.58567,0,
-13.7007,-22.5325,3.58583,0,
-13.7007,-22.5400,3.58600,0,
-13.7007,-22.5500,3.58617,0,
-13.7007,-22.5575,3.58633,0,
-13.7007,-22.5650,3.58650,0,
-13.7379,-22.5725,3.58667,0,
-13.7379,-22.5825,3.58683,0,
-13.7379,-22.5900,3.58700,0,
-13.7379,-22.5975,3.58717,0,
-13.7379,-22.6075,3.58733,0,
-13.7379,-22.6150,3.58750,0,
-13.7379,-22.6225,3.58767,0,
-13.7379,-22.6325,3.58783,0,
-13.7379,-22.6400,3.58800,0,
-13.7379,-22.6500,3.58817,0,
-13.7751,-22.6575,3.58833,0,
-13.7751,-22.6650,3.58850,0,
-13.7751,-22.6750,3.58867,0,
-13.7751,-22.6825,3.58883,0,
-13.8124,-22.6925,3.58900,0,
-13.8124,-22.7000,3.58917,0,
-13.8124,-22.7075,3.58933,0,
-13.8124,-22.7150,3.58950,0,
-13.8496,-22.7250,3.58967,0,
-13.8496,-22.7325,3.58983,0,
-13.8496,-22.7400,3.59000,0,
-13.8496,-22.7475,3.59017,0,
-13.8868,-22.7575,3.59033,0,
-13.8868,-22.7650,3.59050,0,
-13.8868,-22.7725,3.59067,0,
-13.8868,-22.7825,3.59083,0,
-13.9240,-22.7900,3.59100,0,
-13.9240,-22.7975,3.59117,0,
-13.9240,-22.8075,3.59133,0,
-13.9240,-22.8150,3.59150,0,
-13.9240,-22.8225,3.59167,0,
-13.9613,-22.8325,3.59183,0,
-13.9613,-22.8400,3.59200,0,
-13.9613,-22.8500,3.59217,0,
-13.9985,-22.8575,3.59233,0,
-13.9985,-22.8675,3.59250,0,
-13.9985,-22.8750,3.59267,0,
-13.9985,-22.8825,3.59283,0,
-13.9985,-22.8925,3.59300,0,
-14.0357,-22.9000,3.59317,0,
-14.0357,-22.9075,3.59333,0,
-14.0357,-22.9150,3.59350,0,
-14.0730,-22.9250,3.59367,0,
-14.0357,-22.9325,3.59383,0,
-14.0730,-22.9400,3.59400,0,
-14.0730,-22.9500,3.59417,0,
-14.1102,-22.9575,3.59433,0,
-14.1102,-22.9650,3.59450,0,
-14.1102,-22.9750,3.59467,0,
-14.1102,-22.9825,3.59483,0,
-14.1474,-22.9925,3.59500,0,
-14.1474,-23.0000,3.59517,0,
-14.1474,-23.0100,3.59533,0,
-14.1847,-23.0175,3.59550,0,
-14.1847,-23.0250,3.59567,0,
-14.1847,-23.0350,3.59583,0,
-14.1847,-23.0425,3.59600,0,
-14.2219,-23.0500,3.59617,0,
-14.2219,-23.0600,3.59633,0,
-14.2219,-23.0675,3.59650,0,
-14.2219,-23.0750,3.59667,0,
-14.2591,-23.0825,3.59683,0,
-14.2591,-23.0925,3.59700,0,
-14.2591,-23.1000,3.59717,0,
-14.2964,-23.1100,3.59733,0,
-14.2964,-23.1175,3.59750,0,
-14.2964,-23.1250,3.59767,0,
-14.2964,-23.1350,3.59783,0,
-14.2964,-23.1425,3.59800,0,
-14.3336,-23.1525,3.59817,0,
-14.3336,-23.1600,3.59833,0,
-14.3336,-23.1700,3.59850,0,
-14.3336,-23.1775,3.59867,0,
-14.3708,-23.1875,3.59883,0,
-14.3708,-23.1950,3.59900,0,
-14.4080,-23.2025,3.59917,0,
-14.4080,-23.2125,3.59933,0,
-14.4080,-23.2200,3.59950,0,
-14.4080,-23.2275,3.59967,0,
-14.4080,-23.2350,3.59983,0,
-14.4453,-23.2450,3.60000,0,
-14.4453,-23.2525,3.60017,0,
-14.4453,-23.2600,3.60033,0,
-14.4453,-23.2675,3.60050,0,
-14.4825,-23.2775,3.60067,0,
-14.4825,-23.2850,3.60083,0,
-14.4825,-23.2925,3.60100,0,
-14.4825,-23.3025,3.60117,0,
-14.4825,-23.3100,3.60133,0,
-14.5197,-23.3200,3.60150,0,
-14.5197,-23.3275,3.60167,0,
-14.5197,-23.3375,3.60183,0,
-14.5197,-23.3450,3.60200,0,
-14.5197,-23.3525,3.60217,0,
-14.5570,-23.3625,3.60233,0,
-14.5570,-23.3700,3.60250,0,
-14.5570,-23.3775,3.60267,0,
-14.5570,-23.3875,3.60283,0,
-14.5570,-23.3950,3.60300,0,
-14.5942,-23.4025,3.60317,0,
-14.5942,-23.4100,3.60333,0,
-14.5942,-23.4175,3.60350,0,
-14.6314,-23.4275,3.60367,0,
-14.6314,-23.4350,3.60383,0,
-14.6314,-23.4450,3.60400,0,
-14.6314,-23.4525,3.60417,0,
-14.6687,-23.4600,3.60433,0,
-14.6687,-23.4700,3.60450,0,
-14.7059,-23.4775,3.60467,0,
-14.7059,-23.4875,3.60483,0,
-14.7059,-23.4950,3.60500,0,
-14.7059,-23.5025,3.60517,0,
-14.7431,-23.5125,3.60533,0,
-14.7431,-23.5200,3.60550,0,
-14.7431,-23.5300,3.60567,0,
-14.7431,-23.5375,3.60583,0,
-14.7803,-23.5475,3.60600,0,
-14.7803,-23.5550,3.60617,0,
-14.7803,-23.5625,3.60633,0,
-14.7803,-23.5700,3.60650,0,
-14.8176,-23.5800,3.60667,0,
-14.8176,-23.5875,3.60683,0,
-14.8176,-23.5950,3.60700,0,
-14.8176,-23.6050,3.60717,0,
-14.8548,-23.6125,3.60733,0,
-14.8548,-23.6200,3.60750,0,
-14.8548,-23.6300,3.60767,0,
-14.8920,-23.6375,3.60783,0,
-14.8920,-23.6475,3.60800,0,
-14.8920,-23.6550,3.60817,0,
-14.8920,-23.6650,3.60833,0,
-14.9293,-23.6725,3.60850,0,
-14.9293,-23.6825,3.60867,0,
-14.9293,-23.6900,3.60883,0,
-14.9665,-23.6975,3.60900,0,
-14.9665,-23.7075,3.60917,0,
-14.9665,-23.7150,3.60933,0,
-14.9665,-23.7225,3.60950,0,
-14.9665,-23.7325,3.60967,0,
-15.0037,-23.7400,3.60983,0,
-15.0037,-23.7475,3.61000,0,
-15.0037,-23.7550,3.61017,0,
-15.0037,-23.7650,3.61033,0,
-15.0410,-23.7725,3.61050,0,
-15.0410,-23.7825,3.61067,0,
-15.0410,-23.7900,3.61083,0,
-15.0410,-23.7975,3.61100,0,
-15.0782,-23.8075,3.61117,0,
-15.0782,-23.8150,3.61133,0,
-15.0782,-23.8225,3.61150,0,
-15.1154,-23.8325,3.61167,0,
-15.1154,-23.8400,3.61183,0,
-15.1154,-23.8475,3.61200,0,
-15.1154,-23.8575,3.61217,0,
-15.1526,-23.8650,3.61233,0,
-15.1526,-23.8750,3.61250,0,
-15.1526,-23.8825,3.61267,0,
-15.1526,-23.8900,3.61283,0,
-15.1526,-23.8975,3.61300,0,
-15.1526,-23.9050,3.61317,0,
-15.1899,-23.9150,3.61333,0,
-15.1899,-23.9225,3.61350,0,
-15.1899,-23.9300,3.61367,0,
-15.1899,-23.9375,3.61383,0,
-15.2271,-23.9450,3.61400,0,
-15.2271,-23.9550,3.61417,0,
-15.2271,-23.9625,3.61433,0,
-15.2271,-23.9700,3.61450,0,
-15.2643,-23.9800,3.61467,0,
-15.2643,-23.9875,3.61483,0,
-15.2643,-23.9975,3.61500,0,
-15.2643,-24.0050,3.61517,0,
-15.3016,-24.0125,3.61533,0,
-15.3016,-24.0225,3.61550,0,
-15.3016,-24.0300,3.61567,0,
-15.3016,-24.0375,3.61583,0,
-15.3016,-24.0450,3.61600,0,
-15.3388,-24.0525,3.61617,0,
-15.3016,-24.0625,3.61633,0,
-15.3388,-24.0700,3.61650,0,
-15.3388,-24.0775,3.61667,0,
-15.3388,-24.0850,3.61683,0,
-15.3388,-24.0950,3.61700,0,
-15.3760,-24.1025,3.61717,0,
-15.3760,-24.1100,3.61733,0,
-15.3760,-24.1175,3.61750,0,
-15.3760,-24.1275,3.61767,0,
-15.4133,-24.1350,3.61783,0,
-15.4133,-24.1425,3.61800,0,
-15.4133,-24.1500,3.61817,0,
-15.4133,-24.1600,3.61833,0,
-15.4133,-24.1675,3.61850,0,
-15.4133,-24.1750,3.61867,0,
-15.4505,-24.1825,3.61883,0,
-15.4505,-24.1925,3.61900,0,
-15.4505,-24.2000,3.61917,0,
-15.4505,-24.2075,3.61933,0,
-15.4877,-24.2175,3.61950,0,
-15.4877,-24.2250,3.61967,0,
-15.4877,-24.2325,3.61983,0,
-15.5249,-24.2400,3.62000,0,
-15.4877,-24.2475,3.62017,0,
-15.5249,-24.2575,3.62033,0,
-15.5249,-24.2650,3.62050,0,
-15.5249,-24.2725,3.62067,0,
-15.5249,-24.2825,3.62083,0,
-15.5622,-24.2900,3.62100,0,
-15.5622,-24.2975,3.62117,0,
-15.5622,-24.3075,3.62133,0,
-15.5622,-24.3150,3.62150,0,
-15.5994,-24.3250,3.62167,0,
-15.5994,-24.3325,3.62183,0,
-15.6366,-24.3400,3.62200,0,
-15.6366,-24.3500,3.62217,0,
-15.6366,-24.3575,3.62233,0,
-15.6739,-24.3650,3.62250,0,
-15.6739,-24.3750,3.62267,0,
-15.6739,-24.3825,3.62283,0,
-15.6739,-24.3900,3.62300,0,
-15.6739,-24.3975,3.62317,0,
-15.6739,-24.4050,3.62333,0,
-15.7111,-24.4150,3.62350,0,
-15.7111,-24.4225,3.62367,0,
-15.7483,-24.4300,3.62383,0,
-15.7483,-24.4400,3.62400,0,
-15.7856,-24.4475,3.62417,0,
-15.7856,-24.4550,3.62433,0,
-15.7856,-24.4650,3.62450,0,
-15.8228,-24.4725,3.62467,0,
-15.8228,-24.4825,3.62483,0,
-15.8228,-24.4900,3.62500,0,
-15.8600,-24.4975,3.62517,0,
-15.8600,-24.5075,3.62533,0,
-15.8600,-24.5150,3.62550,0,
-15.8972,-24.5250,3.62567,0,
-15.8972,-24.5325,3.62583,0,
-15.9345,-24.5400,3.62600,0,
-15.9345,-24.5500,3.62617,0,
-15.9345,-24.5575,3.62633,0,
-15.9717,-24.5650,3.62650,0,
-15.9717,-24.5725,3.62667,0,
-15.9717,-24.5825,3.62683,0,
-16.0089,-24.5900,3.62700,0,
-16.0089,-24.5975,3.62717,0,
-16.0089,-24.6050,3.62733,0,
-16.0089,-24.6150,3.62750,0,
-16.0462,-24.6225,3.62767,0,
-16.0462,-24.6300,3.62783,0,
-16.0834,-24.6400,3.62800,0,
-16.0834,-24.6475,3.62817,0,
-16.1206,-24.6550,3.62833,0,
-16.1206,-24.6650,3.62850,0,
-16.1206,-24.6725,3.62867,0,
-16.1579,-24.6825,3.62883,0,
-16.1579,-24.6900,3.62900,0,
-16.1951,-24.6975,3.62917,0,
-16.1951,-24.7075,3.62933,0,
-16.2323,-24.7150,3.62950,0,
-16.2323,-24.7225,3.62967,0,
-16.2323,-24.7300,3.62983,0,
-16.2695,-24.7375,3.63000,0,
-16.2695,-24.7475,3.63017,0,
-16.2695,-24.7550,3.63033,0,
-16.3068,-24.7650,3.63050,0,
-16.3068,-24.7725,3.63067,0,
-16.3440,-24.7825,3.63083,0,
-16.3440,-24.7900,3.63100,0,
-16.3440,-24.7975,3.63117,0,
-16.3812,-24.8075,3.63133,0,
-16.3812,-24.8150,3.63150,0,
-16.4185,-24.8225,3.63167,0,
-16.4557,-24.8325,3.63183,0,
-16.4557,-24.8400,3.63200,0,
-16.4557,-24.8475,3.63217,0,
-16.4929,-24.8575,3.63233,0,
-16.4929,-24.8650,3.63250,0,
-16.5302,-24.8725,3.63267,0,
-16.5302,-24.8825,3.63283,0,
-16.5302,-24.8900,3.63300,0,
-16.5674,-24.8975,3.63317,0,
-16.5674,-24.9050,3.63333,0,
-16.6046,-24.9150,3.63350,0,
-16.6046,-24.9225,3.63367,0,
-16.6046,-24.9300,3.63383,0,
-16.6418,-24.9400,3.63400,0,
-16.6418,-24.9475,3.63417,0,
-16.6791,-24.9550,3.63433,0,
-16.6791,-24.9650,3.63450,0,
-16.7163,-24.9725,3.63467,0,
-16.7163,-24.9825,3.63483,0,
-16.7535,-24.9900,3.63500,0,
-16.7535,-25.0000,3.63517,0,
-16.7535,-25.0075,3.63533,0,
-16.7908,-25.0150,3.63550,0,
-16.7908,-25.0250,3.63567,0,
-16.8280,-25.0325,3.63583,0,
-16.8280,-25.0400,3.63600,0,
-16.8280,-25.0500,3.63617,0,
-16.8652,-25.0575,3.63633,0,
-16.8652,-25.0650,3.63650,0,
-16.9025,-25.0725,3.63667,0,
-16.9025,-25.0825,3.63683,0,
-16.9397,-25.0900,3.63700,0,
-16.9397,-25.0975,3.63717,0,
-16.9397,-25.1075,3.63733,0,
-16.9397,-25.1150,3.63750,0,
-16.9769,-25.1225,3.63767,0,
-16.9769,-25.1325,3.63783,0,
-17.0141,-25.1400,3.63800,0,
-17.0141,-25.1500,3.63817,0,
-17.0141,-25.1575,3.63833,0,
-17.0514,-25.1650,3.63850,0,
-17.0514,-25.1750,3.63867,0,
-17.0886,-25.1825,3.63883,0,
-17.0886,-25.1900,3.63900,0,
-17.1258,-25.2000,3.63917,0,
-17.1258,-25.2075,3.63933,0,
-17.1631,-25.2150,3.63950,0,
-17.1631,-25.2250,3.63967,0,
-17.2003,-25.2325,3.63983,0,
-17.2003,-25.2400,3.64000,0,
-17.2003,-25.2475,3.64017,0,
-17.2375,-25.2575,3.64033,0,
-17.2375,-25.2650,3.64050,0,
-17.2748,-25.2725,3.64067,0,
-17.2748,-25.2825,3.64083,0,
-17.3120,-25.2900,3.64100,0,
-17.3120,-25.2975,3.64117,0,
-17.3492,-25.3075,3.64133,0,
-17.3492,-25.3150,3.64150,0,
-17.3864,-25.3225,3.64167,0,
-17.3864,-25.3325,3.64183,0,
-17.4237,-25.3400,3.64200,0,
-17.4237,-25.3500,3.64217,0,
-17.4609,-25.3575,3.64233,0,
-17.4609,-25.3650,3.64250,0,
-17.4981,-25.3750,3.64267,0,
-17.4981,-25.3825,3.64283,0,
-17.5354,-25.3900,3.64300,0,
-17.5726,-25.3975,3.64317,0,
-17.5726,-25.4075,3.64333,0,
-17.6098,-25.4150,3.64350,0,
-17.6471,-25.4225,3.64367,0,
-17.6471,-25.4325,3.64383,0,
-17.6843,-25.4400,3.64400,0,
-17.7215,-25.4475,3.64417,0,
-17.7215,-25.4550,3.64433,0,
-17.7587,-25.4650,3.64450,0,
-17.7960,-25.4725,3.64467,0,
-17.7960,-25.4800,3.64483,0,
-17.8332,-25.4875,3.64500,0,
-17.8704,-25.4975,3.64517,0,
-17.8704,-25.5050,3.64533,0,
-17.9077,-25.5125,3.64550,0,
-17.9449,-25.5225,3.64567,0,
-17.9449,-25.5300,3.64583,0,
-17.9821,-25.5375,3.64600,0,
-17.9821,-25.5450,3.64617,0,
-18.0194,-25.5550,3.64633,0,
-18.0566,-25.5625,3.64650,0,
-18.0566,-25.5700,3.64667,0,
-18.0938,-25.5775,3.64683,0,
-18.1311,-25.5875,3.64700,0,
-18.1683,-25.5950,3.64717,0,
-18.1683,-25.6025,3.64733,0,
-18.2055,-25.6125,3.64750,0,
-18.2055,-25.6200,3.64767,0,
-18.2427,-25.6275,3.64783,0,
-18.2800,-25.6375,3.64800,0,
-18.3172,-25.6450,3.64817,0,
-18.3544,-25.6525,3.64833,0,
-18.3544,-25.6625,3.64850,0,
-18.3917,-25.6700,3.64867,0,
-18.4289,-25.6800,3.64883,0,
-18.4289,-25.6875,3.64900,0,
-18.4661,-25.6950,3.64917,0,
-18.5033,-25.7050,3.64933,0,
-18.5406,-25.7125,3.64950,0,
-18.5778,-25.7200,3.64967,0,
-18.5778,-25.7275,3.64983,0,
-18.6150,-25.7375,3.65000,0,
-18.6150,-25.7450,3.65017,0,
-18.6523,-25.7525,3.65033,0,
-18.6895,-25.7625,3.65050,0,
-18.7267,-25.7700,3.65067,0,
-18.7267,-25.7800,3.65083,0,
-18.7640,-25.7875,3.65100,0,
-18.7640,-25.7950,3.65117,0,
-18.8012,-25.8050,3.65133,0,
-18.8384,-25.8125,3.65150,0,
-18.8757,-25.8200,3.65167,0,
-18.8757,-25.8300,3.65183,0,
-18.9129,-25.8375,3.65200,0,
-18.9501,-25.8450,3.65217,0,
-18.9873,-25.8525,3.65233,0,
-18.9873,-25.8625,3.65250,0,
-19.0246,-25.8700,3.65267,0,
-19.0246,-25.8775,3.65283,0,
-19.0618,-25.8850,3.65300,0,
-19.0990,-25.8950,3.65317,0,
-19.1363,-25.9025,3.65333,0,
-19.1363,-25.9100,3.65350,0,
-19.1363,-25.9200,3.65367,0,
-19.1735,-25.9275,3.65383,0,
-19.2107,-25.9350,3.65400,0,
-19.2107,-25.9450,3.65417,0,
-19.2480,-25.9525,3.65433,0,
-19.2480,-25.9600,3.65450,0,
-19.2852,-25.9675,3.65467,0,
-19.3224,-25.9775,3.65483,0,
-19.3224,-25.9850,3.65500,0,
-19.3596,-25.9925,3.65517,0,
-19.3969,-26.0025,3.65533,0,
-19.3969,-26.0100,3.65550,0,
-19.4341,-26.0175,3.65567,0,
-19.4713,-26.0275,3.65583,0,
-19.5086,-26.0350,3.65600,0,
-19.5086,-26.0425,3.65617,0,
-19.5458,-26.0500,3.65633,0,
-19.5830,-26.0600,3.65650,0,
-19.5830,-26.0675,3.65667,0,
-19.6203,-26.0750,3.65683,0,
-19.6203,-26.0850,3.65700,0,
-19.6575,-26.0925,3.65717,0,
-19.6947,-26.1000,3.65733,0,
-19.7319,-26.1100,3.65750,0,
-19.7319,-26.1175,3.65767,0,
-19.7692,-26.1250,3.65783,0,
-19.7692,-26.1350,3.65800,0,
-19.8064,-26.1425,3.65817,0,
-19.8436,-26.1525,3.65833,0,
-19.8436,-26.1600,3.65850,0,
-19.8809,-26.1675,3.65867,0,
-19.9181,-26.1775,3.65883,0,
-19.9553,-26.1850,3.65900,0,
-19.9553,-26.1925,3.65917,0,
-19.9926,-26.2025,3.65933,0,
-20.0298,-26.2100,3.65950,0,
-20.0298,-26.2175,3.65967,0,
-20.0670,-26.2275,3.65983,0,
-20.1042,-26.2350,3.66000,0,
-20.1042,-26.2425,3.66017,0,
-20.1415,-26.2525,3.66033,0,
-20.1787,-26.2600,3.66050,0,
-20.1787,-26.2675,3.66067,0,
-20.2159,-26.2775,3.66083,0,
-20.2159,-26.2850,3.66100,0,
-20.2532,-26.2950,3.66117,0,
-20.2532,-26.3025,3.66133,0,
-20.2904,-26.3125,3.66150,0,
-20.3276,-26.3200,3.66167,0,
-20.3276,-26.3275,3.66183,0,
-20.3649,-26.3375,3.66200,0,
-20.4021,-26.3450,3.66217,0,
-20.4021,-26.3550,3.66233,0,
-20.4393,-26.3625,3.66250,0,
-20.4765,-26.3700,3.66267,0,
-20.4765,-26.3800,3.66283,0,
-20.5138,-26.3875,3.66300,0,
-20.5138,-26.3950,3.66317,0,
-20.5510,-26.4025,3.66333,0,
-20.5510,-26.4125,3.66350,0,
-20.5882,-26.4200,3.66367,0,
-20.6255,-26.4275,3.66383,0,
-20.6255,-26.4375,3.66400,0,
-20.6627,-26.4450,3.66417,0,
-20.6999,-26.4525,3.66433,0,
-20.6999,-26.4625,3.66450,0,
-20.7372,-26.4700,3.66467,0,
-20.7372,-26.4775,3.66483,0,
-20.7744,-26.4875,3.66500,0,
-20.8116,-26.4950,3.66517,0,
-20.8116,-26.5025,3.66533,0,
-20.8488,-26.5100,3.66550,0,
-20.8861,-26.5200,3.66567,0,
-20.8861,-26.5275,3.66583,0,
-20.9233,-26.5375,3.66600,0,
-20.9605,-26.5450,3.66617,0,
-20.9605,-26.5525,3.66633,0,
-20.9978,-26.5600,3.66650,0,
-20.9978,-26.5700,3.66667,0,
-20.9978,-26.5775,3.66683,0,
-21.0350,-26.5850,3.66700,0,
-21.0722,-26.5925,3.66717,0,
-21.0722,-26.6025,3.66733,0,
-21.1095,-26.6100,3.66750,0,
-21.1467,-26.6200,3.66767,0,
-21.1467,-26.6275,3.66783,0,
-21.1839,-26.6350,3.66800,0,
-21.1839,-26.6425,3.66817,0,
-21.2211,-26.6525,3.66833,0,
-21.2211,-26.6600,3.66850,0,
-21.2584,-26.6700,3.66867,0,
-21.2956,-26.6775,3.66883,0,
-21.2956,-26.6850,3.66900,0,
-21.3328,-26.6925,3.66917,0,
-21.3701,-26.7025,3.66933,0,
-21.3701,-26.7100,3.66950,0,
-21.4073,-26.7175,3.66967,0,
-21.4073,-26.7275,3.66983,0,
-21.4445,-26.7350,3.67000,0,
-21.4818,-26.7425,3.67017,0,
-21.4818,-26.7500,3.67033,0,
-21.4818,-26.7600,3.67050,0,
-21.5190,-26.7675,3.67067,0,
-21.5562,-26.7750,3.67083,0,
-21.5562,-26.7850,3.67100,0,
-21.5934,-26.7925,3.67117,0,
-21.6307,-26.8000,3.67133,0,
-21.6307,-26.8100,3.67150,0,
-21.6679,-26.8175,3.67167,0,
-21.6679,-26.8250,3.67183,0,
-21.7051,-26.8350,3.67200,0,
-21.7051,-26.8425,3.67217,0,
-21.7424,-26.8500,3.67233,0,
-21.7424,-26.8600,3.67250,0,
-21.7796,-26.8675,3.67267,0,
-21.8168,-26.8750,3.67283,0,
-21.8168,-26.8850,3.67300,0,
-21.8541,-26.8925,3.67317,0,
-21.8541,-26.9000,3.67333,0,
-21.8913,-26.9075,3.67350,0,
-21.8913,-26.9175,3.67367,0,
-21.9285,-26.9250,3.67383,0,
-21.9285,-26.9325,3.67400,0,
-21.9657,-26.9425,3.67417,0,
-21.9657,-26.9500,3.67433,0,
-22.0030,-26.9575,3.67450,0,
-22.0402,-26.9675,3.67467,0,
-22.0402,-26.9750,3.67483,0,
-22.0774,-26.9850,3.67500,0,
-22.0774,-26.9925,3.67517,0,
-22.1147,-27.0000,3.67533,0,
-22.1147,-27.0100,3.67550,0,
-22.1519,-27.0175,3.67567,0,
-22.1519,-27.0250,3.67583,0,
-22.1891,-27.0350,3.67600,0,
-22.1891,-27.0425,3.67617,0,
-22.1891,-27.0500,3.67633,0,
-22.2264,-27.0575,3.67650,0,
-22.2264,-27.0650,3.67667,0,
-22.2636,-27.0750,3.67683,0,
-22.2636,-27.0825,3.67700,0,
-22.3008,-27.0900,3.67717,0,
-22.3008,-27.1000,3.67733,0,
-22.3380,-27.1075,3.67750,0,
-22.3380,-27.1150,3.67767,0,
-22.3753,-27.1250,3.67783,0,
-22.4125,-27.1325,3.67800,0,
-22.4125,-27.1400,3.67817,0,
-22.4497,-27.1500,3.67833,0,
-22.4870,-27.1575,3.67850,0,
-22.4870,-27.1650,3.67867,0,
-22.5242,-27.1750,3.67883,0,
-22.5614,-27.1825,3.67900,0,
-22.5614,-27.1925,3.67917,0,
-22.5614,-27.2000,3.67933,0,
-22.5987,-27.2075,3.67950,0,
-22.6359,-27.2175,3.67967,0,
-22.6359,-27.2250,3.67983,0,
-22.6731,-27.2325,3.68000,0,
-22.6731,-27.2425,3.68017,0,
-22.7104,-27.2500,3.68033,0,
-22.7104,-27.2600,3.68050,0,
-22.7476,-27.2675,3.68067,0,
-22.7848,-27.2750,3.68083,0,
-22.7848,-27.2850,3.68100,0,
-22.8220,-27.2925,3.68117,0,
-22.8220,-27.3025,3.68133,0,
-22.8593,-27.3100,3.68150,0,
-22.8593,-27.3175,3.68167,0,
-22.8965,-27.3275,3.68183,0,
-22.8965,-27.3350,3.68200,0,
-22.9337,-27.3450,3.68217,0,
-22.9710,-27.3525,3.68233,0,
-22.9710,-27.3600,3.68250,0,
-23.0082,-27.3700,3.68267,0,
-23.0454,-27.3775,3.68283,0,
-23.0454,-27.3850,3.68300,0,
-23.0826,-27.3950,3.68317,0,
-23.0826,-27.4025,3.68333,0,
-23.1199,-27.4100,3.68350,0,
-23.1199,-27.4175,3.68367,0,
-23.1571,-27.4275,3.68383,0,
-23.1571,-27.4350,3.68400,0,
-23.1943,-27.4425,3.68417,0,
-23.2316,-27.4525,3.68433,0,
-23.2688,-27.4600,3.68450,0,
-23.2688,-27.4700,3.68467,0,
-23.3060,-27.4775,3.68483,0,
-23.3060,-27.4850,3.68500,0,
-23.3060,-27.4950,3.68517,0,
-23.3433,-27.5025,3.68533,0,
-23.3805,-27.5100,3.68550,0,
-23.3805,-27.5200,3.68567,0,
-23.4177,-27.5275,3.68583,0,
-23.4177,-27.5375,3.68600,0,
-23.4550,-27.5450,3.68617,0,
-23.4550,-27.5525,3.68633,0,
-23.4550,-27.5625,3.68650,0,
-23.4922,-27.5700,3.68667,0,
-23.4922,-27.5775,3.68683,0,
-23.5294,-27.5850,3.68700,0,
-23.5666,-27.5950,3.68717,0,
-23.5666,-27.6025,3.68733,0,
-23.6039,-27.6100,3.68750,0,
-23.6039,-27.6200,3.68767,0,
-23.6411,-27.6275,3.68783,0,
-23.6411,-27.6350,3.68800,0,
-23.6783,-27.6450,3.68817,0,
-23.6783,-27.6525,3.68833,0,
-23.7156,-27.6625,3.68850,0,
-23.7156,-27.6700,3.68867,0,
-23.7528,-27.6800,3.68883,0,
-23.7528,-27.6875,3.68900,0,
-23.7528,-27.6950,3.68917,0,
-23.7900,-27.7050,3.68933,0,
-23.7900,-27.7125,3.68950,0,
-23.7900,-27.7200,3.68967,0,
-23.8273,-27.7275,3.68983,0,
-23.8273,-27.7350,3.69000,0,
-23.8645,-27.7450,3.69017,0,
-23.8645,-27.7525,3.69033,0,
-23.9017,-27.7600,3.69050,0,
-23.9017,-27.7700,3.69067,0,
-23.9389,-27.7775,3.69083,0,
-23.9389,-27.7875,3.69100,0,
-23.9762,-27.7950,3.69117,0,
-23.9762,-27.8025,3.69133,0,
-23.9762,-27.8125,3.69150,0,
-24.0134,-27.8200,3.69167,0,
-24.0506,-27.8275,3.69183,0,
-24.0506,-27.8375,3.69200,0,
-24.0506,-27.8450,3.69217,0,
-24.0879,-27.8525,3.69233,0,
-24.0879,-27.8625,3.69250,0,
-24.1251,-27.8700,3.69267,0,
-24.1251,-27.8775,3.69283,0,
-24.1623,-27.8875,3.69300,0,
-24.1623,-27.8950,3.69317,0,
-24.1996,-27.9025,3.69333,0,
-24.1996,-27.9100,3.69350,0,
-24.2368,-27.9200,3.69367,0,
-24.2740,-27.9275,3.69383,0,
-24.2740,-27.9350,3.69400,0,
-24.3112,-27.9450,3.69417,0,
-24.3112,-27.9525,3.69433,0,
-24.3485,-27.9625,3.69450,0,
-24.3485,-27.9700,3.69467,0,
-24.3857,-27.9775,3.69483,0,
-24.3857,-27.9875,3.69500,0,
-24.4229,-27.9950,3.69517,0,
-24.4229,-28.0050,3.69533,0,
-24.4602,-28.0125,3.69550,0,
-24.4602,-28.0225,3.69567,0,
-24.4974,-28.0300,3.69583,0,
-24.4974,-28.0375,3.69600,0,
-24.5346,-28.0475,3.69617,0,
-24.5346,-28.0550,3.69633,0,
-24.5719,-28.0625,3.69650,0,
-24.5719,-28.0700,3.69667,0,
-24.6091,-28.0800,3.69683,0,
-24.6091,-28.0875,3.69700,0,
-24.6091,-28.0975,3.69717,0,
-24.6463,-28.1050,3.69733,0,
-24.6835,-28.1125,3.69750,0,
-24.6835,-28.1225,3.69767,0,
-24.6835,-28.1300,3.69783,0,
-24.7208,-28.1400,3.69800,0,
-24.7580,-28.1475,3.69817,0,
-24.7580,-28.1550,3.69833,0,
-24.7952,-28.1650,3.69850,0,
-24.8325,-28.1725,3.69867,0,
-24.8325,-28.1825,3.69883,0,
-24.8325,-28.1900,3.69900,0,
-24.8697,-28.1975,3.69917,0,
-24.9069,-28.2075,3.69933,0,
-24.9069,-28.2150,3.69950,0,
-24.9069,-28.2225,3.69967,0,
-24.9442,-28.2325,3.69983,0,
-24.9442,-28.2400,3.70000,0,
-24.9814,-28.2475,3.70017,0,
-24.9814,-28.2550,3.70033,0,
-25.0186,-28.2650,3.70050,0,
-25.0186,-28.2725,3.70067,0,
-25.0558,-28.2800,3.70083,0,
-25.0558,-28.2900,3.70100,0,
-25.0931,-28.2975,3.70117,0,
-25.0931,-28.3075,3.70133,0,
-25.1303,-28.3150,3.70150,0,
-25.1303,-28.3250,3.70167,0,
-25.1675,-28.3325,3.70183,0,
-25.2048,-28.3425,3.70200,0,
-25.2048,-28.3500,3.70217,0,
-25.2048,-28.3575,3.70233,0,
-25.2420,-28.3675,3.70250,0,
-25.2420,-28.3750,3.70267,0,
-25.2792,-28.3825,3.70283,0,
-25.2792,-28.3925,3.70300,0,
-25.2792,-28.4000,3.70317,0,
-25.3165,-28.4075,3.70333,0,
-25.3165,-28.4150,3.70350,0,
-25.3165,-28.4250,3.70367,0,
-25.3537,-28.4325,3.70383,0,
-25.3909,-28.4425,3.70400,0,
-25.3909,-28.4500,3.70417,0,
-25.3909,-28.4575,3.70433,0,
-25.4281,-28.4675,3.70450,0,
-25.4281,-28.4750,3.70467,0,
-25.4654,-28.4850,3.70483,0,
-25.4654,-28.4925,3.70500,0,
-25.5026,-28.5000,3.70517,0,
-25.5026,-28.5100,3.70533,0,
-25.5398,-28.5175,3.70550,0,
-25.5398,-28.5275,3.70567,0,
-25.5771,-28.5350,3.70583,0,
-25.5771,-28.5425,3.70600,0,
-25.5771,-28.5525,3.70617,0,
-25.6143,-28.5600,3.70633,0,
-25.6143,-28.5675,3.70650,0,
-25.6143,-28.5775,3.70667,0,
-25.6515,-28.5850,3.70683,0,
-25.6515,-28.5925,3.70700,0,
-25.6515,-28.6000,3.70717,0,
-25.6888,-28.6100,3.70733,0,
-25.6888,-28.6175,3.70750,0,
-25.7260,-28.6250,3.70767,0,
-25.7260,-28.6350,3.70783,0,
-25.7260,-28.6425,3.70800,0,
-25.7632,-28.6525,3.70817,0,
-25.7632,-28.6600,3.70833,0,
-25.8004,-28.6700,3.70850,0,
-25.8004,-28.6775,3.70867,0,
-25.8004,-28.6850,3.70883,0,
-25.8377,-28.6950,3.70900,0,
-25.8377,-28.7025,3.70917,0,
-25.8749,-28.7100,3.70933,0,
-25.8749,-28.7200,3.70950,0,
-25.8749,-28.7275,3.70967,0,
-25.9121,-28.7350,3.70983,0,
-25.9121,-28.7425,3.71000,0,
-25.9494,-28.7525,3.71017,0,
-25.9494,-28.7600,3.71033,0,
-25.9494,-28.7675,3.71050,0,
-25.9866,-28.7775,3.71067,0,
-26.0238,-28.7850,3.71083,0,
-26.0238,-28.7925,3.71100,0,
-26.0611,-28.8025,3.71117,0,
-26.0611,-28.8100,3.71133,0,
-26.0983,-28.8175,3.71150,0,
-26.0983,-28.8275,3.71167,0,
-26.1355,-28.8350,3.71183,0,
-26.1355,-28.8425,3.71200,0,
-26.1355,-28.8500,3.71217,0,
-26.1355,-28.8600,3.71233,0,
-26.1727,-28.8675,3.71250,0,
-26.2100,-28.8750,3.71267,0,
-26.2100,-28.8850,3.71283,0,
-26.2100,-28.8925,3.71300,0,
-26.2100,-28.9000,3.71317,0,
-26.2472,-28.9100,3.71333,0,
-26.2472,-28.9175,3.71350,0,
-26.2472,-28.9250,3.71367,0,
-26.2844,-28.9325,3.71383,0,
-26.3217,-28.9425,3.71400,0,
-26.3217,-28.9500,3.71417,0,
-26.3217,-28.9575,3.71433,0,
-26.3589,-28.9675,3.71450,0,
-26.3589,-28.9750,3.71467,0,
-26.3961,-28.9850,3.71483,0,
-26.3961,-28.9925,3.71500,0,
-26.4334,-29.0000,3.71517,0,
-26.4334,-29.0100,3.71533,0,
-26.4334,-29.0175,3.71550,0,
-26.4706,-29.0250,3.71567,0,
-26.4706,-29.0350,3.71583,0,
-26.4706,-29.0425,3.71600,0,
-26.5078,-29.0500,3.71617,0,
-26.5078,-29.0575,3.71633,0,
-26.5450,-29.0675,3.71650,0,
-26.5450,-29.0750,3.71667,0,
-26.5450,-29.0825,3.71683,0,
-26.5823,-29.0900,3.71700,0,
-26.6195,-29.1000,3.71717,0,
-26.6195,-29.1075,3.71733,0,
-26.6567,-29.1150,3.71750,0,
-26.6567,-29.1250,3.71767,0,
-26.6567,-29.1325,3.71783,0,
-26.6940,-29.1400,3.71800,0,
-26.6940,-29.1500,3.71817,0,
-26.7312,-29.1575,3.71833,0,
-26.7312,-29.1650,3.71850,0,
-26.7684,-29.1725,3.71867,0,
-26.7684,-29.1825,3.71883,0,
-26.7684,-29.1900,3.71900,0,
-26.8057,-29.1975,3.71917,0,
-26.8057,-29.2075,3.71933,0,
-26.8057,-29.2150,3.71950,0,
-26.8429,-29.2225,3.71967,0,
-26.8429,-29.2300,3.71983,0,
-26.8801,-29.2375,3.72000,0,
-26.8801,-29.2475,3.72017,0,
-26.8801,-29.2550,3.72033,0,
-26.9173,-29.2625,3.72050,0,
-26.9173,-29.2700,3.72067,0,
-26.9546,-29.2800,3.72083,0,
-26.9546,-29.2875,3.72100,0,
-26.9546,-29.2950,3.72117,0,
-26.9918,-29.3050,3.72133,0,
-26.9918,-29.3125,3.72150,0,
-27.0290,-29.3225,3.72167,0,
-27.0290,-29.3300,3.72183,0,
-27.0663,-29.3375,3.72200,0,
-27.0663,-29.3475,3.72217,0,
-27.0663,-29.3550,3.72233,0,
-27.1035,-29.3650,3.72250,0,
-27.1035,-29.3725,3.72267,0,
-27.1035,-29.3800,3.72283,0,
-27.1407,-29.3875,3.72300,0,
-27.1407,-29.3950,3.72317,0,
-27.1407,-29.4050,3.72333,0,
-27.1407,-29.4125,3.72350,0,
-27.1780,-29.4200,3.72367,0,
-27.1780,-29.4300,3.72383,0,
-27.2152,-29.4375,3.72400,0,
-27.2152,-29.4475,3.72417,0,
-27.2152,-29.4550,3.72433,0,
-27.2524,-29.4625,3.72450,0,
-27.2524,-29.4725,3.72467,0,
-27.2896,-29.4800,3.72483,0,
-27.2896,-29.4875,3.72500,0,
-27.2896,-29.4975,3.72517,0,
-27.2896,-29.5050,3.72533,0,
-27.3269,-29.5125,3.72550,0,
-27.3269,-29.5225,3.72567,0,
-27.3641,-29.5300,3.72583,0,
-27.3641,-29.5400,3.72600,0,
-27.3641,-29.5475,3.72617,0,
-27.4013,-29.5550,3.72633,0,
-27.4013,-29.5625,3.72650,0,
-27.4013,-29.5725,3.72667,0,
-27.4386,-29.5800,3.72683,0,
-27.4386,-29.5875,3.72700,0,
-27.4758,-29.5950,3.72717,0,
-27.4758,-29.6050,3.72733,0,
-27.5130,-29.6125,3.72750,0,
-27.5130,-29.6200,3.72767,0,
-27.5130,-29.6300,3.72783,0,
-27.5503,-29.6375,3.72800,0,
-27.5503,-29.6450,3.72817,0,
-27.5875,-29.6550,3.72833,0,
-27.5875,-29.6625,3.72850,0,
-27.5875,-29.6725,3.72867,0,
-27.6247,-29.6800,3.72883,0,
-27.6247,-29.6875,3.72900,0,
-27.6619,-29.6975,3.72917,0,
-27.6619,-29.7050,3.72933,0,
-27.6619,-29.7125,3.72950,0,
-27.6992,-29.7200,3.72967,0,
-27.6992,-29.7300,3.72983,0,
-27.7364,-29.7375,3.73000,0,
-27.7364,-29.7450,3.73017,0,
-27.7364,-29.7550,3.73033,0,
-27.7736,-29.7625,3.73050,0,
-27.7736,-29.7700,3.73067,0,
-27.8109,-29.7775,3.73083,0,
-27.8109,-29.7875,3.73100,0,
-27.8481,-29.7950,3.73117,0,
-27.8481,-29.8025,3.73133,0,
-27.8853,-29.8125,3.73150,0,
-27.8853,-29.8200,3.73167,0,
-27.8853,-29.8275,3.73183,0,
-27.9226,-29.8375,3.73200,0,
-27.9598,-29.8450,3.73217,0,
-27.9598,-29.8525,3.73233,0,
-27.9598,-29.8625,3.73250,0,
-27.9970,-29.8700,3.73267,0,
-27.9970,-29.8775,3.73283,0,
-28.0343,-29.8875,3.73300,0,
-28.0343,-29.8950,3.73317,0,
-28.0343,-29.9025,3.73333,0,
-28.0715,-29.9125,3.73350,0,
-28.0715,-29.9200,3.73367,0,
-28.0715,-29.9275,3.73383,0,
-28.1087,-29.9375,3.73400,0,
-28.1459,-29.9450,3.73417,0,
-28.1459,-29.9550,3.73433,0,
-28.1459,-29.9625,3.73450,0,
-28.1832,-29.9700,3.73467,0,
-28.1832,-29.9800,3.73483,0,
-28.2204,-29.9875,3.73500,0,
-28.2204,-29.9975,3.73517,0,
-28.2576,-30.0050,3.73533,0,
-28.2576,-30.0125,3.73550,0,
-28.2576,-30.0225,3.73567,0,
-28.2576,-30.0300,3.73583,0,
-28.2949,-30.0375,3.73600,0,
-28.2949,-30.0475,3.73617,0,
-28.3321,-30.0550,3.73633,0,
-28.3321,-30.0625,3.73650,0,
-28.3321,-30.0700,3.73667,0,
-28.3693,-30.0800,3.73683,0,
-28.3693,-30.0875,3.73700,0,
-28.4066,-30.0975,3.73717,0,
-28.4066,-30.1050,3.73733,0,
-28.4438,-30.1125,3.73750,0,
-28.4438,-30.1225,3.73767,0,
-28.4438,-30.1300,3.73783,0,
-28.4810,-30.1375,3.73800,0,
-28.4810,-30.1475,3.73817,0,
-28.4810,-30.1550,3.73833,0,
-28.5182,-30.1625,3.73850,0,
-28.5182,-30.1725,3.73867,0,
-28.5555,-30.1800,3.73883,0,
-28.5555,-30.1875,3.73900,0,
-28.5555,-30.1975,3.73917,0,
-28.5555,-30.2050,3.73933,0,
-28.5927,-30.2125,3.73950,0,
-28.5927,-30.2200,3.73967,0,
-28.5927,-30.2300,3.73983,0,
-28.6299,-30.2375,3.74000,0,
-28.6299,-30.2450,3.74017,0,
-28.6299,-30.2550,3.74033,0,
-28.6672,-30.2625,3.74050,0,
-28.6672,-30.2700,3.74067,0,
-28.7044,-30.2800,3.74083,0,
-28.7044,-30.2875,3.74100,0,
-28.7044,-30.2950,3.74117,0,
-28.7416,-30.3050,3.74133,0,
-28.7416,-30.3125,3.74150,0,
-28.7789,-30.3200,3.74167,0,
-28.7789,-30.3300,3.74183,0,
-28.7789,-30.3375,3.74200,0,
-28.8161,-30.3450,3.74217,0,
-28.8161,-30.3550,3.74233,0,
-28.8161,-30.3625,3.74250,0,
-28.8533,-30.3700,3.74267,0,
-28.8533,-30.3800,3.74283,0,
-28.8905,-30.3875,3.74300,0,
-28.8905,-30.3950,3.74317,0,
-28.8905,-30.4025,3.74333,0,
-28.9278,-30.4125,3.74350,0,
-28.9278,-30.4200,3.74367,0,
-28.9650,-30.4275,3.74383,0,
-28.9650,-30.4375,3.74400,0,
-28.9650,-30.4450,3.74417,0,
-29.0022,-30.4525,3.74433,0,
-29.0022,-30.4625,3.74450,0,
-29.0395,-30.4700,3.74467,0,
-29.0767,-30.4800,3.74483,0,
-29.0767,-30.4875,3.74500,0,
-29.0767,-30.4950,3.74517,0,
-29.1139,-30.5025,3.74533,0,
-29.1139,-30.5125,3.74550,0,
-29.1139,-30.5200,3.74567,0,
-29.1512,-30.5275,3.74583,0,
-29.1512,-30.5375,3.74600,0,
-29.1512,-30.5450,3.74617,0,
-29.1884,-30.5525,3.74633,0,
-29.1884,-30.5600,3.74650,0,
-29.2256,-30.5700,3.74667,0,
-29.2256,-30.5775,3.74683,0,
-29.2256,-30.5850,3.74700,0,
-29.2628,-30.5925,3.74717,0,
-29.2628,-30.6025,3.74733,0,
-29.3001,-30.6100,3.74750,0,
-29.3001,-30.6200,3.74767,0,
-29.3373,-30.6275,3.74783,0,
-29.3373,-30.6350,3.74800,0,
-29.3745,-30.6450,3.74817,0,
-29.3745,-30.6525,3.74833,0,
-29.3745,-30.6600,3.74850,0,
-29.4118,-30.6700,3.74867,0,
-29.4118,-30.6775,3.74883,0,
-29.4118,-30.6850,3.74900,0,
-29.4118,-30.6900,3.74917,0,
-29.4118,-30.6925,3.74933,0,
-29.3745,-30.6950,3.74950,0,
-29.3373,-30.6975,3.74967,0,
-29.3373,-30.7025,3.74983,0,
-29.3745,-30.7100,3.75000,0,
-29.3745,-30.7175,3.75017,0,
-29.3745,-30.7200,3.75033,0,
-29.3745,-30.7225,3.75050,0,
-29.3373,-30.7250,3.75067,0,
-29.3373,-30.7325,3.75083,0,
-29.3373,-30.7375,3.75100,0,
-29.3373,-30.7375,3.75117,0,
-29.3001,-30.7350,3.75133,0,
-29.2628,-30.7325,3.75150,0,
-29.2256,-30.7325,3.75167,0,
-29.1884,-30.7325,3.75183,0,
-29.1512,-30.7350,3.75200,0,
-29.1512,-30.7350,3.75217,0,
-29.1139,-30.7350,3.75233,0,
-29.1139,-30.7350,3.75250,0,
-29.0767,-30.7350,3.75267,0,
-29.0767,-30.7350,3.75283,0,
-29.0395,-30.7350,3.75300,0,
-29.0395,-30.7350,3.75317,0,
-29.0022,-30.7350,3.75333,0,
-28.9650,-30.7350,3.75350,0,
-28.9650,-30.7350,3.75367,0,
-28.9650,-30.7350,3.75383,0,
-28.9278,-30.7350,3.75400,0,
-28.9278,-30.7350,3.75417,0,
-28.8905,-30.7350,3.75433,0,
-28.8905,-30.7325,3.75450,0,
-28.8533,-30.7300,3.75467,0,
-28.8161,-30.7275,3.75483,0,
-28.8161,-30.7250,3.75500,0,
-28.7789,-30.7225,3.75517,0,
-28.7416,-30.7200,3.75533,0,
-28.7044,-30.7200,3.75550,0,
-28.7044,-30.7175,3.75567,0,
-28.6672,-30.7150,3.75583,0,
-28.6299,-30.7125,3.75600,0,
-28.6299,-30.7125,3.75617,0,
-28.5927,-30.7100,3.75633,0,
-28.5555,-30.7075,3.75650,0,
-28.5555,-30.7075,3.75667,0,
-28.5182,-30.7050,3.75683,0,
-28.4810,-30.7000,3.75700,0,
-28.4438,-30.6975,3.75717,0,
-28.4066,-30.6925,3.75733,0,
-28.3693,-30.6900,3.75750,0,
-28.3321,-30.6850,3.75767,0,
-28.2949,-30.6825,3.75783,0,
-28.2949,-30.6800,3.75800,0,
-28.2576,-30.6750,3.75817,0,
-28.2204,-30.6725,3.75833,0,
-28.1832,-30.6675,3.75850,0,
-28.1459,-30.6625,3.75867,0,
-28.1087,-30.6575,3.75883,0,
-28.0715,-30.6550,3.75900,0,
-28.0343,-30.6500,3.75917,0,
-27.9970,-30.6450,3.75933,0,
-27.9598,-30.6400,3.75950,0,
-27.9226,-30.6350,3.75967,0,
-27.8853,-30.6300,3.75983,0,
-27.8481,-30.6275,3.76000,0,
-27.8109,-30.6225,3.76017,0,
-27.7736,-30.6175,3.76033,0,
-27.6992,-30.6100,3.76050,0,
-27.6619,-30.6050,3.76067,0,
-27.6247,-30.6000,3.76083,0,
-27.5875,-30.5950,3.76100,0,
-27.5503,-30.5900,3.76117,0,
-27.5130,-30.5850,3.76133,0,
-27.4758,-30.5775,3.76150,0,
-27.4013,-30.5725,3.76167,0,
-27.3641,-30.5675,3.76183,0,
-27.3269,-30.5625,3.76200,0,
-27.2896,-30.5550,3.76217,0,
-27.2524,-30.5500,3.76233,0,
-27.2152,-30.5425,3.76250,0,
-27.1407,-30.5375,3.76267,0,
-27.1035,-30.5300,3.76283,0,
-27.0663,-30.5225,3.76300,0,
-27.0290,-30.5175,3.76317,0,
-26.9918,-30.5100,3.76333,0,
-26.9173,-30.5050,3.76350,0,
-26.8801,-30.4975,3.76367,0,
-26.8429,-30.4900,3.76383,0,
-26.8057,-30.4850,3.76400,0,
-26.7684,-30.4775,3.76417,0,
-26.6940,-30.4725,3.76433,0,
-26.6567,-30.4650,3.76450,0,
-26.6195,-30.4575,3.76467,0,
-26.5823,-30.4525,3.76483,0,
-26.5078,-30.4450,3.76500,0,
-26.4706,-30.4375,3.76517,0,
-26.4334,-30.4300,3.76533,0,
-26.3961,-30.4225,3.76550,0,
-26.3589,-30.4150,3.76567,0,
-26.3217,-30.4075,3.76583,0,
-26.2472,-30.4000,3.76600,0,
-26.2100,-30.3925,3.76617,0,
-26.1727,-30.3850,3.76633,0,
-26.0983,-30.3775,3.76650,0,
-26.0611,-30.3700,3.76667,0,
-26.0238,-30.3625,3.76683,0,
-25.9494,-30.3525,3.76700,0,
-25.9121,-30.3450,3.76717,0,
-25.8749,-30.3375,3.76733,0,
-25.8377,-30.3300,3.76750,0,
-25.8004,-30.3225,3.76767,0,
-25.7632,-30.3175,3.76783,0,
-25.7260,-30.3100,3.76800,0,
-25.6888,-30.3025,3.76817,0,
-25.6143,-30.2950,3.76833,0,
-25.6143,-30.2900,3.76850,0,
-25.5398,-30.2825,3.76867,0,
-25.5398,-30.2750,3.76883,0,
-25.4654,-30.2675,3.76900,0,
-25.4281,-30.2600,3.76917,0,
-25.3909,-30.2525,3.76933,0,
-25.3537,-30.2450,3.76950,0,
-25.3165,-30.2375,3.76967,0,
-25.2792,-30.2300,3.76983,0,
-25.2420,-30.2225,3.77000,0,
-25.2048,-30.2150,3.77017,0,
-25.1675,-30.2075,3.77033,0,
-25.1303,-30.2000,3.77050,0,
-25.0931,-30.1925,3.77067,0,
-25.0558,-30.1850,3.77083,0,
-25.0186,-30.1750,3.77100,0,
-24.9814,-30.1675,3.77117,0,
-24.9442,-30.1600,3.77133,0,
-24.9069,-30.1525,3.77150,0,
-24.8697,-30.1450,3.77167,0,
-24.8325,-30.1375,3.77183,0,
-24.7952,-30.1300,3.77200,0,
-24.7580,-30.1225,3.77217,0,
-24.7208,-30.1150,3.77233,0,
-24.6835,-30.1050,3.77250,0,
-24.6463,-30.0975,3.77267,0,
-24.6091,-30.0875,3.77283,0,
-24.5719,-30.0800,3.77300,0,
-24.5346,-30.0725,3.77317,0,
-24.4974,-30.0625,3.77333,0,
-24.4602,-30.0550,3.77350,0,
-24.4229,-30.0450,3.77367,0,
-24.3857,-30.0375,3.77383,0,
-24.3485,-30.0275,3.77400,0,
-24.3485,-30.0200,3.77417,0,
-24.2740,-30.0100,3.77433,0,
-24.2740,-30.0025,3.77450,0,
-24.2368,-29.9950,3.77467,0,
-24.1996,-29.9850,3.77483,0,
-24.1623,-29.9775,3.77500,0,
-24.1251,-29.9700,3.77517,0,
-24.0879,-29.9625,3.77533,0,
-24.0879,-29.9550,3.77550,0,
-24.0506,-29.9475,3.77567,0,
-24.0134,-29.9375,3.77583,0,
-24.0134,-29.9300,3.77600,0,
-23.9762,-29.9225,3.77617,0,
-23.9389,-29.9150,3.77633,0,
-23.9017,-29.9075,3.77650,0,
-23.8645,-29.9000,3.77667,0,
-23.8645,-29.8900,3.77683,0,
-23.8273,-29.8825,3.77700,0,
-23.7900,-29.8750,3.77717,0,
-23.7528,-29.8675,3.77733,0,
-23.7156,-29.8575,3.77750,0,
-23.6783,-29.8500,3.77767,0,
-23.6783,-29.8425,3.77783,0,
-23.6411,-29.8325,3.77800,0,
-23.6039,-29.8250,3.77817,0,
-23.5666,-29.8175,3.77833,0,
-23.5294,-29.8075,3.77850,0,
-23.4922,-29.8000,3.77867,0,
-23.4550,-29.7925,3.77883,0,
-23.4550,-29.7850,3.77900,0,
-23.4177,-29.7750,3.77917,0,
-23.3805,-29.7675,3.77933,0,
-23.3433,-29.7575,3.77950,0,
-23.3060,-29.7500,3.77967,0,
-23.2688,-29.7400,3.77983,0,
-23.2316,-29.7325,3.78000,0,
-23.1943,-29.7225,3.78017,0,
-23.1571,-29.7150,3.78033,0,
-23.1571,-29.7075,3.78050,0,
-23.1199,-29.6975,3.78067,0,
-23.0826,-29.6900,3.78083,0,
-23.0454,-29.6800,3.78100,0,
-23.0082,-29.6725,3.78117,0,
-22.9710,-29.6625,3.78133,0,
-22.9337,-29.6550,3.78150,0,
-22.9337,-29.6475,3.78167,0,
-22.8965,-29.6400,3.78183,0,
-22.8593,-29.6300,3.78200,0,
-22.8593,-29.6225,3.78217,0,
-22.8220,-29.6150,3.78233,0,
-22.7848,-29.6075,3.78250,0,
-22.7476,-29.5975,3.78267,0,
-22.7476,-29.5900,3.78283,0,
-22.7104,-29.5825,3.78300,0,
-22.6731,-29.5750,3.78317,0,
-22.6359,-29.5675,3.78333,0,
-22.6359,-29.5575,3.78350,0,
-22.5987,-29.5500,3.78367,0,
-22.5614,-29.5400,3.78383,0,
-22.5242,-29.5325,3.78400,0,
-22.4870,-29.5250,3.78417,0,
-22.4870,-29.5150,3.78433,0,
-22.4497,-29.5075,3.78450,0,
-22.4125,-29.5000,3.78467,0,
-22.3753,-29.4900,3.78483,0,
-22.3753,-29.4825,3.78500,0,
-22.3380,-29.4750,3.78517,0,
-22.3008,-29.4650,3.78533,0,
-22.2636,-29.4575,3.78550,0,
-22.2636,-29.4500,3.78567,0,
-22.2264,-29.4400,3.78583,0,
-22.1891,-29.4325,3.78600,0,
-22.1519,-29.4225,3.78617,0,
-22.1519,-29.4150,3.78633,0,
-22.1147,-29.4050,3.78650,0,
-22.0774,-29.3975,3.78667,0,
-22.0774,-29.3875,3.78683,0,
-22.0402,-29.3800,3.78700,0,
-22.0030,-29.3700,3.78717,0,
-21.9657,-29.3625,3.78733,0,
-21.9285,-29.3525,3.78750,0,
-21.9285,-29.3425,3.78767,0,
-21.8913,-29.3350,3.78783,0,
-21.8541,-29.3275,3.78800,0,
-21.8168,-29.3175,3.78817,0,
-21.8168,-29.3100,3.78833,0,
-21.7796,-29.3025,3.78850,0,
-21.7424,-29.2950,3.78867,0,
-21.7051,-29.2875,3.78883,0,
-21.7051,-29.2775,3.78900,0,
-21.6679,-29.2700,3.78917,0,
-21.6679,-29.2625,3.78933,0,
-21.6307,-29.2550,3.78950,0,
-21.6307,-29.2475,3.78967,0,
-21.5934,-29.2375,3.78983,0,
-21.5562,-29.2300,3.79000,0,
-21.5190,-29.2225,3.79017,0,
-21.4818,-29.2150,3.79033,0,
-21.4818,-29.2050,3.79050,0,
-21.4445,-29.1975,3.79067,0,
-21.4073,-29.1900,3.79083,0,
-21.4073,-29.1800,3.79100,0,
-21.3701,-29.1725,3.79117,0,
-21.3328,-29.1650,3.79133,0,
-21.3328,-29.1550,3.79150,0,
-21.2956,-29.1475,3.79167,0,
-21.2584,-29.1400,3.79183,0,
-21.2211,-29.1325,3.79200,0,
-21.1839,-29.1250,3.79217,0,
-21.1839,-29.1150,3.79233,0,
-21.1467,-29.1075,3.79250,0,
-21.1095,-29.0975,3.79267,0,
-21.0722,-29.0900,3.79283,0,
-21.0722,-29.0800,3.79300,0,
-21.0350,-29.0725,3.79317,0,
-20.9978,-29.0650,3.79333,0,
-20.9605,-29.0550,3.79350,0,
-20.9233,-29.0475,3.79367,0,
-20.9233,-29.0375,3.79383,0,
-20.8861,-29.0300,3.79400,0,
-20.8488,-29.0200,3.79417,0,
-20.8116,-29.0125,3.79433,0,
-20.7744,-29.0025,3.79450,0,
-20.7744,-28.9950,3.79467,0,
-20.7372,-28.9875,3.79483,0,
-20.6999,-28.9800,3.79500,0,
-20.6999,-28.9700,3.79517,0,
-20.6627,-28.9625,3.79533,0,
-20.6255,-28.9550,3.79550,0,
-20.6255,-28.9475,3.79567,0,
-20.5882,-28.9400,3.79583,0,
-20.5882,-28.9300,3.79600,0,
-20.5510,-28.9225,3.79617,0,
-20.5138,-28.9150,3.79633,0,
-20.4765,-28.9075,3.79650,0,
-20.4765,-28.9000,3.79667,0,
-20.4765,-28.8925,3.79683,0,
-20.4393,-28.8825,3.79700,0,
-20.4021,-28.8750,3.79717,0,
-20.3649,-28.8675,3.79733,0,
-20.3649,-28.8575,3.79750,0,
-20.3276,-28.8500,3.79767,0,
-20.2904,-28.8425,3.79783,0,
-20.2904,-28.8325,3.79800,0,
-20.2532,-28.8250,3.79817,0,
-20.2159,-28.8175,3.79833,0,
-20.2159,-28.8100,3.79850,0,
-20.1787,-28.8000,3.79867,0,
-20.1415,-28.7925,3.79883,0,
-20.1415,-28.7850,3.79900,0,
-20.1042,-28.7750,3.79917,0,
-20.0670,-28.7675,3.79933,0,
-20.0670,-28.7600,3.79950,0,
-20.0298,-28.7500,3.79967,0,
-19.9926,-28.7425,3.79983,0,
-19.9553,-28.7325,3.80000,0,
-19.9553,-28.7250,3.80017,0,
-19.9181,-28.7150,3.80033,0,
-19.8809,-28.7075,3.80050,0,
-19.8436,-28.6975,3.80067,0,
-19.8064,-28.6900,3.80083,0,
-19.8064,-28.6800,3.80100,0,
-19.7692,-28.6725,3.80117,0,
-19.7319,-28.6625,3.80133,0,
-19.6947,-28.6550,3.80150,0,
-19.6947,-28.6475,3.80167,0,
-19.6575,-28.6375,3.80183,0,
-19.6203,-28.6300,3.80200,0,
-19.6203,-28.6225,3.80217,0,
-19.5830,-28.6150,3.80233,0,
-19.5830,-28.6050,3.80250,0,
-19.5458,-28.5975,3.80267,0,
-19.5086,-28.5900,3.80283,0,
-19.5086,-28.5825,3.80300,0,
-19.4713,-28.5725,3.80317,0,
-19.4341,-28.5650,3.80333,0,
-19.3969,-28.5575,3.80350,0,
-19.3969,-28.5475,3.80367,0,
-19.3596,-28.5400,3.80383,0,
-19.3224,-28.5325,3.80400,0,
-19.3224,-28.5225,3.80417,0,
-19.2852,-28.5150,3.80433,0,
-19.2852,-28.5075,3.80450,0,
-19.2480,-28.4975,3.80467,0,
-19.2107,-28.4900,3.80483,0,
-19.2107,-28.4825,3.80500,0,
-19.1735,-28.4725,3.80517,0,
-19.1363,-28.4650,3.80533,0,
-19.1363,-28.4575,3.80550,0,
-19.0990,-28.4475,3.80567,0,
-19.0618,-28.4400,3.80583,0,
-19.0618,-28.4300,3.80600,0,
-19.0246,-28.4225,3.80617,0,
-18.9873,-28.4125,3.80633,0,
-18.9873,-28.4050,3.80650,0,
-18.9501,-28.3950,3.80667,0,
-18.9501,-28.3875,3.80683,0,
-18.9129,-28.3775,3.80700,0,
-18.8757,-28.3675,3.80717,0,
-18.8757,-28.3600,3.80733,0,
-18.8384,-28.3500,3.80750,0,
-18.8012,-28.3425,3.80767,0,
-18.8012,-28.3325,3.80783,0,
-18.7640,-28.3250,3.80800,0,
-18.7267,-28.3150,3.80817,0,
-18.7267,-28.3075,3.80833,0,
-18.6895,-28.3000,3.80850,0,
-18.6895,-28.2925,3.80867,0,
-18.6523,-28.2850,3.80883,0,
-18.6523,-28.2750,3.80900,0,
-18.6150,-28.2675,3.80917,0,
-18.6150,-28.2600,3.80933,0,
-18.5778,-28.2525,3.80950,0,
-18.5406,-28.2425,3.80967,0,
-18.5033,-28.2350,3.80983,0,
-18.5033,-28.2275,3.81000,0,
-18.4661,-28.2200,3.81017,0,
-18.4289,-28.2100,3.81033,0,
-18.4289,-28.2025,3.81050,0,
-18.3917,-28.1925,3.81067,0,
-18.3917,-28.1850,3.81083,0,
-18.3544,-28.1775,3.81100,0,
-18.3172,-28.1675,3.81117,0,
-18.3172,-28.1600,3.81133,0,
-18.2800,-28.1525,3.81150,0,
-18.2427,-28.1425,3.81167,0,
-18.2427,-28.1350,3.81183,0,
-18.2055,-28.1275,3.81200,0,
-18.1683,-28.1200,3.81217,0,
-18.1311,-28.1100,3.81233,0,
-18.1311,-28.1025,3.81250,0,
-18.0938,-28.0950,3.81267,0,
-18.0566,-28.0850,3.81283,0,
-18.0194,-28.0750,3.81300,0,
-18.0194,-28.0675,3.81317,0,
-17.9821,-28.0575,3.81333,0,
-17.9449,-28.0500,3.81350,0,
-17.9449,-28.0400,3.81367,0,
-17.9077,-28.0325,3.81383,0,
-17.8704,-28.0225,3.81400,0,
-17.8332,-28.0150,3.81417,0,
-17.7960,-28.0050,3.81433,0,
-17.7960,-27.9975,3.81450,0,
-17.7587,-27.9875,3.81467,0,
-17.7215,-27.9800,3.81483,0,
-17.7215,-27.9725,3.81500,0,
-17.7215,-27.9650,3.81517,0,
-17.6843,-27.9575,3.81533,0,
-17.6843,-27.9475,3.81550,0,
-17.6471,-27.9400,3.81567,0,
-17.6471,-27.9325,3.81583,0,
-17.6098,-27.9250,3.81600,0,
-17.5726,-27.9150,3.81617,0,
-17.5354,-27.9075,3.81633,0,
-17.5354,-27.9000,3.81650,0,
-17.4981,-27.8925,3.81667,0,
-17.4609,-27.8825,3.81683,0,
-17.4237,-27.8750,3.81700,0,
-17.4237,-27.8675,3.81717,0,
-17.3864,-27.8575,3.81733,0,
-17.3492,-27.8500,3.81750,0,
-17.3120,-27.8425,3.81767,0,
-17.3120,-27.8325,3.81783,0,
-17.2748,-27.8250,3.81800,0,
-17.2748,-27.8175,3.81817,0,
-17.2375,-27.8100,3.81833,0,
-17.2375,-27.8025,3.81850,0,
-17.2003,-27.7925,3.81867,0,
-17.1631,-27.7850,3.81883,0,
-17.1631,-27.7775,3.81900,0,
-17.1258,-27.7675,3.81917,0,
-17.0886,-27.7600,3.81933,0,
-17.0886,-27.7525,3.81950,0,
-17.0514,-27.7425,3.81967,0,
-17.0141,-27.7325,3.81983,0,
-17.0141,-27.7250,3.82000,0,
-16.9769,-27.7175,3.82017,0,
-16.9769,-27.7075,3.82033,0,
-16.9397,-27.7000,3.82050,0,
-16.9397,-27.6900,3.82067,0,
-16.9025,-27.6800,3.82083,0,
-16.9025,-27.6725,3.82100,0,
-16.8652,-27.6650,3.82117,0,
-16.8652,-27.6550,3.82133,0,
-16.8280,-27.6475,3.82150,0,
-16.8280,-27.6400,3.82167,0,
-16.7908,-27.6325,3.82183,0,
-16.7535,-27.6250,3.82200,0,
-16.7535,-27.6175,3.82217,0,
-16.7163,-27.6075,3.82233,0,
-16.7163,-27.6000,3.82250,0,
-16.7163,-27.5925,3.82267,0,
-16.6791,-27.5850,3.82283,0,
-16.6418,-27.5750,3.82300,0,
-16.6418,-27.5675,3.82317,0,
-16.6046,-27.5600,3.82333,0,
-16.6046,-27.5525,3.82350,0,
-16.5674,-27.5425,3.82367,0,
-16.5302,-27.5350,3.82383,0,
-16.5302,-27.5275,3.82400,0,
-16.4929,-27.5175,3.82417,0,
-16.4557,-27.5100,3.82433,0,
-16.4185,-27.5025,3.82450,0,
-16.4185,-27.4925,3.82467,0,
-16.3812,-27.4850,3.82483,0,
-16.3440,-27.4775,3.82500,0,
-16.3440,-27.4675,3.82517,0,
-16.3068,-27.4600,3.82533,0,
-16.3068,-27.4525,3.82550,0,
-16.2695,-27.4425,3.82567,0,
-16.2323,-27.4350,3.82583,0,
-16.1951,-27.4275,3.82600,0,
-16.1579,-27.4175,3.82617,0,
-16.1579,-27.4100,3.82633,0,
-16.1206,-27.4000,3.82650,0,
-16.0834,-27.3925,3.82667,0,
-16.0834,-27.3825,3.82683,0,
-16.0462,-27.3750,3.82700,0,
-16.0089,-27.3650,3.82717,0,
-15.9717,-27.3550,3.82733,0,
-15.9717,-27.3475,3.82750,0,
-15.9345,-27.3400,3.82767,0,
-15.8972,-27.3300,3.82783,0,
-15.8600,-27.3225,3.82800,0,
-15.8228,-27.3150,3.82817,0,
-15.8228,-27.3050,3.82833,0,
-15.7856,-27.2975,3.82850,0,
-15.7856,-27.2900,3.82867,0,
-15.7483,-27.2825,3.82883,0,
-15.7483,-27.2725,3.82900,0,
-15.7111,-27.2650,3.82917,0,
-15.7111,-27.2575,3.82933,0,
-15.6739,-27.2500,3.82950,0,
-15.6366,-27.2400,3.82967,0,
-15.6366,-27.2325,3.82983,0,
-15.5994,-27.2250,3.83000,0,
-15.5622,-27.2150,3.83017,0,
-15.5249,-27.2075,3.83033,0,
-15.5249,-27.2000,3.83050,0,
-15.4877,-27.1900,3.83067,0,
-15.4505,-27.1825,3.83083,0,
-15.4505,-27.1750,3.83100,0,
-15.4133,-27.1650,3.83117,0,
-15.4133,-27.1575,3.83133,0,
-15.3760,-27.1500,3.83150,0,
-15.3388,-27.1425,3.83167,0,
-15.3388,-27.1325,3.83183,0,
-15.3016,-27.1250,3.83200,0,
-15.2643,-27.1175,3.83217,0,
-15.2271,-27.1075,3.83233,0,
-15.2271,-27.1000,3.83250,0,
-15.1899,-27.0900,3.83267,0,
-15.1526,-27.0825,3.83283,0,
-15.1526,-27.0725,3.83300,0,
-15.1154,-27.0650,3.83317,0,
-15.1154,-27.0550,3.83333,0,
-15.0782,-27.0475,3.83350,0,
-15.0410,-27.0375,3.83367,0,
-15.0410,-27.0300,3.83383,0,
-15.0037,-27.0200,3.83400,0,
-15.0037,-27.0125,3.83417,0,
-14.9665,-27.0025,3.83433,0,
-14.9665,-26.9950,3.83450,0,
-14.9293,-26.9875,3.83467,0,
-14.9293,-26.9775,3.83483,0,
-14.8920,-26.9700,3.83500,0,
-14.8920,-26.9625,3.83517,0,
-14.8548,-26.9550,3.83533,0,
-14.8548,-26.9475,3.83550,0,
-14.8176,-26.9375,3.83567,0,
-14.7803,-26.9300,3.83583,0,
-14.7803,-26.9225,3.83600,0,
-14.7803,-26.9150,3.83617,0,
-14.7431,-26.9050,3.83633,0,
-14.7431,-26.8975,3.83650,0,
-14.7059,-26.8900,3.83667,0,
-14.6687,-26.8825,3.83683,0,
-14.6687,-26.8725,3.83700,0,
-14.6314,-26.8650,3.83717,0,
-14.6314,-26.8575,3.83733,0,
-14.5942,-26.8475,3.83750,0,
-14.5942,-26.8400,3.83767,0,
-14.5570,-26.8325,3.83783,0,
-14.5570,-26.8225,3.83800,0,
-14.5197,-26.8150,3.83817,0,
-14.5197,-26.8075,3.83833,0,
-14.5197,-26.8000,3.83850,0,
-14.4825,-26.7900,3.83867,0,
-14.4453,-26.7825,3.83883,0,
-14.4453,-26.7750,3.83900,0,
-14.4080,-26.7650,3.83917,0,
-14.4080,-26.7575,3.83933,0,
-14.3708,-26.7475,3.83950,0,
-14.3336,-26.7400,3.83967,0,
-14.3336,-26.7300,3.83983,0,
-14.2964,-26.7225,3.84000,0,
-14.2591,-26.7125,3.84017,0,
-14.2591,-26.7050,3.84033,0,
-14.2219,-26.6950,3.84050,0,
-14.2219,-26.6875,3.84067,0,
-14.1847,-26.6775,3.84083,0,
-14.1847,-26.6700,3.84100,0,
-14.1474,-26.6600,3.84117,0,
-14.1474,-26.6525,3.84133,0,
-14.1102,-26.6450,3.84150,0,
-14.1102,-26.6375,3.84167,0,
-14.0730,-26.6300,3.84183,0,
-14.0730,-26.6225,3.84200,0,
-14.0357,-26.6125,3.84217,0,
-13.9985,-26.6050,3.84233,0,
-13.9985,-26.5975,3.84250,0,
-13.9613,-26.5900,3.84267,0,
-13.9613,-26.5825,3.84283,0,
-13.9240,-26.5725,3.84300,0,
-13.9240,-26.5650,3.84317,0,
-13.8868,-26.5575,3.84333,0,
-13.8868,-26.5500,3.84350,0,
-13.8496,-26.5400,3.84367,0,
-13.8124,-26.5325,3.84383,0,
-13.8124,-26.5250,3.84400,0,
-13.7751,-26.5150,3.84417,0,
-13.7379,-26.5075,3.84433,0,
-13.7379,-26.5000,3.84450,0,
-13.7007,-26.4900,3.84467,0,
-13.7007,-26.4825,3.84483,0,
-13.6634,-26.4750,3.84500,0,
-13.6262,-26.4675,3.84517,0,
-13.6262,-26.4600,3.84533,0,
-13.5890,-26.4500,3.84550,0,
-13.5890,-26.4425,3.84567,0,
-13.5518,-26.4350,3.84583,0,
-13.5145,-26.4250,3.84600,0,
-13.5145,-26.4175,3.84617,0,
-13.4773,-26.4075,3.84633,0,
-13.4401,-26.4000,3.84650,0,
-13.4401,-26.3925,3.84667,0,
-13.4028,-26.3825,3.84683,0,
-13.3656,-26.3750,3.84700,0,
-13.3284,-26.3650,3.84717,0,
-13.3284,-26.3575,3.84733,0,
-13.2911,-26.3475,3.84750,0,
-13.2911,-26.3400,3.84767,0,
-13.2539,-26.3325,3.84783,0,
-13.2167,-26.3225,3.84800,0,
-13.2167,-26.3150,3.84817,0,
-13.1794,-26.3075,3.84833,0,
-13.1794,-26.3000,3.84850,0,
-13.1422,-26.2900,3.84867,0,
-13.1422,-26.2825,3.84883,0,
-13.1050,-26.2750,3.84900,0,
-13.0678,-26.2675,3.84917,0,
-13.0678,-26.2600,3.84933,0,
-13.0305,-26.2525,3.84950,0,
-13.0305,-26.2425,3.84967,0,
-12.9933,-26.2350,3.84983,0,
-12.9933,-26.2275,3.85000,0,
-12.9561,-26.2200,3.85017,0,
-12.9561,-26.2125,3.85033,0,
-12.9561,-26.2025,3.85050,0,
-12.9188,-26.1950,3.85067,0,
-12.9188,-26.1875,3.85083,0,
-12.8816,-26.1800,3.85100,0,
-12.8816,-26.1700,3.85117,0,
-12.8444,-26.1625,3.85133,0,
-12.8444,-26.1550,3.85150,0,
-12.8071,-26.1475,3.85167,0,
-12.7699,-26.1375,3.85183,0,
-12.7699,-26.1300,3.85200,0,
-12.7699,-26.1225,3.85217,0,
-12.7327,-26.1150,3.85233,0,
-12.7327,-26.1050,3.85250,0,
-12.6955,-26.0975,3.85267,0,
-12.6955,-26.0875,3.85283,0,
-12.6582,-26.0800,3.85300,0,
-12.6582,-26.0700,3.85317,0,
-12.6210,-26.0625,3.85333,0,
-12.6210,-26.0525,3.85350,0,
-12.5838,-26.0450,3.85367,0,
-12.5838,-26.0350,3.85383,0,
-12.5465,-26.0275,3.85400,0,
-12.5093,-26.0175,3.85417,0,
-12.5093,-26.0100,3.85433,0,
-12.4721,-26.0025,3.85450,0,
-12.4721,-25.9925,3.85467,0,
-12.4721,-25.9850,3.85483,0,
-12.4348,-25.9775,3.85500,0,
-12.4348,-25.9700,3.85517,0,
-12.4348,-25.9600,3.85533,0,
-12.3976,-25.9525,3.85550,0,
-12.3976,-25.9450,3.85567,0,
-12.3604,-25.9375,3.85583,0,
-12.3604,-25.9300,3.85600,0,
-12.3232,-25.9225,3.85617,0,
-12.3232,-25.9125,3.85633,0,
-12.3232,-25.9050,3.85650,0,
-12.2859,-25.8975,3.85667,0,
-12.2859,-25.8875,3.85683,0,
-12.2859,-25.8800,3.85700,0,
-12.2487,-25.8725,3.85717,0,
-12.2487,-25.8650,3.85733,0,
-12.2115,-25.8550,3.85750,0,
-12.2115,-25.8475,3.85767,0,
-12.2115,-25.8400,3.85783,0,
-12.1742,-25.8300,3.85800,0,
-12.1742,-25.8225,3.85817,0,
-12.1742,-25.8150,3.85833,0,
-12.1370,-25.8075,3.85850,0,
-12.1370,-25.7975,3.85867,0,
-12.1370,-25.7900,3.85883,0,
-12.1370,-25.7825,3.85900,0,
-12.0998,-25.7725,3.85917,0,
-12.0998,-25.7650,3.85933,0,
-12.0998,-25.7550,3.85950,0,
-12.0625,-25.7475,3.85967,0,
-12.0625,-25.7375,3.85983,0,
-12.0253,-25.7300,3.86000,0,
-12.0253,-25.7200,3.86017,0,
-11.9881,-25.7125,3.86033,0,
-11.9881,-25.7025,3.86050,0,
-11.9509,-25.6950,3.86067,0,
-11.9509,-25.6850,3.86083,0,
-11.9136,-25.6750,3.86100,0,
-11.9136,-25.6675,3.86117,0,
-11.9136,-25.6600,3.86133,0,
-11.8764,-25.6500,3.86150,0,
-11.8764,-25.6425,3.86167,0,
-11.8392,-25.6350,3.86183,0,
-11.8392,-25.6250,3.86200,0,
-11.8392,-25.6175,3.86217,0,
-11.8392,-25.6100,3.86233,0,
-11.8019,-25.6025,3.86250,0,
-11.8019,-25.5925,3.86267,0,
-11.8019,-25.5850,3.86283,0,
-11.8019,-25.5775,3.86300,0,
-11.7647,-25.5700,3.86317,0,
-11.7647,-25.5625,3.86333,0,
-11.7275,-25.5525,3.86350,0,
-11.7275,-25.5450,3.86367,0,
-11.6902,-25.5375,3.86383,0,
-11.6902,-25.5300,3.86400,0,
-11.6902,-25.5200,3.86417,0,
-11.6530,-25.5125,3.86433,0,
-11.6530,-25.5050,3.86450,0,
-11.6530,-25.4950,3.86467,0,
-11.6530,-25.4875,3.86483,0,
-11.6530,-25.4800,3.86500,0,
-11.6158,-25.4725,3.86517,0,
-11.6158,-25.4625,3.86533,0,
-11.6158,-25.4550,3.86550,0,
-11.5786,-25.4475,3.86567,0,
-11.5786,-25.4375,3.86583,0,
-11.5786,-25.4300,3.86600,0,
-11.5786,-25.4200,3.86617,0,
-11.5413,-25.4125,3.86633,0,
-11.5413,-25.4025,3.86650,0,
-11.5413,-25.3950,3.86667,0,
-11.5413,-25.3850,3.86683,0,
-11.5413,-25.3750,3.86700,0,
-11.5041,-25.3675,3.86717,0,
-11.5041,-25.3575,3.86733,0,
-11.5041,-25.3475,3.86750,0,
-11.5041,-25.3400,3.86767,0,
-11.5041,-25.3300,3.86783,0,
-11.4669,-25.3225,3.86800,0,
-11.4669,-25.3150,3.86817,0,
-11.4669,-25.3075,3.86833,0,
-11.4669,-25.2975,3.86850,0,
-11.4669,-25.2900,3.86867,0,
-11.4669,-25.2825,3.86883,0,
-11.4296,-25.2725,3.86900,0,
-11.4296,-25.2650,3.86917,0,
-11.4296,-25.2575,3.86933,0,
-11.4296,-25.2500,3.86950,0,
-11.4296,-25.2400,3.86967,0,
-11.4296,-25.2325,3.86983,0,
-11.3924,-25.2250,3.87000,0,
-11.3924,-25.2175,3.87017,0,
-11.3924,-25.2075,3.87033,0,
-11.3552,-25.2000,3.87050,0,
-11.3552,-25.1925,3.87067,0,
-11.3552,-25.1850,3.87083,0,
-11.3179,-25.1750,3.87100,0,
-11.3179,-25.1675,3.87117,0,
-11.3179,-25.1600,3.87133,0,
-11.3179,-25.1500,3.87150,0,
-11.3179,-25.1425,3.87167,0,
-11.3179,-25.1350,3.87183,0,
-11.2807,-25.1275,3.87200,0,
-11.2807,-25.1175,3.87217,0,
-11.2807,-25.1100,3.87233,0,
-11.2807,-25.1000,3.87250,0,
-11.2435,-25.0925,3.87267,0,
-11.2435,-25.0850,3.87283,0,
-11.2063,-25.0750,3.87300,0,
-11.2063,-25.0675,3.87317,0,
-11.2063,-25.0575,3.87333,0,
-11.1690,-25.0475,3.87350,0,
-11.1690,-25.0400,3.87367,0,
-11.1690,-25.0300,3.87383,0,
-11.1318,-25.0225,3.87400,0,
-11.1318,-25.0125,3.87417,0,
-11.1318,-25.0050,3.87433,0,
-11.1318,-24.9950,3.87450,0,
-11.0946,-24.9875,3.87467,0,
-11.0946,-24.9800,3.87483,0,
-11.0573,-24.9700,3.87500,0,
-11.0573,-24.9625,3.87517,0,
-11.0573,-24.9550,3.87533,0,
-11.0573,-24.9450,3.87550,0,
-11.0201,-24.9375,3.87567,0,
-11.0201,-24.9300,3.87583,0,
-11.0201,-24.9225,3.87600,0,
-10.9829,-24.9150,3.87617,0,
-10.9829,-24.9050,3.87633,0,
-10.9829,-24.8975,3.87650,0,
-10.9829,-24.8900,3.87667,0,
-10.9829,-24.8800,3.87683,0,
-10.9456,-24.8725,3.87700,0,
-10.9456,-24.8650,3.87717,0,
-10.9456,-24.8550,3.87733,0,
-10.9456,-24.8475,3.87750,0,
-10.9084,-24.8400,3.87767,0,
-10.9084,-24.8300,3.87783,0,
-10.9084,-24.8225,3.87800,0,
-10.8712,-24.8150,3.87817,0,
-10.8712,-24.8075,3.87833,0,
-10.8340,-24.7975,3.87850,0,
-10.8340,-24.7900,3.87867,0,
-10.8340,-24.7825,3.87883,0,
-10.8340,-24.7725,3.87900,0,
-10.7967,-24.7625,3.87917,0,
-10.7967,-24.7550,3.87933,0,
-10.7967,-24.7450,3.87950,0,
-10.7595,-24.7375,3.87967,0,
-10.7595,-24.7275,3.87983,0,
-10.7223,-24.7175,3.88000,0,
-10.7223,-24.7100,3.88017,0,
-10.7223,-24.7000,3.88033,0,
-10.6850,-24.6900,3.88050,0,
-10.6850,-24.6800,3.88067,0,
-10.6478,-24.6725,3.88083,0,
-10.6478,-24.6625,3.88100,0,
-10.6478,-24.6550,3.88117,0,
-10.6106,-24.6475,3.88133,0,
-10.6106,-24.6375,3.88150,0,
-10.6106,-24.6300,3.88167,0,
-10.5733,-24.6200,3.88183,0,
-10.5733,-24.6125,3.88200,0,
-10.5733,-24.6050,3.88217,0,
-10.5733,-24.5975,3.88233,0,
-10.5361,-24.5900,3.88250,0,
-10.5361,-24.5800,3.88267,0,
-10.5361,-24.5725,3.88283,0,
-10.4989,-24.5650,3.88300,0,
-10.4989,-24.5575,3.88317,0,
-10.4989,-24.5475,3.88333,0,
-10.4617,-24.5400,3.88350,0,
-10.4617,-24.5325,3.88367,0,
-10.4617,-24.5225,3.88383,0,
-10.4617,-24.5150,3.88400,0,
-10.4244,-24.5075,3.88417,0,
-10.4244,-24.4975,3.88433,0,
-10.4244,-24.4900,3.88450,0,
-10.4244,-24.4825,3.88467,0,
-10.3872,-24.4750,3.88483,0,
-10.3872,-24.4650,3.88500,0,
-10.3500,-24.4575,3.88517,0,
-10.3500,-24.4500,3.88533,0,
-10.3500,-24.4400,3.88550,0,
-10.3500,-24.4325,3.88567,0,
-10.3127,-24.4225,3.88583,0,
-10.3127,-24.4150,3.88600,0,
-10.3127,-24.4050,3.88617,0,
-10.3127,-24.3975,3.88633,0,
-10.2755,-24.3875,3.88650,0,
-10.2755,-24.3800,3.88667,0,
-10.2755,-24.3700,3.88683,0,
-10.2383,-24.3625,3.88700,0,
-10.2383,-24.3525,3.88717,0,
-10.2383,-24.3425,3.88733,0,
-10.2383,-24.3350,3.88750,0,
-10.2010,-24.3250,3.88767,0,
-10.2010,-24.3175,3.88783,0,
-10.2010,-24.3100,3.88800,0,
-10.2010,-24.3000,3.88817,0,
-10.2010,-24.2925,3.88833,0,
-10.1638,-24.2850,3.88850,0,
-10.1638,-24.2750,3.88867,0,
-10.1638,-24.2675,3.88883,0,
-10.1638,-24.2600,3.88900,0,
-10.1266,-24.2525,3.88917,0,
-10.1266,-24.2450,3.88933,0,
-10.1266,-24.2350,3.88950,0,
-10.1266,-24.2275,3.88967,0,
-10.1266,-24.2200,3.88983,0,
-10.1266,-24.2125,3.89000,0,
-10.0894,-24.2025,3.89017,0,
-10.0894,-24.1950,3.89033,0,
-10.0894,-24.1875,3.89050,0,
-10.0894,-24.1775,3.89067,0,
-10.0894,-24.1700,3.89083,0,
-10.0894,-24.1625,3.89100,0,
-10.0894,-24.1525,3.89117,0,
-10.0521,-24.1450,3.89133,0,
-10.0521,-24.1375,3.89150,0,
-10.0521,-24.1300,3.89167,0,
-10.0521,-24.1225,3.89183,0,
-10.0521,-24.1125,3.89200,0,
-10.0149,-24.1050,3.89217,0,
-10.0149,-24.0950,3.89233,0,
-10.0149,-24.0875,3.89250,0,
-10.0149,-24.0775,3.89267,0,
-10.0149,-24.0700,3.89283,0,
-10.0149,-24.0625,3.89300,0,
-10.0149,-24.0525,3.89317,0,
-10.0149,-24.0450,3.89333,0,
-10.0149,-24.0350,3.89350,0,
-9.9777,-24.0275,3.89367,0,
-9.9777,-24.0175,3.89383,0,
-9.9777,-24.0100,3.89400,0,
-9.9777,-24.0000,3.89417,0,
-9.9777,-23.9925,3.89433,0,
-9.9777,-23.9850,3.89450,0,
-9.9404,-23.9750,3.89467,0,
-9.9404,-23.9675,3.89483,0,
-9.9404,-23.9600,3.89500,0,
-9.9404,-23.9525,3.89517,0,
-9.9404,-23.9425,3.89533,0,
-9.9404,-23.9350,3.89550,0,
-9.9404,-23.9275,3.89567,0,
-9.9032,-23.9200,3.89583,0,
-9.9032,-23.9125,3.89600,0,
-9.9032,-23.9025,3.89617,0,
-9.9032,-23.8950,3.89633,0,
-9.9032,-23.8875,3.89650,0,
-9.9032,-23.8800,3.89667,0,
-9.8660,-23.8700,3.89683,0,
-9.8660,-23.8625,3.89700,0,
-9.8660,-23.8550,3.89717,0,
-9.8660,-23.8450,3.89733,0,
-9.8660,-23.8375,3.89750,0,
-9.8660,-23.8300,3.89767,0,
-9.8287,-23.8200,3.89783,0,
-9.8287,-23.8125,3.89800,0,
-9.8287,-23.8050,3.89817,0,
-9.8287,-23.7975,3.89833,0,
-9.8287,-23.7875,3.89850,0,
-9.8287,-23.7800,3.89867,0,
-9.7915,-23.7700,3.89883,0,
-9.7915,-23.7625,3.89900,0,
-9.7915,-23.7525,3.89917,0,
-9.7915,-23.7450,3.89933,0,
-9.7915,-23.7375,3.89950,0,
-9.7915,-23.7275,3.89967,0,
-9.7915,-23.7200,3.89983,0,
-9.7915,-23.7100,3.90000,0,
-9.7915,-23.7025,3.90017,0,
-9.7915,-23.6950,3.90033,0,
-9.7915,-23.6850,3.90050,0,
-9.7915,-23.6775,3.90067,0,
-9.7915,-23.6700,3.90083,0,
-9.7915,-23.6600,3.90100,0,
-9.7915,-23.6525,3.90117,0,
-9.7915,-23.6450,3.90133,0,
-9.7915,-23.6350,3.90150,0,
-9.7543,-23.6275,3.90167,0,
-9.7543,-23.6200,3.90183,0,
-9.7543,-23.6125,3.90200,0,
-9.7543,-23.6025,3.90217,0,
-9.7543,-23.5950,3.90233,0,
-9.7543,-23.5875,3.90250,0,
-9.7543,-23.5800,3.90267,0,
-9.7543,-23.5700,3.90283,0,
-9.7543,-23.5625,3.90300,0,
-9.7171,-23.5550,3.90317,0,
-9.7171,-23.5450,3.90333,0,
-9.7171,-23.5375,3.90350,0,
-9.7171,-23.5300,3.90367,0,
-9.6798,-23.5200,3.90383,0,
-9.6798,-23.5125,3.90400,0,
-9.6798,-23.5050,3.90417,0,
-9.6798,-23.4975,3.90433,0,
-9.6798,-23.4875,3.90450,0,
-9.6798,-23.4800,3.90467,0,
-9.6798,-23.4725,3.90483,0,
-9.6426,-23.4650,3.90500,0,
-9.6426,-23.4575,3.90517,0,
-9.6426,-23.4475,3.90533,0,
-9.6426,-23.4400,3.90550,0,
-9.6054,-23.4300,3.90567,0,
-9.6054,-23.4225,3.90583,0,
-9.6054,-23.4125,3.90600,0,
-9.6054,-23.4050,3.90617,0,
-9.6054,-23.3975,3.90633,0,
-9.5681,-23.3875,3.90650,0,
-9.5681,-23.3775,3.90667,0,
-9.5681,-23.3700,3.90683,0,
-9.5681,-23.3600,3.90700,0,
-9.5681,-23.3500,3.90717,0,
-9.5681,-23.3425,3.90733,0,
-9.5681,-23.3325,3.90750,0,
-9.5681,-23.3250,3.90767,0,
-9.5681,-23.3175,3.90783,0,
-9.5309,-23.3100,3.90800,0,
-9.5309,-23.3000,3.90817,0,
-9.5309,-23.2925,3.90833,0,
-9.5309,-23.2850,3.90850,0,
-9.5309,-23.2750,3.90867,0,
-9.5309,-23.2675,3.90883,0,
-9.5309,-23.2600,3.90900,0,
-9.5309,-23.2500,3.90917,0,
-9.4937,-23.2425,3.90933,0,
-9.4937,-23.2350,3.90950,0,
-9.4937,-23.2275,3.90967,0,
-9.4937,-23.2175,3.90983,0,
-9.4937,-23.2100,3.91000,0,
-9.4937,-23.2025,3.91017,0,
-9.4564,-23.1925,3.91033,0,
-9.4564,-23.1850,3.91050,0,
-9.4564,-23.1750,3.91067,0,
-9.4564,-23.1675,3.91083,0,
-9.4564,-23.1600,3.91100,0,
-9.4564,-23.1525,3.91117,0,
-9.4564,-23.1425,3.91133,0,
-9.4192,-23.1350,3.91150,0,
-9.4192,-23.1275,3.91167,0,
-9.4192,-23.1200,3.91183,0,
-9.4192,-23.1100,3.91200,0,
-9.4192,-23.1025,3.91217,0,
-9.3820,-23.0950,3.91233,0,
-9.3820,-23.0850,3.91250,0,
-9.3820,-23.0775,3.91267,0,
-9.3820,-23.0675,3.91283,0,
-9.3820,-23.0600,3.91300,0,
-9.3820,-23.0500,3.91317,0,
-9.3820,-23.0425,3.91333,0,
-9.3820,-23.0325,3.91350,0,
-9.3447,-23.0250,3.91367,0,
-9.3447,-23.0150,3.91383,0,
-9.3447,-23.0075,3.91400,0,
-9.3447,-22.9975,3.91417,0,
-9.3447,-22.9900,3.91433,0,
-9.3075,-22.9800,3.91450,0,
-9.3075,-22.9725,3.91467,0,
-9.3075,-22.9650,3.91483,0,
-9.3075,-22.9550,3.91500,0,
-9.3075,-22.9475,3.91517,0,
-9.3075,-22.9400,3.91533,0,
-9.3075,-22.9300,3.91550,0,
-9.3075,-22.9225,3.91567,0,
-9.3075,-22.9150,3.91583,0,
-9.3075,-22.9075,3.91600,0,
-9.2703,-22.9000,3.91617,0,
-9.2703,-22.8900,3.91633,0,
-9.2703,-22.8825,3.91650,0,
-9.2703,-22.8750,3.91667,0,
-9.2703,-22.8650,3.91683,0,
-9.2703,-22.8575,3.91700,0,
-9.2331,-22.8475,3.91717,0,
-9.2331,-22.8400,3.91733,0,
-9.2331,-22.8325,3.91750,0,
-9.2331,-22.8225,3.91767,0,
-9.2331,-22.8150,3.91783,0,
-9.2331,-22.8075,3.91800,0,
-9.1958,-22.8000,3.91817,0,
-9.1958,-22.7925,3.91833,0,
-9.1958,-22.7850,3.91850,0,
-9.1958,-22.7750,3.91867,0,
-9.1958,-22.7675,3.91883,0,
-9.1958,-22.7575,3.91900,0,
-9.1958,-22.7500,3.91917,0,
-9.1958,-22.7400,3.91933,0,
-9.1958,-22.7325,3.91950,0,
-9.1586,-22.7250,3.91967,0,
-9.1586,-22.7150,3.91983,0,
-9.1586,-22.7050,3.92000,0,
-9.1586,-22.6975,3.92017,0,
-9.1586,-22.6875,3.92033,0,
-9.1586,-22.6800,3.92050,0,
-9.1214,-22.6700,3.92067,0,
-9.1214,-22.6625,3.92083,0,
-9.1214,-22.6550,3.92100,0,
-9.1214,-22.6450,3.92117,0,
-9.1214,-22.6375,3.92133,0,
-9.1214,-22.6300,3.92150,0,
-9.1214,-22.6225,3.92167,0,
-9.0841,-22.6150,3.92183,0,
-9.0841,-22.6050,3.92200,0,
-9.0841,-22.5975,3.92217,0,
-9.0841,-22.5900,3.92233,0,
-9.0841,-22.5825,3.92250,0,
-9.0469,-22.5725,3.92267,0,
-9.0469,-22.5650,3.92283,0,
-9.0469,-22.5575,3.92300,0,
-9.0469,-22.5475,3.92317,0,
-9.0469,-22.5400,3.92333,0,
-9.0469,-22.5325,3.92350,0,
-9.0097,-22.5250,3.92367,0,
-9.0097,-22.5150,3.92383,0,
-9.0097,-22.5075,3.92400,0,
-9.0097,-22.5000,3.92417,0,
-9.0097,-22.4900,3.92433,0,
-9.0097,-22.4825,3.92450,0,
-8.9725,-22.4750,3.92467,0,
-8.9725,-22.4675,3.92483,0,
-8.9725,-22.4575,3.92500,0,
-8.9725,-22.4500,3.92517,0,
-8.9352,-22.4425,3.92533,0,
-8.9725,-22.4325,3.92550,0,
-8.9725,-22.4250,3.92567,0,
-8.9352,-22.4175,3.92583,0,
-8.9352,-22.4075,3.92600,0,
-8.9352,-22.4000,3.92617,0,
-8.9352,-22.3925,3.92633,0,
-8.9352,-22.3825,3.92650,0,
-8.8980,-22.3750,3.92667,0,
-8.8980,-22.3650,3.92683,0,
-8.8980,-22.3575,3.92700,0,
-8.8980,-22.3475,3.92717,0,
-8.8980,-22.3400,3.92733,0,
-8.8608,-22.3300,3.92750,0,
-8.8608,-22.3225,3.92767,0,
-8.8608,-22.3150,3.92783,0,
-8.8608,-22.3075,3.92800,0,
-8.8608,-22.2975,3.92817,0,
-8.8608,-22.2900,3.92833,0,
-8.8235,-22.2825,3.92850,0,
-8.8235,-22.2725,3.92867,0,
-8.8235,-22.2650,3.92883,0,
-8.8235,-22.2575,3.92900,0,
-8.8235,-22.2500,3.92917,0,
-8.8235,-22.2400,3.92933,0,
-8.7863,-22.2325,3.92950,0,
-8.7863,-22.2250,3.92967,0,
-8.7863,-22.2175,3.92983,0,
-8.7863,-22.2075,3.93000,0,
-8.7863,-22.2000,3.93017,0,
-8.7863,-22.1925,3.93033,0,
-8.7491,-22.1825,3.93050,0,
-8.7491,-22.1750,3.93067,0,
-8.7491,-22.1675,3.93083,0,
-8.7491,-22.1600,3.93100,0,
-8.7491,-22.1500,3.93117,0,
-8.7491,-22.1425,3.93133,0,
-8.7491,-22.1350,3.93150,0,
-8.7491,-22.1275,3.93167,0,
-8.7491,-22.1175,3.93183,0,
-8.7491,-22.1100,3.93200,0,
-8.7491,-22.1025,3.93217,0,
-8.7491,-22.0925,3.93233,0,
-8.7491,-22.0850,3.93250,0,
-8.7491,-22.0750,3.93267,0,
-8.7491,-22.0675,3.93283,0,
-8.7491,-22.0600,3.93300,0,
-8.7491,-22.0500,3.93317,0,
-8.7491,-22.0425,3.93333,0,
-8.7491,-22.0325,3.93350,0,
-8.7118,-22.0250,3.93367,0,
-8.7118,-22.0150,3.93383,0,
-8.7118,-22.0075,3.93400,0,
-8.7118,-21.9975,3.93417,0,
-8.7118,-21.9900,3.93433,0,
-8.7118,-21.9825,3.93450,0,
-8.6746,-21.9725,3.93467,0,
-8.6746,-21.9650,3.93483,0,
-8.6746,-21.9575,3.93500,0,
-8.6746,-21.9500,3.93517,0,
-8.6746,-21.9400,3.93533,0,
-8.6746,-21.9325,3.93550,0,
-8.6374,-21.9250,3.93567,0,
-8.6374,-21.9150,3.93583,0,
-8.6374,-21.9075,3.93600,0,
-8.6374,-21.9000,3.93617,0,
-8.6374,-21.8925,3.93633,0,
-8.6374,-21.8850,3.93650,0,
-8.6374,-21.8750,3.93667,0,
-8.6374,-21.8675,3.93683,0,
-8.6001,-21.8600,3.93700,0,
-8.6001,-21.8525,3.93717,0,
-8.6001,-21.8425,3.93733,0,
-8.6001,-21.8350,3.93750,0,
-8.6001,-21.8275,3.93767,0,
-8.6001,-21.8200,3.93783,0,
-8.6001,-21.8100,3.93800,0,
-8.6001,-21.8025,3.93817,0,
-8.5629,-21.7950,3.93833,0,
-8.5629,-21.7875,3.93850,0,
-8.5629,-21.7800,3.93867,0,
-8.5629,-21.7700,3.93883,0,
-8.5629,-21.7625,3.93900,0,
-8.5629,-21.7550,3.93917,0,
-8.5257,-21.7450,3.93933,0,
-8.5257,-21.7375,3.93950,0,
-8.5257,-21.7275,3.93967,0,
-8.5257,-21.7200,3.93983,0,
-8.5257,-21.7100,3.94000,0,
-8.5257,-21.7025,3.94017,0,
-8.5257,-21.6950,3.94033,0,
-8.5257,-21.6850,3.94050,0,
-8.4885,-21.6775,3.94067,0,
-8.4885,-21.6675,3.94083,0,
-8.4885,-21.6600,3.94100,0,
-8.4885,-21.6525,3.94117,0,
-8.4885,-21.6450,3.94133,0,
-8.4512,-21.6350,3.94150,0,
-8.4512,-21.6275,3.94167,0,
-8.4512,-21.6200,3.94183,0,
-8.4512,-21.6125,3.94200,0,
-8.4512,-21.6050,3.94217,0,
-8.4512,-21.5950,3.94233,0,
-8.4140,-21.5875,3.94250,0,
-8.4140,-21.5800,3.94267,0,
-8.4140,-21.5725,3.94283,0,
-8.4140,-21.5650,3.94300,0,
-8.3768,-21.5550,3.94317,0,
-8.3768,-21.5475,3.94333,0,
-8.3768,-21.5375,3.94350,0,
-8.3768,-21.5300,3.94367,0,
-8.3768,-21.5200,3.94383,0,
-8.3768,-21.5125,3.94400,0,
-8.3395,-21.5050,3.94417,0,
-8.3395,-21.4950,3.94433,0,
-8.3395,-21.4875,3.94450,0,
-8.3395,-21.4800,3.94467,0,
-8.3395,-21.4725,3.94483,0,
-8.3395,-21.4650,3.94500,0,
-8.3395,-21.4550,3.94517,0,
-8.3023,-21.4475,3.94533,0,
-8.3023,-21.4400,3.94550,0,
-8.3023,-21.4300,3.94567,0,
-8.3023,-21.4225,3.94583,0,
-8.2651,-21.4125,3.94600,0,
-8.2651,-21.4050,3.94617,0,
-8.2651,-21.3975,3.94633,0,
-8.2651,-21.3875,3.94650,0,
-8.2651,-21.3800,3.94667,0,
-8.2278,-21.3700,3.94683,0,
-8.2278,-21.3625,3.94700,0,
-8.2278,-21.3525,3.94717,0,
-8.2278,-21.3450,3.94733,0,
-8.2278,-21.3350,3.94750,0,
-8.2278,-21.3275,3.94767,0,
-8.1906,-21.3200,3.94783,0,
-8.1906,-21.3125,3.94800,0,
-8.1906,-21.3025,3.94817,0,
-8.1534,-21.2950,3.94833,0,
-8.1534,-21.2875,3.94850,0,
-8.1534,-21.2800,3.94867,0,
-8.1534,-21.2700,3.94883,0,
-8.1534,-21.2625,3.94900,0,
-8.1534,-21.2550,3.94917,0,
-8.1162,-21.2475,3.94933,0,
-8.1162,-21.2400,3.94950,0,
-8.1162,-21.2325,3.94967,0,
-8.1162,-21.2225,3.94983,0,
-8.1162,-21.2150,3.95000,0,
-8.1162,-21.2075,3.95017,0,
-8.0789,-21.1975,3.95033,0,
-8.0789,-21.1900,3.95050,0,
-8.0789,-21.1825,3.95067,0,
-8.0789,-21.1750,3.95083,0,
-8.0789,-21.1650,3.95100,0,
-8.0789,-21.1575,3.95117,0,
-8.0789,-21.1500,3.95133,0,
-8.0789,-21.1425,3.95150,0,
-8.0789,-21.1350,3.95167,0,
-8.0789,-21.1250,3.95183,0,
-8.0789,-21.1175,3.95200,0,
-8.0417,-21.1100,3.95217,0,
-8.0417,-21.1000,3.95233,0,
-8.0417,-21.0925,3.95250,0,
-8.0417,-21.0850,3.95267,0,
-8.0417,-21.0750,3.95283,0,
-8.0417,-21.0675,3.95300,0,
-8.0417,-21.0575,3.95317,0,
-8.0045,-21.0500,3.95333,0,
-8.0417,-21.0400,3.95350,0,
-8.0045,-21.0325,3.95367,0,
-8.0045,-21.0250,3.95383,0,
-8.0045,-21.0150,3.95400,0,
-8.0045,-21.0075,3.95417,0,
-8.0045,-20.9975,3.95433,0,
-8.0045,-20.9900,3.95450,0,
-8.0045,-20.9825,3.95467,0,
-8.0045,-20.9750,3.95483,0,
-7.9672,-20.9675,3.95500,0,
-7.9672,-20.9575,3.95517,0,
-7.9672,-20.9500,3.95533,0,
-7.9672,-20.9425,3.95550,0,
-7.9672,-20.9350,3.95567,0,
-7.9672,-20.9275,3.95583,0,
-7.9672,-20.9175,3.95600,0,
-7.9672,-20.9100,3.95617,0,
-7.9672,-20.9025,3.95633,0,
-7.9300,-20.8950,3.95650,0,
-7.9300,-20.8875,3.95667,0,
-7.9300,-20.8775,3.95683,0,
-7.9300,-20.8700,3.95700,0,
-7.9300,-20.8625,3.95717,0,
-7.9300,-20.8550,3.95733,0,
-7.9300,-20.8450,3.95750,0,
-7.9300,-20.8375,3.95767,0,
-7.8928,-20.8300,3.95783,0,
-7.8928,-20.8225,3.95800,0,
-7.8928,-20.8150,3.95817,0,
-7.8928,-20.8050,3.95833,0,
-7.8928,-20.7975,3.95850,0,
-7.8928,-20.7900,3.95867,0,
-7.8928,-20.7825,3.95883,0,
-7.8555,-20.7725,3.95900,0,
-7.8555,-20.7650,3.95917,0,
-7.8555,-20.7550,3.95933,0,
-7.8555,-20.7475,3.95950,0,
-7.8555,-20.7375,3.95967,0,
-7.8555,-20.7300,3.95983,0,
-7.8555,-20.7200,3.96000,0,
-7.8183,-20.7125,3.96017,0,
-7.8555,-20.7050,3.96033,0,
-7.8183,-20.6950,3.96050,0,
-7.8183,-20.6850,3.96067,0,
-7.8183,-20.6775,3.96083,0,
-7.8183,-20.6700,3.96100,0,
-7.7811,-20.6600,3.96117,0,
-7.8183,-20.6525,3.96133,0,
-7.7811,-20.6450,3.96150,0,
-7.7811,-20.6350,3.96167,0,
-7.7811,-20.6275,3.96183,0,
-7.7811,-20.6200,3.96200,0,
-7.7811,-20.6125,3.96217,0,
-7.7811,-20.6025,3.96233,0,
-7.7811,-20.5950,3.96250,0,
-7.7811,-20.5875,3.96267,0,
-7.7439,-20.5800,3.96283,0,
-7.7439,-20.5725,3.96300,0,
-7.7439,-20.5650,3.96317,0,
-7.7439,-20.5550,3.96333,0,
-7.7439,-20.5475,3.96350,0,
-7.7439,-20.5400,3.96367,0,
-7.7439,-20.5325,3.96383,0,
-7.7066,-20.5225,3.96400,0,
-7.7066,-20.5150,3.96417,0,
-7.7066,-20.5075,3.96433,0,
-7.7066,-20.4975,3.96450,0,
-7.7066,-20.4900,3.96467,0,
-7.7066,-20.4825,3.96483,0,
-7.7066,-20.4750,3.96500,0,
-7.7066,-20.4650,3.96517,0,
-7.7066,-20.4575,3.96533,0,
-7.7066,-20.4500,3.96550,0,
-7.6694,-20.4425,3.96567,0,
-7.6694,-20.4325,3.96583,0,
-7.6694,-20.4250,3.96600,0,
-7.6694,-20.4150,3.96617,0,
-7.6694,-20.4075,3.96633,0,
-7.6694,-20.3975,3.96650,0,
-7.6322,-20.3900,3.96667,0,
-7.6694,-20.3800,3.96683,0,
-7.6694,-20.3725,3.96700,0,
-7.6322,-20.3625,3.96717,0,
-7.6322,-20.3550,3.96733,0,
-7.6322,-20.3450,3.96750,0,
-7.6322,-20.3375,3.96767,0,
-7.6322,-20.3275,3.96783,0,
-7.6322,-20.3200,3.96800,0,
-7.6322,-20.3125,3.96817,0,
-7.5949,-20.3050,3.96833,0,
-7.5949,-20.2950,3.96850,0,
-7.5949,-20.2875,3.96867,0,
-7.5949,-20.2800,3.96883,0,
-7.5949,-20.2700,3.96900,0,
-7.5949,-20.2625,3.96917,0,
-7.5949,-20.2550,3.96933,0,
-7.5949,-20.2475,3.96950,0,
-7.5949,-20.2400,3.96967,0,
-7.5577,-20.2300,3.96983,0,
-7.5577,-20.2225,3.97000,0,
-7.5577,-20.2150,3.97017,0,
-7.5577,-20.2075,3.97033,0,
-7.5577,-20.1975,3.97050,0,
-7.5577,-20.1900,3.97067,0,
-7.5577,-20.1825,3.97083,0,
-7.5205,-20.1750,3.97100,0,
-7.5577,-20.1650,3.97117,0,
-7.5205,-20.1575,3.97133,0,
-7.5205,-20.1500,3.97150,0,
-7.5205,-20.1425,3.97167,0,
-7.5205,-20.1350,3.97183,0,
-7.5205,-20.1250,3.97200,0,
-7.5205,-20.1175,3.97217,0,
-7.5205,-20.1100,3.97233,0,
-7.5205,-20.1000,3.97250,0,
-7.4832,-20.0925,3.97267,0,
-7.4832,-20.0825,3.97283,0,
-7.4832,-20.0750,3.97300,0,
-7.4832,-20.0675,3.97317,0,
-7.4832,-20.0575,3.97333,0,
-7.4832,-20.0500,3.97350,0,
-7.4832,-20.0400,3.97367,0,
-7.4832,-20.0325,3.97383,0,
-7.4460,-20.0225,3.97400,0,
-7.4460,-20.0150,3.97417,0,
-7.4460,-20.0075,3.97433,0,
-7.4460,-19.9975,3.97450,0,
-7.4460,-19.9900,3.97467,0,
-7.4460,-19.9825,3.97483,0,
-7.4460,-19.9750,3.97500,0,
-7.4460,-19.9650,3.97517,0,
-7.4088,-19.9575,3.97533,0,
-7.4460,-19.9500,3.97550,0,
-7.4088,-19.9400,3.97567,0,
-7.4088,-19.9325,3.97583,0,
-7.4088,-19.9250,3.97600,0,
-7.4088,-19.9175,3.97617,0,
-7.4088,-19.9075,3.97633,0,
-7.4088,-19.9000,3.97650,0,
-7.4088,-19.8925,3.97667,0,
-7.4088,-19.8850,3.97683,0,
-7.4088,-19.8750,3.97700,0,
-7.4088,-19.8675,3.97717,0,
-7.3716,-19.8600,3.97733,0,
-7.4088,-19.8500,3.97750,0,
-7.3716,-19.8425,3.97767,0,
-7.3716,-19.8350,3.97783,0,
-7.3716,-19.8275,3.97800,0,
-7.3716,-19.8175,3.97817,0,
-7.3716,-19.8100,3.97833,0,
-7.3716,-19.8025,3.97850,0,
-7.3716,-19.7950,3.97867,0,
-7.3716,-19.7850,3.97883,0,
-7.3343,-19.7775,3.97900,0,
-7.3716,-19.7675,3.97917,0,
-7.3716,-19.7600,3.97933,0,
-7.3716,-19.7500,3.97950,0,
-7.3716,-19.7425,3.97967,0,
-7.3343,-19.7350,3.97983,0,
-7.3343,-19.7250,3.98000,0,
-7.3343,-19.7175,3.98017,0,
-7.3343,-19.7075,3.98033,0,
-7.3343,-19.7000,3.98050,0,
-7.3343,-19.6900,3.98067,0,
-7.3343,-19.6825,3.98083,0,
-7.3343,-19.6725,3.98100,0,
-7.2971,-19.6650,3.98117,0,
-7.3343,-19.6575,3.98133,0,
-7.2971,-19.6475,3.98150,0,
-7.2971,-19.6400,3.98167,0,
-7.2971,-19.6325,3.98183,0,
-7.2971,-19.6225,3.98200,0,
-7.2971,-19.6150,3.98217,0,
-7.2971,-19.6050,3.98233,0,
-7.2971,-19.5975,3.98250,0,
-7.2971,-19.5900,3.98267,0,
-7.2971,-19.5825,3.98283,0,
-7.2599,-19.5750,3.98300,0,
-7.2971,-19.5650,3.98317,0,
-7.2599,-19.5575,3.98333,0,
-7.2971,-19.5500,3.98350,0,
-7.2599,-19.5400,3.98367,0,
-7.2599,-19.5325,3.98383,0,
-7.2599,-19.5250,3.98400,0,
-7.2599,-19.5150,3.98417,0,
-7.2226,-19.5075,3.98433,0,
-7.2226,-19.5000,3.98450,0,
-7.2226,-19.4900,3.98467,0,
-7.2226,-19.4825,3.98483,0,
-7.2226,-19.4750,3.98500,0,
-7.2226,-19.4650,3.98517,0,
-7.1854,-19.4575,3.98533,0,
-7.1854,-19.4500,3.98550,0,
-7.1854,-19.4400,3.98567,0,
-7.1854,-19.4325,3.98583,0,
-7.1854,-19.4250,3.98600,0,
-7.1854,-19.4150,3.98617,0,
-7.1854,-19.4075,3.98633,0,
-7.1482,-19.3975,3.98650,0,
-7.1482,-19.3900,3.98667,0,
-7.1482,-19.3800,3.98683,0,
-7.1482,-19.3725,3.98700,0,
-7.1482,-19.3625,3.98717,0,
-7.1482,-19.3550,3.98733,0,
-7.1482,-19.3450,3.98750,0,
-7.1482,-19.3375,3.98767,0,
-7.1109,-19.3275,3.98783,0,
-7.1109,-19.3200,3.98800,0,
-7.1482,-19.3125,3.98817,0,
-7.1109,-19.3025,3.98833,0,
-7.1109,-19.2950,3.98850,0,
-7.1109,-19.2875,3.98867,0,
-7.1109,-19.2775,3.98883,0,
-7.1109,-19.2700,3.98900,0,
-7.1109,-19.2625,3.98917,0,
-7.1109,-19.2550,3.98933,0,
-7.1109,-19.2450,3.98950,0,
-7.1109,-19.2375,3.98967,0,
-7.1109,-19.2300,3.98983,0,
-7.1109,-19.2200,3.99000,0,
-7.0737,-19.2125,3.99017,0,
-7.0737,-19.2050,3.99033,0,
-7.0737,-19.1950,3.99050,0,
-7.0737,-19.1875,3.99067,0,
-7.0737,-19.1800,3.99083,0,
-7.0737,-19.1700,3.99100,0,
-7.0737,-19.1625,3.99117,0,
-7.0737,-19.1550,3.99133,0,
-7.0737,-19.1475,3.99150,0,
-7.0737,-19.1375,3.99167,0,
-7.0737,-19.1300,3.99183,0,
-7.0737,-19.1225,3.99200,0,
-7.0365,-19.1150,3.99217,0,
-7.0365,-19.1050,3.99233,0,
-7.0365,-19.0975,3.99250,0,
-7.0365,-19.0875,3.99267,0,
-7.0365,-19.0800,3.99283,0,
-7.0365,-19.0725,3.99300,0,
-7.0365,-19.0625,3.99317,0,
-7.0365,-19.0550,3.99333,0,
-7.0365,-19.0450,3.99350,0,
-6.9993,-19.0375,3.99367,0,
-6.9993,-19.0275,3.99383,0,
-6.9993,-19.0200,3.99400,0,
-6.9993,-19.0100,3.99417,0,
-6.9993,-19.0025,3.99433,0,
-6.9993,-18.9950,3.99450,0,
-6.9993,-18.9850,3.99467,0,
-6.9993,-18.9775,3.99483,0,
-6.9993,-18.9700,3.99500,0,
-6.9993,-18.9600,3.99517,0,
-6.9993,-18.9525,3.99533,0,
-6.9993,-18.9450,3.99550,0,
-6.9620,-18.9375,3.99567,0,
-6.9993,-18.9275,3.99583,0,
-6.9620,-18.9200,3.99600,0,
-6.9620,-18.9125,3.99617,0,
-6.9620,-18.9050,3.99633,0,
-6.9620,-18.8950,3.99650,0,
-6.9620,-18.8875,3.99667,0,
-6.9620,-18.8800,3.99683,0,
-6.9620,-18.8725,3.99700,0,
-6.9620,-18.8625,3.99717,0,
-6.9248,-18.8550,3.99733,0,
-6.9248,-18.8475,3.99750,0,
-6.9248,-18.8400,3.99767,0,
-6.9248,-18.8300,3.99783,0,
-6.9248,-18.8225,3.99800,0,
-6.9248,-18.8150,3.99817,0,
-6.9248,-18.8075,3.99833,0,
-6.9248,-18.7975,3.99850,0,
-6.9248,-18.7900,3.99867,0,
-6.9248,-18.7825,3.99883,0,
-6.8876,-18.7725,3.99900,0,
-6.8876,-18.7650,3.99917,0,
-6.8876,-18.7575,3.99933,0,
-6.8876,-18.7475,3.99950,0,
-6.8876,-18.7400,3.99967,0,
-6.8876,-18.7325,3.99983,0,
-6.8876,-18.7225,4.00000,0,
-6.8876,-18.7150,4.00017,0,
-6.8876,-18.7050,4.00033,0,
-6.8876,-18.6975,4.00050,0,
-6.8503,-18.6875,4.00067,0,
-6.8503,-18.6800,4.00083,0,
-6.8503,-18.6725,4.00100,0,
-6.8503,-18.6625,4.00117,0,
-6.8503,-18.6550,4.00133,0,
-6.8503,-18.6475,4.00150,0,
-6.8131,-18.6375,4.00167,0,
-6.8131,-18.6300,4.00183,0,
-6.8131,-18.6225,4.00200,0,
-6.8131,-18.6125,4.00217,0,
-6.8131,-18.6050,4.00233,0,
-6.8131,-18.5975,4.00250,0,
-6.8131,-18.5875,4.00267,0,
-6.8131,-18.5800,4.00283,0,
-6.8131,-18.5725,4.00300,0,
-6.8131,-18.5650,4.00317,0,
-6.8131,-18.5550,4.00333,0,
-6.8131,-18.5475,4.00350,0,
-6.8131,-18.5400,4.00367,0,
-6.8131,-18.5300,4.00383,0,
-6.7759,-18.5225,4.00400,0,
-6.7759,-18.5150,4.00417,0,
-6.7759,-18.5050,4.00433,0,
-6.7759,-18.4975,4.00450,0,
-6.7759,-18.4900,4.00467,0,
-6.7759,-18.4825,4.00483,0,
-6.7759,-18.4725,4.00500,0,
-6.7759,-18.4650,4.00517,0,
-6.7759,-18.4575,4.00533,0,
-6.7759,-18.4475,4.00550,0,
-6.7759,-18.4400,4.00567,0,
-6.7759,-18.4300,4.00583,0,
-6.7759,-18.4225,4.00600,0,
-6.7386,-18.4150,4.00617,0,
-6.7386,-18.4050,4.00633,0,
-6.7386,-18.3975,4.00650,0,
-6.7386,-18.3875,4.00667,0,
-6.7386,-18.3800,4.00683,0,
-6.7386,-18.3700,4.00700,0,
-6.7386,-18.3625,4.00717,0,
-6.7386,-18.3525,4.00733,0,
-6.7386,-18.3425,4.00750,0,
-6.7386,-18.3350,4.00767,0,
-6.7386,-18.3275,4.00783,0,
-6.7386,-18.3175,4.00800,0,
-6.7386,-18.3100,4.00817,0,
-6.7386,-18.3025,4.00833,0,
-6.7386,-18.2950,4.00850,0,
-6.7014,-18.2875,4.00867,0,
-6.7014,-18.2775,4.00883,0,
-6.7014,-18.2700,4.00900,0,
-6.7014,-18.2625,4.00917,0,
-6.7014,-18.2550,4.00933,0,
-6.7014,-18.2450,4.00950,0,
-6.7014,-18.2375,4.00967,0,
-6.7014,-18.2300,4.00983,0,
-6.6642,-18.2225,4.01000,0,
-6.6642,-18.2125,4.01017,0,
-6.6642,-18.2050,4.01033,0,
-6.6642,-18.1975,4.01050,0,
-6.6642,-18.1875,4.01067,0,
-6.6642,-18.1800,4.01083,0,
-6.6642,-18.1725,4.01100,0,
-6.6642,-18.1625,4.01117,0,
-6.6642,-18.1550,4.01133,0,
-6.6642,-18.1475,4.01150,0,
-6.6642,-18.1400,4.01167,0,
-6.6270,-18.1300,4.01183,0,
-6.6270,-18.1225,4.01200,0,
-6.6270,-18.1150,4.01217,0,
-6.6270,-18.1050,4.01233,0,
-6.6270,-18.0975,4.01250,0,
-6.6270,-18.0875,4.01267,0,
-6.6270,-18.0800,4.01283,0,
-6.6270,-18.0700,4.01300,0,
-6.6270,-18.0625,4.01317,0,
-6.6270,-18.0525,4.01333,0,
-6.5897,-18.0450,4.01350,0,
-6.5897,-18.0350,4.01367,0,
-6.5897,-18.0275,4.01383,0,
-6.5897,-18.0175,4.01400,0,
-6.5897,-18.0100,4.01417,0,
-6.5897,-18.0000,4.01433,0,
-6.5525,-17.9925,4.01450,0,
-6.5897,-17.9850,4.01467,0,
-6.5897,-17.9750,4.01483,0,
-6.5525,-17.9675,4.01500,0,
-6.5897,-17.9575,4.01517,0,
-6.5525,-17.9500,4.01533,0,
-6.5525,-17.9425,4.01550,0,
-6.5525,-17.9325,4.01567,0,
-6.5525,-17.9250,4.01583,0,
-6.5525,-17.9175,4.01600,0,
-6.5525,-17.9075,4.01617,0,
-6.5525,-17.9000,4.01633,0,
-6.5525,-17.8925,4.01650,0,
-6.5525,-17.8850,4.01667,0,
-6.5525,-17.8750,4.01683,0,
-6.5525,-17.8675,4.01700,0,
-6.5153,-17.8600,4.01717,0,
-6.5525,-17.8500,4.01733,0,
-6.5525,-17.8425,4.01750,0,
-6.5153,-17.8325,4.01767,0,
-6.5153,-17.8250,4.01783,0,
-6.5525,-17.8175,4.01800,0,
-6.5153,-17.8075,4.01817,0,
-6.5153,-17.8000,4.01833,0,
-6.5153,-17.7925,4.01850,0,
-6.5153,-17.7825,4.01867,0,
-6.5153,-17.7750,4.01883,0,
-6.5153,-17.7650,4.01900,0,
-6.4780,-17.7575,4.01917,0,
-6.4780,-17.7475,4.01933,0,
-6.4780,-17.7400,4.01950,0,
-6.4780,-17.7300,4.01967,0,
-6.4780,-17.7225,4.01983,0,
-6.4780,-17.7125,4.02000,0,
-6.4780,-17.7050,4.02017,0,
-6.4780,-17.6950,4.02033,0,
-6.4780,-17.6850,4.02050,0,
-6.4780,-17.6775,4.02067,0,
-6.4780,-17.6700,4.02083,0,
-6.4780,-17.6600,4.02100,0,
-6.4780,-17.6525,4.02117,0,
-6.4780,-17.6450,4.02133,0,
-6.4408,-17.6350,4.02150,0,
-6.4780,-17.6275,4.02167,0,
-6.4780,-17.6200,4.02183,0,
-6.4408,-17.6100,4.02200,0,
-6.4408,-17.6025,4.02217,0,
-6.4408,-17.5950,4.02233,0,
-6.4408,-17.5850,4.02250,0,
-6.4408,-17.5775,4.02267,0,
-6.4408,-17.5700,4.02283,0,
-6.4408,-17.5625,4.02300,0,
-6.4408,-17.5525,4.02317,0,
-6.4408,-17.5450,4.02333,0,
-6.4408,-17.5375,4.02350,0,
-6.4408,-17.5275,4.02367,0,
-6.4036,-17.5200,4.02383,0,
-6.4408,-17.5125,4.02400,0,
-6.4408,-17.5025,4.02417,0,
-6.4036,-17.4950,4.02433,0,
-6.4036,-17.4875,4.02450,0,
-6.4036,-17.4800,4.02467,0,
-6.4036,-17.4700,4.02483,0,
-6.4036,-17.4625,4.02500,0,
-6.4036,-17.4550,4.02517,0,
-6.4036,-17.4475,4.02533,0,
-6.4036,-17.4375,4.02550,0,
-6.4036,-17.4300,4.02567,0,
-6.4036,-17.4200,4.02583,0,
-6.4036,-17.4125,4.02600,0,
-6.4036,-17.4025,4.02617,0,
-6.4036,-17.3950,4.02633,0,
-6.3663,-17.3875,4.02650,0,
-6.3663,-17.3775,4.02667,0,
-6.3663,-17.3700,4.02683,0,
-6.3663,-17.3625,4.02700,0,
-6.3663,-17.3525,4.02717,0,
-6.3663,-17.3450,4.02733,0,
-6.3663,-17.3350,4.02750,0,
-6.3663,-17.3275,4.02767,0,
-6.3663,-17.3200,4.02783,0,
-6.3663,-17.3125,4.02800,0,
-6.3663,-17.3025,4.02817,0,
-6.3663,-17.2950,4.02833,0,
-6.3663,-17.2875,4.02850,0,
-6.3663,-17.2775,4.02867,0,
-6.3663,-17.2700,4.02883,0,
-6.3291,-17.2625,4.02900,0,
-6.3663,-17.2550,4.02917,0,
-6.3291,-17.2450,4.02933,0,
-6.3291,-17.2375,4.02950,0,
-6.3291,-17.2300,4.02967,0,
-6.3291,-17.2225,4.02983,0,
-6.3291,-17.2125,4.03000,0,
-6.3291,-17.2050,4.03017,0,
-6.3291,-17.1975,4.03033,0,
-6.3291,-17.1875,4.03050,0,
-6.3291,-17.1800,4.03067,0,
-6.3291,-17.1725,4.03083,0,
-6.3291,-17.1625,4.03100,0,
-6.2919,-17.1550,4.03117,0,
-6.3291,-17.1475,4.03133,0,
-6.2919,-17.1400,4.03150,0,
-6.2919,-17.1300,4.03167,0,
-6.2919,-17.1225,4.03183,0,
-6.2919,-17.1150,4.03200,0,
-6.2919,-17.1050,4.03217,0,
-6.2919,-17.0975,4.03233,0,
-6.2919,-17.0875,4.03250,0,
-6.2919,-17.0800,4.03267,0,
-6.2919,-17.0700,4.03283,0,
-6.2919,-17.0625,4.03300,0,
-6.2919,-17.0550,4.03317,0,
-6.2919,-17.0450,4.03333,0,
-6.2919,-17.0375,4.03350,0,
-6.2547,-17.0275,4.03367,0,
-6.2547,-17.0175,4.03383,0,
-6.2547,-17.0100,4.03400,0,
-6.2547,-17.0025,4.03417,0,
-6.2919,-16.9925,4.03433,0,
-6.2919,-16.9850,4.03450,0,
-6.2919,-16.9775,4.03467,0,
-6.2547,-16.9675,4.03483,0,
-6.2547,-16.9600,4.03500,0,
-6.2547,-16.9525,4.03517,0,
-6.2547,-16.9425,4.03533,0,
-6.2547,-16.9350,4.03550,0,
-6.2547,-16.9275,4.03567,0,
-6.2547,-16.9175,4.03583,0,
-6.2547,-16.9100,4.03600,0,
-6.2547,-16.9025,4.03617,0,
-6.2547,-16.8950,4.03633,0,
-6.2547,-16.8850,4.03650,0,
-6.2547,-16.8775,4.03667,0,
-6.2547,-16.8700,4.03683,0,
-6.2547,-16.8600,4.03700,0,
-6.2547,-16.8525,4.03717,0,
-6.2547,-16.8450,4.03733,0,
-6.2547,-16.8350,4.03750,0,
-6.2547,-16.8275,4.03767,0,
-6.2547,-16.8200,4.03783,0,
-6.2547,-16.8125,4.03800,0,
-6.2547,-16.8025,4.03817,0,
-6.2174,-16.7950,4.03833,0,
-6.2174,-16.7875,4.03850,0,
-6.2174,-16.7800,4.03867,0,
-6.2174,-16.7700,4.03883,0,
-6.2174,-16.7625,4.03900,0,
-6.2174,-16.7525,4.03917,0,
-6.2174,-16.7450,4.03933,0,
-6.2174,-16.7375,4.03950,0,
-6.2174,-16.7275,4.03967,0,
-6.2174,-16.7200,4.03983,0,
-6.2174,-16.7100,4.04000,0,
-6.2174,-16.7025,4.04017,0,
-6.2174,-16.6925,4.04033,0,
-6.1802,-16.6850,4.04050,0,
-6.2174,-16.6750,4.04067,0,
-6.1802,-16.6675,4.04083,0,
-6.1802,-16.6575,4.04100,0,
-6.2174,-16.6500,4.04117,0,
-6.2174,-16.6425,4.04133,0,
-6.2174,-16.6350,4.04150,0,
-6.1802,-16.6275,4.04167,0,
-6.1802,-16.6200,4.04183,0,
-6.1802,-16.6100,4.04200,0,
-6.1802,-16.6025,4.04217,0,
-6.1802,-16.5950,4.04233,0,
-6.1802,-16.5850,4.04250,0,
-6.1802,-16.5775,4.04267,0,
-6.1802,-16.5700,4.04283,0,
-6.2174,-16.5625,4.04300,0,
-6.1802,-16.5525,4.04317,0,
-6.1802,-16.5450,4.04333,0,
-6.1802,-16.5375,4.04350,0,
-6.1802,-16.5275,4.04367,0,
-6.1802,-16.5200,4.04383,0,
-6.1802,-16.5125,4.04400,0,
-6.1802,-16.5050,4.04417,0,
-6.1802,-16.4950,4.04433,0,
-6.1802,-16.4875,4.04450,0,
-6.1802,-16.4800,4.04467,0,
-6.1802,-16.4725,4.04483,0,
-6.1802,-16.4625,4.04500,0,
-6.1802,-16.4550,4.04517,0,
-6.1802,-16.4475,4.04533,0,
-6.1802,-16.4375,4.04550,0,
-6.1802,-16.4300,4.04567,0,
-6.1802,-16.4225,4.04583,0,
-6.1802,-16.4125,4.04600,0,
-6.1802,-16.4050,4.04617,0,
-6.1802,-16.3975,4.04633,0,
-6.1802,-16.3875,4.04650,0,
-6.1802,-16.3800,4.04667,0,
-6.1430,-16.3700,4.04683,0,
-6.1430,-16.3625,4.04700,0,
-6.1430,-16.3550,4.04717,0,
-6.1430,-16.3450,4.04733,0,
-6.1430,-16.3375,4.04750,0,
-6.1430,-16.3275,4.04767,0,
-6.1430,-16.3200,4.04783,0,
-6.1430,-16.3125,4.04800,0,
-6.1430,-16.3050,4.04817,0,
-6.1430,-16.2950,4.04833,0,
-6.1430,-16.2875,4.04850,0,
-6.1430,-16.2800,4.04867,0,
-6.1430,-16.2700,4.04883,0,
-6.1430,-16.2625,4.04900,0,
-6.1430,-16.2550,4.04917,0,
-6.1430,-16.2475,4.04933,0,
-6.1430,-16.2375,4.04950,0,
-6.1430,-16.2300,4.04967,0,
-6.1430,-16.2225,4.04983,0,
-6.1430,-16.2150,4.05000,0,
-6.1430,-16.2050,4.05017,0,
-6.1430,-16.1975,4.05033,0,
-6.1430,-16.1900,4.05050,0,
-6.1430,-16.1800,4.05067,0,
-6.1430,-16.1725,4.05083,0,
-6.1430,-16.1650,4.05100,0,
-6.1430,-16.1575,4.05117,0,
-6.1430,-16.1475,4.05133,0,
-6.1430,-16.1400,4.05150,0,
-6.1430,-16.1325,4.05167,0,
-6.1430,-16.1250,4.05183,0,
-6.1430,-16.1150,4.05200,0,
-6.1057,-16.1075,4.05217,0,
-6.1057,-16.1000,4.05233,0,
-6.1057,-16.0900,4.05250,0,
-6.1430,-16.0825,4.05267,0,
-6.1057,-16.0750,4.05283,0,
-6.1057,-16.0650,4.05300,0,
-6.1057,-16.0575,4.05317,0,
-6.1057,-16.0475,4.05333,0,
-6.1057,-16.0400,4.05350,0,
-6.1057,-16.0325,4.05367,0,
-6.1057,-16.0225,4.05383,0,
-6.1057,-16.0150,4.05400,0,
-6.1057,-16.0050,4.05417,0,
-6.1057,-15.9975,4.05433,0,
-6.1057,-15.9875,4.05450,0,
-6.1057,-15.9800,4.05467,0,
-6.1057,-15.9725,4.05483,0,
-6.1057,-15.9650,4.05500,0,
-6.1057,-15.9575,4.05517,0,
-6.1057,-15.9475,4.05533,0,
-6.1057,-15.9400,4.05550,0,
-6.1057,-15.9325,4.05567,0,
-6.1057,-15.9250,4.05583,0,
-6.1057,-15.9150,4.05600,0,
-6.1057,-15.9075,4.05617,0,
-6.1057,-15.9000,4.05633,0,
-6.1057,-15.8925,4.05650,0,
-6.1057,-15.8825,4.05667,0,
-6.1057,-15.8750,4.05683,0,
-6.1057,-15.8675,4.05700,0,
-6.1057,-15.8600,4.05717,0,
-6.1057,-15.8500,4.05733,0,
-6.1057,-15.8425,4.05750,0,
-6.1057,-15.8350,4.05767,0,
-6.1057,-15.8275,4.05783,0,
-6.1057,-15.8175,4.05800,0,
-6.1057,-15.8100,4.05817,0,
-6.1057,-15.8025,4.05833,0,
-6.1057,-15.7950,4.05850,0,
-6.1057,-15.7875,4.05867,0,
-6.1057,-15.7775,4.05883,0,
-6.1057,-15.7700,4.05900,0,
-6.1057,-15.7600,4.05917,0,
-6.1057,-15.7525,4.05933,0,
-6.1057,-15.7425,4.05950,0,
-6.1057,-15.7350,4.05967,0,
-6.1057,-15.7275,4.05983,0,
-6.1057,-15.7175,4.06000,0,
-6.1057,-15.7100,4.06017,0,
-6.1057,-15.7000,4.06033,0,
-6.1057,-15.6925,4.06050,0,
-6.1057,-15.6825,4.06067,0,
-6.1057,-15.6750,4.06083,0,
-6.1057,-15.6650,4.06100,0,
-6.1057,-15.6575,4.06117,0,
-6.1057,-15.6500,4.06133,0,
-6.1057,-15.6400,4.06150,0,
-6.1057,-15.6325,4.06167,0,
-6.1057,-15.6250,4.06183,0,
-6.1057,-15.6150,4.06200,0,
-6.1057,-15.6075,4.06217,0,
-6.1057,-15.6000,4.06233,0,
-6.1057,-15.5925,4.06250,0,
-6.1057,-15.5825,4.06267,0,
-6.1057,-15.5750,4.06283,0,
-6.1057,-15.5675,4.06300,0,
-6.1057,-15.5600,4.06317,0,
-6.1057,-15.5500,4.06333,0,
-6.1057,-15.5425,4.06350,0,
-6.1057,-15.5350,4.06367,0,
-6.1057,-15.5250,4.06383,0,
-6.1057,-15.5175,4.06400,0,
-6.1057,-15.5075,4.06417,0,
-6.1057,-15.5000,4.06433,0,
-6.0685,-15.4925,4.06450,0,
-6.1057,-15.4850,4.06467,0,
-6.0685,-15.4750,4.06483,0,
-6.1057,-15.4675,4.06500,0,
-6.1057,-15.4600,4.06517,0,
-6.1057,-15.4525,4.06533,0,
-6.1057,-15.4425,4.06550,0,
-6.1057,-15.4350,4.06567,0,
-6.1057,-15.4250,4.06583,0,
-6.1057,-15.4200,4.06600,0,
-6.0685,-15.4100,4.06617,0,
-6.1057,-15.4025,4.06633,0,
-6.1057,-15.3925,4.06650,0,
-6.1057,-15.3850,4.06667,0,
-6.1057,-15.3750,4.06683,0,
-6.1057,-15.3675,4.06700,0,
-6.1057,-15.3575,4.06717,0,
-6.0685,-15.3500,4.06733,0,
-6.1057,-15.3400,4.06750,0,
-6.1057,-15.3325,4.06767,0,
-6.1057,-15.3250,4.06783,0,
-6.1057,-15.3150,4.06800,0,
-6.1057,-15.3075,4.06817,0,
-6.1057,-15.3000,4.06833,0,
-6.1057,-15.2925,4.06850,0,
-6.1057,-15.2825,4.06867,0,
-6.1057,-15.2750,4.06883,0,
-6.1057,-15.2650,4.06900,0,
-6.1057,-15.2575,4.06917,0,
-6.1057,-15.2500,4.06933,0,
-6.1057,-15.2425,4.06950,0,
-6.1057,-15.2325,4.06967,0,
-6.1057,-15.2250,4.06983,0,
-6.1057,-15.2175,4.07000,0,
-6.1057,-15.2075,4.07017,0,
-6.1057,-15.2000,4.07033,0,
-6.1057,-15.1900,4.07050,0,
-6.1057,-15.1825,4.07067,0,
-6.1057,-15.1750,4.07083,0,
-6.1057,-15.1650,4.07100,0,
-6.1057,-15.1575,4.07117,0,
-6.1057,-15.1500,4.07133,0,
-6.1057,-15.1425,4.07150,0,
-6.1057,-15.1325,4.07167,0,
-6.1057,-15.1250,4.07183,0,
-6.1057,-15.1175,4.07200,0,
-6.1057,-15.1075,4.07217,0,
-6.1057,-15.1000,4.07233,0,
-6.1057,-15.0925,4.07250,0,
-6.1057,-15.0825,4.07267,0,
-6.1057,-15.0750,4.07283,0,
-6.1057,-15.0650,4.07300,0,
-6.1057,-15.0575,4.07317,0,
-6.1057,-15.0475,4.07333,0,
-6.1057,-15.0375,4.07350,0,
-6.1057,-15.0300,4.07367,0,
-6.1057,-15.0200,4.07383,0,
-6.1057,-15.0125,4.07400,0,
-6.1057,-15.0025,4.07417,0,
-6.1057,-14.9950,4.07433,0,
-6.1057,-14.9875,4.07450,0,
-6.1057,-14.9775,4.07467,0,
-6.1057,-14.9700,4.07483,0,
-6.1057,-14.9625,4.07500,0,
-6.1057,-14.9550,4.07517,0,
-6.1057,-14.9450,4.07533,0,
-6.1057,-14.9375,4.07550,0,
-6.1057,-14.9300,4.07567,0,
-6.1057,-14.9225,4.07583,0,
-6.1057,-14.9125,4.07600,0,
-6.1057,-14.9050,4.07617,0,
-6.1057,-14.8975,4.07633,0,
-6.1057,-14.8875,4.07650,0,
-6.1057,-14.8800,4.07667,0,
-6.1057,-14.8725,4.07683,0,
-6.1057,-14.8650,4.07700,0,
-6.1057,-14.8550,4.07717,0,
-6.1057,-14.8475,4.07733,0,
-6.1057,-14.8400,4.07750,0,
-6.1057,-14.8300,4.07767,0,
-6.1057,-14.8225,4.07783,0,
-6.1057,-14.8150,4.07800,0,
-6.1057,-14.8075,4.07817,0,
-6.1057,-14.7975,4.07833,0,
-6.1057,-14.7900,4.07850,0,
-6.1057,-14.7825,4.07867,0,
-6.1057,-14.7725,4.07883,0,
-6.1057,-14.7650,4.07900,0,
-6.1057,-14.7550,4.07917,0,
-6.1057,-14.7475,4.07933,0,
-6.1057,-14.7375,4.07950,0,
-6.1057,-14.7300,4.07967,0,
-6.1057,-14.7225,4.07983,0,
-6.1057,-14.7125,4.08000,0,
-6.1057,-14.7050,4.08017,0,
-6.1057,-14.6950,4.08033,0,
-6.1430,-14.6875,4.08050,0,
-6.1057,-14.6775,4.08067,0,
-6.1057,-14.6700,4.08083,0,
-6.1057,-14.6625,4.08100,0,
-6.1057,-14.6525,4.08117,0,
-6.1057,-14.6450,4.08133,0,
-6.1057,-14.6375,4.08150,0,
-6.1057,-14.6275,4.08167,0,
-6.1057,-14.6200,4.08183,0,
-6.1057,-14.6125,4.08200,0,
-6.1057,-14.6025,4.08217,0,
-6.1057,-14.5950,4.08233,0,
-6.1430,-14.5875,4.08250,0,
-6.1057,-14.5775,4.08267,0,
-6.1430,-14.5700,4.08283,0,
-6.1057,-14.5625,4.08300,0,
-6.1057,-14.5525,4.08317,0,
-6.1057,-14.5450,4.08333,0,
-6.1430,-14.5375,4.08350,0,
-6.1057,-14.5275,4.08367,0,
-6.1057,-14.5200,4.08383,0,
-6.1430,-14.5100,4.08400,0,
-6.1430,-14.5025,4.08417,0,
-6.1430,-14.4950,4.08433,0,
-6.1430,-14.4850,4.08450,0,
-6.1430,-14.4775,4.08467,0,
-6.1430,-14.4700,4.08483,0,
-6.1430,-14.4600,4.08500,0,
-6.1430,-14.4525,4.08517,0,
-6.1430,-14.4425,4.08533,0,
-6.1430,-14.4350,4.08550,0,
-6.1430,-14.4275,4.08567,0,
-6.1430,-14.4175,4.08583,0,
-6.1430,-14.4100,4.08600,0,
-6.1430,-14.4000,4.08617,0,
-6.1430,-14.3925,4.08633,0,
-6.1430,-14.3825,4.08650,0,
-6.1430,-14.3750,4.08667,0,
-6.1430,-14.3675,4.08683,0,
-6.1430,-14.3575,4.08700,0,
-6.1430,-14.3475,4.08717,0,
-6.1802,-14.3400,4.08733,0,
-6.1802,-14.3325,4.08750,0,
-6.1802,-14.3225,4.08767,0,
-6.1802,-14.3150,4.08783,0,
-6.1802,-14.3075,4.08800,0,
-6.1430,-14.2975,4.08817,0,
-6.1802,-14.2900,4.08833,0,
-6.1430,-14.2825,4.08850,0,
-6.1430,-14.2725,4.08867,0,
-6.1802,-14.2650,4.08883,0,
-6.1802,-14.2575,4.08900,0,
-6.1802,-14.2500,4.08917,0,
-6.1802,-14.2400,4.08933,0,
-6.1802,-14.2325,4.08950,0,
-6.1802,-14.2250,4.08967,0,
-6.1802,-14.2150,4.08983,0,
-6.1802,-14.2075,4.09000,0,
-6.1802,-14.2000,4.09017,0,
-6.1802,-14.1900,4.09033,0,
-6.1802,-14.1825,4.09050,0,
-6.1802,-14.1725,4.09067,0,
-6.1802,-14.1650,4.09083,0,
-6.1802,-14.1575,4.09100,0,
-6.1802,-14.1475,4.09117,0,
-6.1802,-14.1400,4.09133,0,
-6.1802,-14.1325,4.09150,0,
-6.1802,-14.1250,4.09167,0,
-6.1802,-14.1150,4.09183,0,
-6.1802,-14.1075,4.09200,0,
-6.1802,-14.0975,4.09217,0,
-6.1802,-14.0900,4.09233,0,
-6.1802,-14.0825,4.09250,0,
-6.2174,-14.0725,4.09267,0,
-6.1802,-14.0650,4.09283,0,
-6.2174,-14.0550,4.09300,0,
-6.1802,-14.0475,4.09317,0,
-6.1802,-14.0375,4.09333,0,
-6.1802,-14.0300,4.09350,0,
-6.2174,-14.0200,4.09367,0,
-6.2174,-14.0125,4.09383,0,
-6.2174,-14.0025,4.09400,0,
-6.2174,-13.9950,4.09417,0,
-6.2174,-13.9875,4.09433,0,
-6.2174,-13.9775,4.09450,0,
-6.2174,-13.9700,4.09467,0,
-6.2174,-13.9625,4.09483,0,
-6.2174,-13.9525,4.09500,0,
-6.2174,-13.9450,4.09517,0,
-6.2174,-13.9375,4.09533,0,
-6.2174,-13.9275,4.09550,0,
-6.2174,-13.9200,4.09567,0,
-6.2174,-13.9125,4.09583,0,
-6.2174,-13.9050,4.09600,0,
-6.2174,-13.8950,4.09617,0,
-6.2174,-13.8875,4.09633,0,
-6.2174,-13.8775,4.09650,0,
-6.2547,-13.8700,4.09667,0,
-6.2547,-13.8625,4.09683,0,
-6.2174,-13.8525,4.09700,0,
-6.2547,-13.8450,4.09717,0,
-6.2547,-13.8375,4.09733,0,
-6.2547,-13.8275,4.09750,0,
-6.2547,-13.8200,4.09767,0,
-6.2547,-13.8125,4.09783,0,
-6.2547,-13.8050,4.09800,0,
-6.2547,-13.7950,4.09817,0,
-6.2547,-13.7875,4.09833,0,
-6.2547,-13.7800,4.09850,0,
-6.2547,-13.7700,4.09867,0,
-6.2919,-13.7625,4.09883,0,
-6.2919,-13.7550,4.09900,0,
-6.2547,-13.7450,4.09917,0,
-6.2547,-13.7375,4.09933,0,
-6.2919,-13.7300,4.09950,0,
-6.2919,-13.7200,4.09967,0,
-6.2919,-13.7125,4.09983,0,
-6.2919,-13.7025,4.10000,0,
-6.2919,-13.6950,4.10017,0,
-6.2919,-13.6850,4.10033,0,
-6.2919,-13.6775,4.10050,0,
-6.2919,-13.6675,4.10067,0,
-6.2919,-13.6600,4.10083,0,
-6.2919,-13.6525,4.10100,0,
-6.3291,-13.6425,4.10117,0,
-6.2919,-13.6350,4.10133,0,
-6.3291,-13.6275,4.10150,0,
-6.3291,-13.6175,4.10167,0,
-6.3291,-13.6100,4.10183,0,
-6.3291,-13.6025,4.10200,0,
-6.3291,-13.5925,4.10217,0,
-6.3291,-13.5850,4.10233,0,
-6.3291,-13.5775,4.10250,0,
-6.3291,-13.5700,4.10267,0,
-6.3291,-13.5600,4.10283,0,
-6.3291,-13.5525,4.10300,0,
-6.3663,-13.5425,4.10317,0,
-6.3663,-13.5350,4.10333,0,
-6.3663,-13.5275,4.10350,0,
-6.3663,-13.5175,4.10367,0,
-6.3663,-13.5100,4.10383,0,
-6.3663,-13.5025,4.10400,0,
-6.3663,-13.4950,4.10417,0,
-6.3663,-13.4875,4.10433,0,
-6.3663,-13.4775,4.10450,0,
-6.3663,-13.4700,4.10467,0,
-6.3663,-13.4625,4.10483,0,
-6.4036,-13.4550,4.10500,0,
-6.3663,-13.4450,4.10517,0,
-6.3663,-13.4375,4.10533,0,
-6.4036,-13.4300,4.10550,0,
-6.4036,-13.4225,4.10567,0,
-6.4036,-13.4125,4.10583,0,
-6.4036,-13.4050,4.10600,0,
-6.4036,-13.3950,4.10617,0,
-6.4036,-13.3875,4.10633,0,
-6.4036,-13.3775,4.10650,0,
-6.4036,-13.3700,4.10667,0,
-6.4036,-13.3600,4.10683,0,
-6.4036,-13.3525,4.10700,0,
-6.4036,-13.3450,4.10717,0,
-6.4036,-13.3350,4.10733,0,
-6.4036,-13.3275,4.10750,0,
-6.4036,-13.3200,4.10767,0,
-6.4408,-13.3100,4.10783,0,
-6.4408,-13.3025,4.10800,0,
-6.4408,-13.2950,4.10817,0,
-6.4408,-13.2875,4.10833,0,
-6.4408,-13.2775,4.10850,0,
-6.4408,-13.2700,4.10867,0,
-6.4408,-13.2600,4.10883,0,
-6.4408,-13.2525,4.10900,0,
-6.4408,-13.2450,4.10917,0,
-6.4408,-13.2350,4.10933,0,
-6.4780,-13.2275,4.10950,0,
-6.4408,-13.2200,4.10967,0,
-6.4780,-13.2100,4.10983,0,
-6.4780,-13.2025,4.11000,0,
-6.4780,-13.1950,4.11017,0,
-6.4780,-13.1850,4.11033,0,
-6.4780,-13.1775,4.11050,0,
-6.4780,-13.1700,4.11067,0,
-6.4780,-13.1600,4.11083,0,
-6.4780,-13.1525,4.11100,0,
-6.4780,-13.1450,4.11117,0,
-6.4780,-13.1375,4.11133,0,
-6.5153,-13.1300,4.11150,0,
-6.5153,-13.1225,4.11167,0,
-6.5153,-13.1125,4.11183,0,
-6.5153,-13.1050,4.11200,0,
-6.5153,-13.0975,4.11217,0,
-6.5153,-13.0875,4.11233,0,
-6.5153,-13.0800,4.11250,0,
-6.5153,-13.0700,4.11267,0,
-6.5525,-13.0625,4.11283,0,
-6.5525,-13.0525,4.11300,0,
-6.5525,-13.0450,4.11317,0,
-6.5525,-13.0375,4.11333,0,
-6.5525,-13.0275,4.11350,0,
-6.5525,-13.0175,4.11367,0,
-6.5525,-13.0100,4.11383,0,
-6.5525,-13.0025,4.11400,0,
-6.5525,-12.9925,4.11417,0,
-6.5897,-12.9850,4.11433,0,
-6.5897,-12.9775,4.11450,0,
-6.5897,-12.9675,4.11467,0,
-6.5897,-12.9600,4.11483,0,
-6.5897,-12.9525,4.11500,0,
-6.5897,-12.9425,4.11517,0,
-6.5897,-12.9350,4.11533,0,
-6.5897,-12.9275,4.11550,0,
-6.6270,-12.9175,4.11567,0,
-6.5897,-12.9100,4.11583,0,
-6.5897,-12.9025,4.11600,0,
-6.5897,-12.8925,4.11617,0,
-6.5897,-12.8850,4.11633,0,
-6.5897,-12.8750,4.11650,0,
-6.6270,-12.8675,4.11667,0,
-6.6270,-12.8600,4.11683,0,
-6.6270,-12.8500,4.11700,0,
-6.6270,-12.8425,4.11717,0,
-6.6270,-12.8325,4.11733,0,
-6.6270,-12.8250,4.11750,0,
-6.6642,-12.8175,4.11767,0,
-6.6642,-12.8075,4.11783,0,
-6.6642,-12.8000,4.11800,0,
-6.6642,-12.7925,4.11817,0,
-6.6642,-12.7850,4.11833,0,
-6.6642,-12.7750,4.11850,0,
-6.6642,-12.7675,4.11867,0,
-6.6642,-12.7600,4.11883,0,
-6.6642,-12.7500,4.11900,0,
-6.6642,-12.7425,4.11917,0,
-6.7014,-12.7325,4.11933,0,
-6.6642,-12.7250,4.11950,0,
-6.7014,-12.7150,4.11967,0,
-6.7014,-12.7075,4.11983,0,
-6.7014,-12.6975,4.12000,0,
-6.7014,-12.6900,4.12017,0,
-6.7014,-12.6800,4.12033,0,
-6.7014,-12.6725,4.12050,0,
-6.7386,-12.6625,4.12067,0,
-6.7014,-12.6550,4.12083,0,
-6.7386,-12.6475,4.12100,0,
-6.7386,-12.6400,4.12117,0,
-6.7386,-12.6300,4.12133,0,
-6.7386,-12.6225,4.12150,0,
-6.7386,-12.6150,4.12167,0,
-6.7386,-12.6050,4.12183,0,
-6.7386,-12.5975,4.12200,0,
-6.7386,-12.5900,4.12217,0,
-6.7759,-12.5825,4.12233,0,
-6.7759,-12.5725,4.12250,0,
-6.7759,-12.5650,4.12267,0,
-6.7759,-12.5550,4.12283,0,
-6.7759,-12.5475,4.12300,0,
-6.7759,-12.5400,4.12317,0,
-6.7759,-12.5300,4.12333,0,
-6.7759,-12.5225,4.12350,0,
-6.8131,-12.5125,4.12367,0,
-6.8131,-12.5050,4.12383,0,
-6.8131,-12.4975,4.12400,0,
-6.8131,-12.4875,4.12417,0,
-6.8131,-12.4800,4.12433,0,
-6.8503,-12.4725,4.12450,0,
-6.8503,-12.4625,4.12467,0,
-6.8503,-12.4550,4.12483,0,
-6.8503,-12.4475,4.12500,0,
-6.8503,-12.4375,4.12517,0,
-6.8503,-12.4300,4.12533,0,
-6.8503,-12.4225,4.12550,0,
-6.8876,-12.4125,4.12567,0,
-6.8876,-12.4050,4.12583,0,
-6.8876,-12.3975,4.12600,0,
-6.8876,-12.3875,4.12617,0,
-6.8876,-12.3800,4.12633,0,
-6.8876,-12.3700,4.12650,0,
-6.9248,-12.3625,4.12667,0,
-6.9248,-12.3525,4.12683,0,
-6.9248,-12.3450,4.12700,0,
-6.9248,-12.3375,4.12717,0,
-6.9248,-12.3275,4.12733,0,
-6.9248,-12.3200,4.12750,0,
-6.9248,-12.3125,4.12767,0,
-6.9248,-12.3025,4.12783,0,
-6.9248,-12.2950,4.12800,0,
-6.9620,-12.2875,4.12817,0,
-6.9620,-12.2775,4.12833,0,
-6.9620,-12.2700,4.12850,0,
-6.9620,-12.2625,4.12867,0,
-6.9620,-12.2550,4.12883,0,
-6.9620,-12.2450,4.12900,0,
-6.9620,-12.2375,4.12917,0,
-6.9620,-12.2300,4.12933,0,
-6.9993,-12.2225,4.12950,0,
-6.9620,-12.2125,4.12967,0,
-6.9993,-12.2050,4.12983,0,
-6.9993,-12.1975,4.13000,0,
-6.9993,-12.1900,4.13017,0,
-6.9993,-12.1825,4.13033,0,
-6.9993,-12.1725,4.13050,0,
-6.9993,-12.1650,4.13067,0,
-6.9993,-12.1575,4.13083,0,
-7.0365,-12.1500,4.13100,0,
-7.0365,-12.1425,4.13117,0,
-7.0365,-12.1325,4.13133,0,
-7.0365,-12.1250,4.13150,0,
-7.0365,-12.1175,4.13167,0,
-7.0365,-12.1100,4.13183,0,
-7.0737,-12.1000,4.13200,0,
-7.0737,-12.0925,4.13217,0,
-7.0737,-12.0850,4.13233,0,
-7.0737,-12.0750,4.13250,0,
-7.0737,-12.0675,4.13267,0,
-7.0737,-12.0575,4.13283,0,
-7.0737,-12.0500,4.13300,0,
-7.0737,-12.0400,4.13317,0,
-7.0737,-12.0325,4.13333,0,
-7.1109,-12.0225,4.13350,0,
-7.1109,-12.0150,4.13367,0,
-7.1109,-12.0075,4.13383,0,
-7.1109,-11.9975,4.13400,0,
-7.1109,-11.9900,4.13417,0,
-7.1482,-11.9825,4.13433,0,
-7.1482,-11.9725,4.13450,0,
-7.1482,-11.9650,4.13467,0,
-7.1482,-11.9575,4.13483,0,
-7.1482,-11.9475,4.13500,0,
-7.1482,-11.9400,4.13517,0,
-7.1482,-11.9300,4.13533,0,
-7.1482,-11.9225,4.13550,0,
-7.1482,-11.9150,4.13567,0,
-7.1854,-11.9050,4.13583,0,
-7.1854,-11.8975,4.13600,0,
-7.1854,-11.8900,4.13617,0,
-7.1854,-11.8800,4.13633,0,
-7.1854,-11.8725,4.13650,0,
-7.2226,-11.8650,4.13667,0,
-7.2226,-11.8550,4.13683,0,
-7.2226,-11.8475,4.13700,0,
-7.2226,-11.8400,4.13717,0,
-7.2226,-11.8300,4.13733,0,
-7.2599,-11.8225,4.13750,0,
-7.2599,-11.8150,4.13767,0,
-7.2599,-11.8075,4.13783,0,
-7.2599,-11.7975,4.13800,0,
-7.2599,-11.7900,4.13817,0,
-7.2599,-11.7825,4.13833,0,
-7.2599,-11.7725,4.13850,0,
-7.2971,-11.7650,4.13867,0,
-7.2971,-11.7575,4.13883,0,
-7.2971,-11.7500,4.13900,0,
-7.2971,-11.7400,4.13917,0,
-7.2971,-11.7325,4.13933,0,
-7.2971,-11.7250,4.13950,0,
-7.2971,-11.7150,4.13967,0,
-7.2971,-11.7075,4.13983,0,
-7.2971,-11.6975,4.14000,0,
-7.2971,-11.6900,4.14017,0,
-7.3343,-11.6800,4.14033,0,
-7.3343,-11.6725,4.14050,0,
-7.3343,-11.6650,4.14067,0,
-7.3343,-11.6550,4.14083,0,
-7.3716,-11.6475,4.14100,0,
-7.3716,-11.6400,4.14117,0,
-7.3716,-11.6325,4.14133,0,
-7.3716,-11.6250,4.14150,0,
-7.3716,-11.6175,4.14167,0,
-7.3716,-11.6075,4.14183,0,
-7.4088,-11.6000,4.14200,0,
-7.4088,-11.5925,4.14217,0,
-7.4088,-11.5850,4.14233,0,
-7.4088,-11.5750,4.14250,0,
-7.4088,-11.5675,4.14267,0,
-7.4460,-11.5600,4.14283,0,
-7.4460,-11.5500,4.14300,0,
-7.4460,-11.5425,4.14317,0,
-7.4460,-11.5350,4.14333,0,
-7.4460,-11.5250,4.14350,0,
-7.4460,-11.5175,4.14367,0,
-7.4460,-11.5100,4.14383,0,
-7.4460,-11.5000,4.14400,0,
-7.4460,-11.4925,4.14417,0,
-7.4832,-11.4850,4.14433,0,
-7.4832,-11.4775,4.14450,0,
-7.4832,-11.4700,4.14467,0,
-7.4832,-11.4600,4.14483,0,
-7.5205,-11.4525,4.14500,0,
-7.5205,-11.4450,4.14517,0,
-7.5205,-11.4350,4.14533,0,
-7.5205,-11.4275,4.14550,0,
-7.5205,-11.4200,4.14567,0,
-7.5205,-11.4100,4.14583,0,
-7.5205,-11.4025,4.14600,0,
-7.5205,-11.3950,4.14617,0,
-7.5205,-11.3850,4.14633,0,
-7.5577,-11.3775,4.14650,0,
-7.5577,-11.3700,4.14667,0,
-7.5577,-11.3600,4.14683,0,
-7.5577,-11.3525,4.14700,0,
-7.5577,-11.3425,4.14717,0,
-7.5949,-11.3350,4.14733,0,
-7.5949,-11.3275,4.14750,0,
-7.5949,-11.3175,4.14767,0,
-7.5949,-11.3100,4.14783,0,
-7.5949,-11.3025,4.14800,0,
-7.5949,-11.2950,4.14817,0,
-7.6322,-11.2850,4.14833,0,
-7.6322,-11.2775,4.14850,0,
-7.6322,-11.2700,4.14867,0,
-7.6322,-11.2625,4.14883,0,
-7.6322,-11.2525,4.14900,0,
-7.6694,-11.2450,4.14917,0,
-7.6694,-11.2375,4.14933,0,
-7.6694,-11.2300,4.14950,0,
-7.6694,-11.2225,4.14967,0,
-7.6694,-11.2125,4.14983,0,
-7.7066,-11.2050,4.15000,0,
-7.7066,-11.1975,4.15017,0,
-7.7066,-11.1900,4.15033,0,
-7.7439,-11.1800,4.15050,0,
-7.7439,-11.1725,4.15067,0,
-7.7439,-11.1650,4.15083,0,
-7.7439,-11.1575,4.15100,0,
-7.7439,-11.1500,4.15117,0,
-7.7811,-11.1400,4.15133,0,
-7.7811,-11.1325,4.15150,0,
-7.7811,-11.1250,4.15167,0,
-7.7811,-11.1175,4.15183,0,
-7.7811,-11.1075,4.15200,0,
-7.8183,-11.1000,4.15217,0,
-7.8183,-11.0925,4.15233,0,
-7.8183,-11.0825,4.15250,0,
-7.8183,-11.0750,4.15267,0,
-7.8555,-11.0675,4.15283,0,
-7.8555,-11.0575,4.15300,0,
-7.8555,-11.0500,4.15317,0,
-7.8555,-11.0400,4.15333,0,
-7.8555,-11.0325,4.15350,0,
-7.8555,-11.0225,4.15367,0,
-7.8928,-11.0150,4.15383,0,
-7.8928,-11.0075,4.15400,0,
-7.9300,-10.9975,4.15417,0,
-7.9300,-10.9900,4.15433,0,
-7.9300,-10.9825,4.15450,0,
-7.9300,-10.9750,4.15467,0,
-7.9300,-10.9650,4.15483,0,
-7.9672,-10.9575,4.15500,0,
-7.9672,-10.9500,4.15517,0,
-7.9672,-10.9400,4.15533,0,
-8.0045,-10.9325,4.15550,0,
-8.0045,-10.9250,4.15567,0,
-8.0045,-10.9175,4.15583,0,
-8.0417,-10.9075,4.15600,0,
-8.0417,-10.9000,4.15617,0,
-8.0417,-10.8925,4.15633,0,
-8.0417,-10.8850,4.15650,0,
-8.0789,-10.8750,4.15667,0,
-8.0789,-10.8675,4.15683,0,
-8.0789,-10.8600,4.15700,0,
-8.1162,-10.8500,4.15717,0,
-8.1534,-10.8425,4.15733,0,
-8.1534,-10.8350,4.15750,0,
-8.1906,-10.8275,4.15767,0,
-8.1906,-10.8200,4.15783,0,
-8.2278,-10.8100,4.15800,0,
-8.2651,-10.8025,4.15817,0,
-8.3023,-10.7950,4.15833,0,
-8.3395,-10.7850,4.15850,0,
-8.4140,-10.7775,4.15867,0,
-8.4512,-10.7700,4.15883,0,
-8.4512,-10.7600,4.15900,0,
-8.4140,-10.7525,4.15917,0,
-8.4140,-10.7450,4.15933,0,
-8.4512,-10.7375,4.15950,0,
-8.4885,-10.7275,4.15967,0,
-8.4885,-10.7200,4.15983,0,
-8.5257,-10.7100,4.16000,0,
-8.5257,-10.7025,4.16017,0,
-8.5257,-10.6950,4.16033,0,
-8.5629,-10.6850,4.16050,0,
-8.5629,-10.6775,4.16067,0,
-8.6001,-10.6675,4.16083,0,
-8.6001,-10.6600,4.16100,0,
-8.6374,-10.6525,4.16117,0,
-8.6374,-10.6450,4.16133,0,
-8.6746,-10.6350,4.16150,0,
-8.7118,-10.6275,4.16167,0,
-8.7118,-10.6200,4.16183,0,
-8.7118,-10.6100,4.16200,0,
-8.7118,-10.6025,4.16217,0,
-8.7491,-10.5950,4.16233,0,
-8.7118,-10.5875,4.16250,0,
-8.7118,-10.5775,4.16267,0,
-8.7491,-10.5700,4.16283,0,
-8.7118,-10.5625,4.16300,0,
-8.7118,-10.5550,4.16317,0,
-8.7118,-10.5450,4.16333,0,
-8.7491,-10.5375,4.16350,0,
-8.7118,-10.5300,4.16367,0,
-8.7491,-10.5200,4.16383,0,
-8.7491,-10.5125,4.16400,0,
-8.7863,-10.5050,4.16417,0,
-8.7863,-10.4975,4.16433,0,
-8.8235,-10.4875,4.16450,0,
-8.8235,-10.4800,4.16467,0,
-8.8608,-10.4725,4.16483,0,
-8.8608,-10.4650,4.16500,0,
-8.8980,-10.4575,4.16517,0,
-8.8980,-10.4475,4.16533,0,
-8.8980,-10.4400,4.16550,0,
-8.9352,-10.4325,4.16567,0,
-8.9725,-10.4225,4.16583,0,
-8.9725,-10.4150,4.16600,0,
-9.0097,-10.4075,4.16617,0,
-9.0097,-10.3975,4.16633,0,
-9.0097,-10.3900,4.16650,0,
-9.0469,-10.3800,4.16667,0,
-9.0469,-10.3725,4.16683,0,
-9.0469,-10.3650,4.16700,0,
-9.0841,-10.3550,4.16717,0,
-9.0841,-10.3475,4.16733,0,
-9.1214,-10.3400,4.16750,0,
-9.0841,-10.3300,4.16767,0,
-9.1214,-10.3225,4.16783,0,
-9.1214,-10.3150,4.16800,0,
-9.1214,-10.3075,4.16817,0,
-9.1586,-10.2975,4.16833,0,
-9.1586,-10.2900,4.16850,0,
-9.1586,-10.2825,4.16867,0,
-9.1586,-10.2725,4.16883,0,
-9.1958,-10.2650,4.16900,0,
-9.1586,-10.2575,4.16917,0,
-9.1586,-10.2500,4.16933,0,
-9.1586,-10.2400,4.16950,0,
-9.1958,-10.2325,4.16967,0,
-9.1958,-10.2250,4.16983,0,
-9.1958,-10.2150,4.17000,0,
-9.2331,-10.2075,4.17017,0,
-9.2331,-10.2000,4.17033,0,
-9.2331,-10.1900,4.17050,0,
-9.2331,-10.1825,4.17067,0,
-9.2703,-10.1750,4.17083,0,
-9.2703,-10.1675,4.17100,0,
-9.2703,-10.1575,4.17117,0,
-9.3075,-10.1500,4.17133,0,
-9.3075,-10.1425,4.17150,0,
-9.3075,-10.1350,4.17167,0,
-9.3075,-10.1250,4.17183,0,
-9.3075,-10.1175,4.17200,0,
-9.3447,-10.1100,4.17217,0,
-9.3447,-10.1000,4.17233,0,
-9.3447,-10.0925,4.17250,0,
-9.3447,-10.0825,4.17267,0,
-9.3447,-10.0750,4.17283,0,
-9.3447,-10.0675,4.17300,0,
-9.3447,-10.0575,4.17317,0,
-9.3820,-10.0500,4.17333,0,
-9.3447,-10.0400,4.17350,0,
-9.3447,-10.0325,4.17367,0,
-9.3447,-10.0225,4.17383,0,
-9.3820,-10.0150,4.17400,0,
-9.4192,-10.0075,4.17417,0,
-9.4564,-9.9975,4.17433,0,
-9.4564,-9.9900,4.17450,0,
-9.4937,-9.9825,4.17467,0,
-9.4937,-9.9725,4.17483,0,
-9.4937,-9.9650,4.17500,0,
-9.5309,-9.9575,4.17517,0,
-9.5309,-9.9475,4.17533,0,
-9.5681,-9.9400,4.17550,0,
-9.5681,-9.9325,4.17567,0,
-9.5681,-9.9225,4.17583,0,
-9.6054,-9.9150,4.17600,0,
-9.6054,-9.9075,4.17617,0,
-9.6426,-9.8975,4.17633,0,
-9.6426,-9.8900,4.17650,0,
-9.6798,-9.8825,4.17667,0,
-9.6798,-9.8725,4.17683,0,
-9.6798,-9.8650,4.17700,0,
-9.6798,-9.8575,4.17717,0,
-9.7171,-9.8475,4.17733,0,
-9.7171,-9.8400,4.17750,0,
-9.7171,-9.8325,4.17767,0,
-9.7171,-9.8225,4.17783,0,
-9.7171,-9.8150,4.17800,0,
-9.7171,-9.8075,4.17817,0,
-9.7171,-9.8000,4.17833,0,
-9.7543,-9.7900,4.17850,0,
-9.7543,-9.7825,4.17867,0,
-9.7543,-9.7750,4.17883,0,
-9.7543,-9.7650,4.17900,0,
-9.7543,-9.7575,4.17917,0,
-9.7543,-9.7475,4.17933,0,
-9.7543,-9.7400,4.17950,0,
-9.7915,-9.7325,4.17967,0,
-9.7915,-9.7225,4.17983,0,
-9.7915,-9.7150,4.18000,0,
-9.7915,-9.7075,4.18017,0,
-9.7915,-9.6975,4.18033,0,
-9.7915,-9.6900,4.18050,0,
-9.7915,-9.6800,4.18067,0,
-9.8287,-9.6725,4.18083,0,
-9.8287,-9.6650,4.18100,0,
-9.8287,-9.6550,4.18117,0,
-9.8287,-9.6475,4.18133,0,
-9.8287,-9.6400,4.18150,0,
-9.8287,-9.6300,4.18167,0,
-9.8660,-9.6225,4.18183,0,
-9.8287,-9.6150,4.18200,0,
-9.8660,-9.6050,4.18217,0,
-9.8287,-9.5975,4.18233,0,
-9.8287,-9.5900,4.18250,0,
-9.8287,-9.5825,4.18267,0,
-9.8287,-9.5725,4.18283,0,
-9.8660,-9.5650,4.18300,0,
-9.8660,-9.5575,4.18317,0,
-9.9032,-9.5475,4.18333,0,
-9.9404,-9.5400,4.18350,0,
-9.9404,-9.5325,4.18367,0,
-9.9777,-9.5250,4.18383,0,
-9.9777,-9.5150,4.18400,0,
-9.9777,-9.5075,4.18417,0,
-9.9777,-9.5000,4.18433,0,
-10.0149,-9.4900,4.18450,0,
-10.0149,-9.4825,4.18467,0,
-10.0149,-9.4750,4.18483,0,
-10.0521,-9.4675,4.18500,0,
-10.0521,-9.4575,4.18517,0,
-10.0521,-9.4500,4.18533,0,
-10.0894,-9.4425,4.18550,0,
-10.0894,-9.4325,4.18567,0,
-10.0894,-9.4250,4.18583,0,
-10.0894,-9.4175,4.18600,0,
-10.0894,-9.4075,4.18617,0,
-10.0894,-9.4000,4.18633,0,
-10.0894,-9.3925,4.18650,0,
-10.0894,-9.3825,4.18667,0,
-10.0894,-9.3750,4.18683,0,
-10.0894,-9.3675,4.18700,0,
-10.0894,-9.3575,4.18717,0,
-10.1266,-9.3500,4.18733,0,
-10.1266,-9.3400,4.18750,0,
-10.1266,-9.3325,4.18767,0,
-10.1638,-9.3250,4.18783,0,
-10.1638,-9.3150,4.18800,0,
-10.1638,-9.3075,4.18817,0,
-10.2010,-9.3000,4.18833,0,
-10.2383,-9.2900,4.18850,0,
-10.2383,-9.2825,4.18867,0,
-10.2383,-9.2750,4.18883,0,
-10.2755,-9.2650,4.18900,0,
-10.2755,-9.2575,4.18917,0,
-10.3127,-9.2500,4.18933,0,
-10.3127,-9.2400,4.18950,0,
-10.3500,-9.2325,4.18967,0,
-10.3500,-9.2250,4.18983,0,
-10.3872,-9.2150,4.19000,0,
-10.3872,-9.2075,4.19017,0,
-10.4244,-9.2000,4.19033,0,
-10.4244,-9.1900,4.19050,0,
-10.4617,-9.1825,4.19067,0,
-10.4617,-9.1725,4.19083,0,
-10.4989,-9.1650,4.19100,0,
-10.5361,-9.1575,4.19117,0,
-10.5361,-9.1500,4.19133,0,
-10.5361,-9.1425,4.19150,0,
-10.5733,-9.1325,4.19167,0,
-10.5733,-9.1250,4.19183,0,
-10.6106,-9.1175,4.19200,0,
-10.6106,-9.1075,4.19217,0,
-10.6106,-9.1000,4.19233,0,
-10.6478,-9.0925,4.19250,0,
-10.6478,-9.0825,4.19267,0,
-10.6478,-9.0750,4.19283,0,
-10.6850,-9.0650,4.19300,0,
-10.6850,-9.0575,4.19317,0,
-10.6850,-9.0475,4.19333,0,
-10.7223,-9.0400,4.19350,0,
-10.7223,-9.0300,4.19367,0,
-10.7223,-9.0225,4.19383,0,
-10.7595,-9.0125,4.19400,0,
-10.7595,-9.0050,4.19417,0,
-10.7595,-8.9975,4.19433,0,
-10.7595,-8.9875,4.19450,0,
-10.7967,-8.9800,4.19467,0,
-10.7967,-8.9725,4.19483,0,
-10.7967,-8.9625,4.19500,0,
-10.8340,-8.9550,4.19517,0,
-10.8340,-8.9475,4.19533,0,
-10.8340,-8.9375,4.19550,0,
-10.8712,-8.9300,4.19567,0,
-10.8712,-8.9225,4.19583,0,
-10.9084,-8.9125,4.19600,0,
-10.9084,-8.9050,4.19617,0,
-10.9084,-8.8975,4.19633,0,
-10.9456,-8.8875,4.19650,0,
-10.9456,-8.8800,4.19667,0,
-10.9456,-8.8725,4.19683,0,
-10.9456,-8.8625,4.19700,0,
-10.9456,-8.8550,4.19717,0,
-10.9456,-8.8450,4.19733,0,
-10.9456,-8.8375,4.19750,0,
-10.9456,-8.8275,4.19767,0,
-10.9829,-8.8200,4.19783,0,
-10.9829,-8.8125,4.19800,0,
-10.9456,-8.8025,4.19817,0,
-10.9456,-8.7950,4.19833,0,
-10.9829,-8.7875,4.19850,0,
-10.9456,-8.7775,4.19867,0,
-10.9456,-8.7700,4.19883,0,
-10.9829,-8.7625,4.19900,0,
-10.9456,-8.7525,4.19917,0,
-10.9456,-8.7450,4.19933,0,
-10.9829,-8.7375,4.19950,0,
-10.9829,-8.7275,4.19967,0,
-10.9829,-8.7200,4.19983,0,
-11.0201,-8.7100,4.20000,0,
-11.0201,-8.7025,4.20017,0,
-11.0201,-8.6925,4.20033,0,
-11.0573,-8.6850,4.20050,0,
-11.0573,-8.6775,4.20067,0,
-11.0946,-8.6675,4.20083,0,
-11.1318,-8.6600,4.20100,0,
-11.1318,-8.6525,4.20117,0,
-11.1690,-8.6450,4.20133,0,
-11.1690,-8.6350,4.20150,0,
-11.2063,-8.6275,4.20167,0,
-11.2063,-8.6200,4.20183,0,
-11.2063,-8.6100,4.20200,0,
-11.2435,-8.6025,4.20217,0,
-11.2435,-8.5950,4.20233,0,
-11.2435,-8.5850,4.20250,0,
-11.2435,-8.5775,4.20267,0,
-11.2807,-8.5700,4.20283,0,
-11.2807,-8.5625,4.20300,0,
-11.2807,-8.5525,4.20317,0,
-11.2807,-8.5450,4.20333,0,
-11.2807,-8.5375,4.20350,0,
-11.2807,-8.5275,4.20367,0,
-11.3179,-8.5200,4.20383,0,
-11.3179,-8.5100,4.20400,0,
-11.3179,-8.5025,4.20417,0,
-11.3179,-8.4950,4.20433,0,
-11.3552,-8.4875,4.20450,0,
-11.3552,-8.4775,4.20467,0,
-11.3552,-8.4700,4.20483,0,
-11.3924,-8.4625,4.20500,0,
-11.3924,-8.4550,4.20517,0,
-11.3924,-8.4450,4.20533,0,
-11.4296,-8.4375,4.20550,0,
-11.4296,-8.4300,4.20567,0,
-11.4296,-8.4200,4.20583,0,
-11.4296,-8.4125,4.20600,0,
-11.4669,-8.4050,4.20617,0,
-11.5041,-8.3975,4.20633,0,
-11.5041,-8.3875,4.20650,0,
-11.5041,-8.3800,4.20667,0,
-11.5413,-8.3700,4.20683,0,
-11.5413,-8.3625,4.20700,0,
-11.5786,-8.3525,4.20717,0,
-11.5786,-8.3450,4.20733,0,
-11.6158,-8.3375,4.20750,0,
-11.6530,-8.3275,4.20767,0,
-11.6530,-8.3200,4.20783,0,
-11.6902,-8.3125,4.20800,0,
-11.6902,-8.3050,4.20817,0,
-11.6902,-8.2950,4.20833,0,
-11.7275,-8.2875,4.20850,0,
-11.6902,-8.2800,4.20867,0,
-11.7275,-8.2725,4.20883,0,
-11.7275,-8.2625,4.20900,0,
-11.7275,-8.2550,4.20917,0,
-11.7275,-8.2475,4.20933,0,
-11.7647,-8.2400,4.20950,0,
-11.7647,-8.2325,4.20967,0,
-11.7647,-8.2225,4.20983,0,
-11.7647,-8.2150,4.21000,0,
-11.8019,-8.2075,4.21017,0,
-11.7647,-8.1975,4.21033,0,
-11.8019,-8.1900,4.21050,0,
-11.8019,-8.1800,4.21067,0,
-11.8392,-8.1725,4.21083,0,
-11.8019,-8.1650,4.21100,0,
-11.8392,-8.1575,4.21117,0,
-11.8392,-8.1475,4.21133,0,
-11.8392,-8.1400,4.21150,0,
-11.8764,-8.1325,4.21167,0,
-11.8764,-8.1250,4.21183,0,
-11.8764,-8.1150,4.21200,0,
-11.8764,-8.1075,4.21217,0,
-11.8764,-8.1000,4.21233,0,
-11.8764,-8.0900,4.21250,0,
-11.8764,-8.0825,4.21267,0,
-11.9136,-8.0725,4.21283,0,
-11.9136,-8.0650,4.21300,0,
-11.9136,-8.0550,4.21317,0,
-11.9136,-8.0475,4.21333,0,
-11.9136,-8.0400,4.21350,0,
-11.9136,-8.0300,4.21367,0,
-11.9509,-8.0200,4.21383,0,
-11.9509,-8.0125,4.21400,0,
-11.9509,-8.0050,4.21417,0,
-11.9509,-7.9950,4.21433,0,
-11.9881,-7.9875,4.21450,0,
-11.9881,-7.9800,4.21467,0,
-11.9881,-7.9700,4.21483,0,
-11.9881,-7.9625,4.21500,0,
-12.0253,-7.9525,4.21517,0,
-12.0253,-7.9450,4.21533,0,
-12.0625,-7.9375,4.21550,0,
-12.0625,-7.9275,4.21567,0,
-12.0625,-7.9200,4.21583,0,
-12.0625,-7.9100,4.21600,0,
-12.0625,-7.9025,4.21617,0,
-12.0625,-7.8950,4.21633,0,
-12.0998,-7.8850,4.21650,0,
-12.0998,-7.8775,4.21667,0,
-12.0998,-7.8675,4.21683,0,
-12.1370,-7.8600,4.21700,0,
-12.1370,-7.8525,4.21717,0,
-12.1370,-7.8425,4.21733,0,
-12.1742,-7.8350,4.21750,0,
-12.1742,-7.8275,4.21767,0,
-12.1742,-7.8175,4.21783,0,
-12.2115,-7.8100,4.21800,0,
-12.2115,-7.8025,4.21817,0,
-12.2487,-7.7925,4.21833,0,
-12.2487,-7.7850,4.21850,0,
-12.2487,-7.7775,4.21867,0,
-12.2859,-7.7675,4.21883,0,
-12.2859,-7.7600,4.21900,0,
-12.2859,-7.7525,4.21917,0,
-12.2859,-7.7425,4.21933,0,
-12.2859,-7.7350,4.21950,0,
-12.2859,-7.7250,4.21967,0,
-12.2487,-7.7175,4.21983,0,
-12.2487,-7.7075,4.22000,0,
-12.2487,-7.7000,4.22017,0,
-12.2487,-7.6900,4.22033,0,
-12.2487,-7.6825,4.22050,0,
-12.2487,-7.6725,4.22067,0,
-12.2487,-7.6650,4.22083,0,
-12.2859,-7.6575,4.22100,0,
-12.2859,-7.6500,4.22117,0,
-12.3232,-7.6400,4.22133,0,
-12.3232,-7.6325,4.22150,0,
-12.3232,-7.6250,4.22167,0,
-12.3232,-7.6150,4.22183,0,
-12.3232,-7.6075,4.22200,0,
-12.3232,-7.6000,4.22217,0,
-12.3232,-7.5900,4.22233,0,
-12.3232,-7.5825,4.22250,0,
-12.3604,-7.5750,4.22267,0,
-12.3604,-7.5675,4.22283,0,
-12.3604,-7.5575,4.22300,0,
-12.3604,-7.5500,4.22317,0,
-12.3976,-7.5400,4.22333,0,
-12.3976,-7.5325,4.22350,0,
-12.3976,-7.5250,4.22367,0,
-12.3976,-7.5150,4.22383,0,
-12.3976,-7.5075,4.22400,0,
-12.3976,-7.5000,4.22417,0,
-12.4348,-7.4900,4.22433,0,
-12.4348,-7.4825,4.22450,0,
-12.4348,-7.4750,4.22467,0,
-12.4348,-7.4650,4.22483,0,
-12.4721,-7.4575,4.22500,0,
-12.4721,-7.4500,4.22517,0,
-12.5093,-7.4400,4.22533,0,
-12.5093,-7.4325,4.22550,0,
-12.5465,-7.4225,4.22567,0,
-12.5838,-7.4150,4.22583,0,
-12.5838,-7.4050,4.22600,0,
-12.6210,-7.3975,4.22617,0,
-12.6210,-7.3875,4.22633,0,
-12.6210,-7.3800,4.22650,0,
-12.6582,-7.3700,4.22667,0,
-12.6582,-7.3625,4.22683,0,
-12.6955,-7.3525,4.22700,0,
-12.6955,-7.3450,4.22717,0,
-12.7327,-7.3350,4.22733,0,
-12.7327,-7.3275,4.22750,0,
-12.7699,-7.3200,4.22767,0,
-12.7699,-7.3100,4.22783,0,
-12.8071,-7.3025,4.22800,0,
-12.8071,-7.2950,4.22817,0,
-12.8071,-7.2850,4.22833,0,
-12.8071,-7.2775,4.22850,0,
-12.8071,-7.2700,4.22867,0,
-12.8444,-7.2600,4.22883,0,
-12.8071,-7.2525,4.22900,0,
-12.8444,-7.2450,4.22917,0,
-12.8444,-7.2350,4.22933,0,
-12.8444,-7.2275,4.22950,0,
-12.8444,-7.2175,4.22967,0,
-12.8444,-7.2100,4.22983,0,
-12.8816,-7.2025,4.23000,0,
-12.8444,-7.1950,4.23017,0,
-12.8444,-7.1850,4.23033,0,
-12.8444,-7.1775,4.23050,0,
-12.8444,-7.1700,4.23067,0,
-12.8444,-7.1600,4.23083,0,
-12.8444,-7.1525,4.23100,0,
-12.8444,-7.1450,4.23117,0,
-12.8444,-7.1375,4.23133,0,
-12.8444,-7.1300,4.23150,0,
-12.8444,-7.1200,4.23167,0,
-12.8444,-7.1125,4.23183,0,
-12.8444,-7.1050,4.23200,0,
-12.8444,-7.0950,4.23217,0,
-12.8444,-7.0875,4.23233,0,
-12.8444,-7.0800,4.23250,0,
-12.8444,-7.0700,4.23267,0,
-12.8444,-7.0625,4.23283,0,
-12.8444,-7.0550,4.23300,0,
-12.8444,-7.0450,4.23317,0,
-12.8444,-7.0375,4.23333,0,
-12.8444,-7.0275,4.23350,0,
-12.8444,-7.0200,4.23367,0,
-12.8444,-7.0125,4.23383,0,
-12.8444,-7.0025,4.23400,0,
-12.8444,-6.9950,4.23417,0,
-12.8444,-6.9875,4.23433,0,
-12.8816,-6.9775,4.23450,0,
-12.8816,-6.9700,4.23467,0,
-12.8444,-6.9625,4.23483,0,
-12.8816,-6.9525,4.23500,0,
-12.8816,-6.9450,4.23517,0,
-12.9188,-6.9375,4.23533,0,
-12.9188,-6.9275,4.23550,0,
-12.9188,-6.9200,4.23567,0,
-12.9561,-6.9125,4.23583,0,
-12.9933,-6.9025,4.23600,0,
-12.9933,-6.8950,4.23617,0,
-13.0305,-6.8875,4.23633,0,
-13.0305,-6.8775,4.23650,0,
-13.0678,-6.8700,4.23667,0,
-13.0678,-6.8625,4.23683,0,
-13.0678,-6.8525,4.23700,0,
-13.0678,-6.8450,4.23717,0,
-13.0678,-6.8375,4.23733,0,
-13.1050,-6.8275,4.23750,0,
-13.1050,-6.8200,4.23767,0,
-13.1050,-6.8125,4.23783,0,
-13.1050,-6.8050,4.23800,0,
-13.1050,-6.7950,4.23817,0,
-13.1050,-6.7875,4.23833,0,
-13.1050,-6.7800,4.23850,0,
-13.1050,-6.7700,4.23867,0,
-13.1422,-6.7625,4.23883,0,
-13.1422,-6.7550,4.23900,0,
-13.1422,-6.7450,4.23917,0,
-13.1794,-6.7375,4.23933,0,
-13.1794,-6.7300,4.23950,0,
-13.1422,-6.7225,4.23967,0,
-13.1422,-6.7125,4.23983,0,
-13.1422,-6.7050,4.24000,0,
-13.1422,-6.6950,4.24017,0,
-13.1794,-6.6875,4.24033,0,
-13.1794,-6.6775,4.24050,0,
-13.1794,-6.6700,4.24067,0,
-13.1794,-6.6625,4.24083,0,
-13.1794,-6.6525,4.24100,0,
-13.1794,-6.6450,4.24117,0,
-13.1794,-6.6375,4.24133,0,
-13.1794,-6.6300,4.24150,0,
-13.2167,-6.6225,4.24167,0,
-13.2167,-6.6125,4.24183,0,
-13.2167,-6.6050,4.24200,0,
-13.2167,-6.5975,4.24217,0,
-13.2167,-6.5875,4.24233,0,
-13.2167,-6.5800,4.24250,0,
-13.2167,-6.5725,4.24267,0,
-13.2167,-6.5650,4.24283,0,
-13.2167,-6.5550,4.24300,0,
-13.2167,-6.5475,4.24317,0,
-13.2539,-6.5400,4.24333,0,
-13.2167,-6.5300,4.24350,0,
-13.2167,-6.5225,4.24367,0,
-13.2539,-6.5125,4.24383,0,
-13.2167,-6.5050,4.24400,0,
-13.2167,-6.4975,4.24417,0,
-13.2539,-6.4900,4.24433,0,
-13.2539,-6.4800,4.24450,0,
-13.2539,-6.4725,4.24467,0,
-13.2539,-6.4650,4.24483,0,
-13.2539,-6.4575,4.24500,0,
-13.2539,-6.4475,4.24517,0,
-13.2539,-6.4400,4.24533,0,
-13.2911,-6.4325,4.24550,0,
-13.2539,-6.4225,4.24567,0,
-13.2539,-6.4150,4.24583,0,
-13.2539,-6.4075,4.24600,0,
-13.2539,-6.3975,4.24617,0,
-13.2539,-6.3900,4.24633,0,
-13.2539,-6.3800,4.24650,0,
-13.2911,-6.3725,4.24667,0,
-13.2911,-6.3625,4.24683,0,
-13.2911,-6.3550,4.24700,0,
-13.3284,-6.3450,4.24717,0,
-13.2911,-6.3375,4.24733,0,
-13.3284,-6.3300,4.24750,0,
-13.3284,-6.3200,4.24767,0,
-13.3284,-6.3125,4.24783,0,
-13.3284,-6.3050,4.24800,0,
-13.3284,-6.2950,4.24817,0,
-13.3284,-6.2875,4.24833,0,
-13.3656,-6.2800,4.24850,0,
-13.3656,-6.2700,4.24867,0,
-13.3656,-6.2625,4.24883,0,
-13.3656,-6.2550,4.24900,0,
-13.3656,-6.2475,4.24917,0,
-13.3656,-6.2375,4.24933,0,
-13.3656,-6.2300,4.24950,0,
-13.3656,-6.2225,4.24967,0,
-13.3656,-6.2150,4.24983,0,
-13.4028,-6.2050,4.25000,0,
-13.4028,-6.1975,4.25017,0,
-13.4028,-6.1900,4.25033,0,
-13.4028,-6.1800,4.25050,0,
-13.4028,-6.1725,4.25067,0,
-13.3656,-6.1650,4.25083,0,
-13.3656,-6.1575,4.25100,0,
-13.3656,-6.1475,4.25117,0,
-13.3656,-6.1400,4.25133,0,
-13.3656,-6.1325,4.25150,0,
-13.4028,-6.1250,4.25167,0,
-13.4028,-6.1150,4.25183,0,
-13.4028,-6.1075,4.25200,0,
-13.4401,-6.1000,4.25217,0,
-13.4401,-6.0900,4.25233,0,
-13.4773,-6.0825,4.25250,0,
-13.5145,-6.0750,4.25267,0,
-13.5145,-6.0650,4.25283,0,
-13.5145,-6.0575,4.25300,0,
-13.5145,-6.0475,4.25317,0,
-13.5518,-6.0400,4.25333,0,
-13.5518,-6.0325,4.25350,0,
-13.5518,-6.0225,4.25367,0,
-13.5518,-6.0150,4.25383,0,
-13.5890,-6.0075,4.25400,0,
-13.5890,-5.9975,4.25417,0,
-13.5890,-5.9900,4.25433,0,
-13.5890,-5.9825,4.25450,0,
-13.5890,-5.9725,4.25467,0,
-13.5890,-5.9650,4.25483,0,
-13.6262,-5.9575,4.25500,0,
-13.6262,-5.9500,4.25517,0,
-13.6262,-5.9400,4.25533,0,
-13.5890,-5.9325,4.25550,0,
-13.5890,-5.9250,4.25567,0,
-13.5518,-5.9175,4.25583,0,
-13.5518,-5.9075,4.25600,0,
-13.5518,-5.9000,4.25617,0,
-13.5145,-5.8925,4.25633,0,
-13.4773,-5.8825,4.25650,0,
-13.4773,-5.8750,4.25667,0,
-13.4773,-5.8675,4.25683,0,
-13.4773,-5.8575,4.25700,0,
-13.4773,-5.8500,4.25717,0,
-13.4773,-5.8425,4.25733,0,
-13.4773,-5.8325,4.25750,0,
-13.4773,-5.8250,4.25767,0,
-13.5145,-5.8175,4.25783,0,
-13.5145,-5.8075,4.25800,0,
-13.5518,-5.8000,4.25817,0,
-13.5890,-5.7925,4.25833,0,
-13.5890,-5.7850,4.25850,0,
-13.5890,-5.7750,4.25867,0,
-13.5890,-5.7675,4.25883,0,
-13.5890,-5.7600,4.25900,0,
-13.5890,-5.7500,4.25917,0,
-13.5890,-5.7425,4.25933,0,
-13.5890,-5.7350,4.25950,0,
-13.5890,-5.7250,4.25967,0,
-13.5890,-5.7175,4.25983,0,
-13.6262,-5.7100,4.26000,0,
-13.5890,-5.7000,4.26017,0,
-13.5890,-5.6925,4.26033,0,
-13.5890,-5.6825,4.26050,0,
-13.6262,-5.6750,4.26067,0,
-13.6262,-5.6675,4.26083,0,
-13.6262,-5.6575,4.26100,0,
-13.6634,-5.6500,4.26117,0,
-13.6634,-5.6425,4.26133,0,
-13.6634,-5.6325,4.26150,0,
-13.6634,-5.6250,4.26167,0,
-13.6634,-5.6175,4.26183,0,
-13.6634,-5.6075,4.26200,0,
-13.6634,-5.6000,4.26217,0,
-13.7007,-5.5925,4.26233,0,
-13.6634,-5.5850,4.26250,0,
-13.6634,-5.5750,4.26267,0,
-13.6634,-5.5675,4.26283,0,
-13.6634,-5.5600,4.26300,0,
-13.6634,-5.5500,4.26317,0,
-13.6634,-5.5425,4.26333,0,
-13.7007,-5.5350,4.26350,0,
-13.6634,-5.5250,4.26367,0,
-13.6634,-5.5175,4.26383,0,
-13.6634,-5.5100,4.26400,0,
-13.6634,-5.5000,4.26417,0,
-13.6634,-5.4925,4.26433,0,
-13.6634,-5.4850,4.26450,0,
-13.6634,-5.4775,4.26467,0,
-13.6634,-5.4675,4.26483,0,
-13.7007,-5.4600,4.26500,0,
-13.7007,-5.4525,4.26517,0,
-13.6634,-5.4425,4.26533,0,
-13.6634,-5.4350,4.26550,0,
-13.6634,-5.4275,4.26567,0,
-13.6262,-5.4175,4.26583,0,
-13.6262,-5.4100,4.26600,0,
-13.6634,-5.4000,4.26617,0,
-13.6634,-5.3925,4.26633,0,
-13.6634,-5.3825,4.26650,0,
-13.7007,-5.3750,4.26667,0,
-13.6634,-5.3650,4.26683,0,
-13.7007,-5.3575,4.26700,0,
-13.6634,-5.3475,4.26717,0,
-13.6634,-5.3400,4.26733,0,
-13.6262,-5.3325,4.26750,0,
-13.6262,-5.3225,4.26767,0,
-13.5890,-5.3150,4.26783,0,
-13.5890,-5.3075,4.26800,0,
-13.5890,-5.3000,4.26817,0,
-13.5890,-5.2900,4.26833,0,
-13.5890,-5.2825,4.26850,0,
-13.5890,-5.2725,4.26867,0,
-13.6262,-5.2650,4.26883,0,
-13.6262,-5.2575,4.26900,0,
-13.6262,-5.2500,4.26917,0,
-13.6262,-5.2400,4.26933,0,
-13.6262,-5.2325,4.26950,0,
-13.6262,-5.2250,4.26967,0,
-13.5890,-5.2175,4.26983,0,
-13.5518,-5.2075,4.27000,0,
-13.5145,-5.2000,4.27017,0,
-13.4773,-5.1900,4.27033,0,
-13.4401,-5.1825,4.27050,0,
-13.4401,-5.1750,4.27067,0,
-13.4028,-5.1650,4.27083,0,
-13.3656,-5.1575,4.27100,0,
-13.3656,-5.1500,4.27117,0,
-13.3656,-5.1400,4.27133,0,
-13.4028,-5.1325,4.27150,0,
-13.4028,-5.1250,4.27167,0,
-13.4028,-5.1150,4.27183,0,
-13.4028,-5.1075,4.27200,0,
-13.4401,-5.0975,4.27217,0,
-13.4401,-5.0900,4.27233,0,
-13.4401,-5.0825,4.27250,0,
-13.4401,-5.0725,4.27267,0,
-13.4028,-5.0650,4.27283,0,
-13.4028,-5.0550,4.27300,0,
-13.3656,-5.0475,4.27317,0,
-13.3656,-5.0375,4.27333,0,
-13.3656,-5.0300,4.27350,0,
-13.3656,-5.0200,4.27367,0,
-13.4028,-5.0125,4.27383,0,
-13.4028,-5.0025,4.27400,0,
-13.4028,-4.9950,4.27417,0,
-13.4401,-4.9850,4.27433,0,
-13.4401,-4.9775,4.27450,0,
-13.4401,-4.9700,4.27467,0,
-13.4401,-4.9600,4.27483,0,
-13.4773,-4.9525,4.27500,0,
-13.4773,-4.9450,4.27517,0,
-13.5145,-4.9350,4.27533,0,
-13.5145,-4.9275,4.27550,0,
-13.4773,-4.9200,4.27567,0,
-13.4773,-4.9100,4.27583,0,
-13.4773,-4.9025,4.27600,0,
-13.4773,-4.8950,4.27617,0,
-13.4773,-4.8850,4.27633,0,
-13.4401,-4.8775,4.27650,0,
-13.4401,-4.8675,4.27667,0,
-13.4401,-4.8600,4.27683,0,
-13.4401,-4.8500,4.27700,0,
-13.4401,-4.8425,4.27717,0,
-13.4401,-4.8350,4.27733,0,
-13.4401,-4.8250,4.27750,0,
-13.4773,-4.8175,4.27767,0,
-13.4773,-4.8100,4.27783,0,
-13.4773,-4.8025,4.27800,0,
-13.4773,-4.7925,4.27817,0,
-13.4401,-4.7850,4.27833,0,
-13.4401,-4.7775,4.27850,0,
-13.4401,-4.7675,4.27867,0,
-13.4401,-4.7600,4.27883,0,
-13.4401,-4.7500,4.27900,0,
-13.4401,-4.7425,4.27917,0,
-13.4401,-4.7350,4.27933,0,
-13.4401,-4.7250,4.27950,0,
-13.4028,-4.7175,4.27967,0,
-13.4401,-4.7075,4.27983,0,
-13.4028,-4.7000,4.28000,0,
-13.4028,-4.6900,4.28017,0,
-13.3656,-4.6825,4.28033,0,
-13.3656,-4.6725,4.28050,0,
-13.3284,-4.6650,4.28067,0,
-13.3284,-4.6575,4.28083,0,
-13.2911,-4.6475,4.28100,0,
-13.2911,-4.6400,4.28117,0,
-13.2539,-4.6325,4.28133,0,
-13.2911,-4.6225,4.28150,0,
-13.2911,-4.6150,4.28167,0,
-13.2539,-4.6075,4.28183,0,
-13.2539,-4.5975,4.28200,0,
-13.2539,-4.5900,4.28217,0,
-13.2539,-4.5825,4.28233,0,
-13.2539,-4.5725,4.28250,0,
-13.2539,-4.5650,4.28267,0,
-13.2539,-4.5550,4.28283,0,
-13.2539,-4.5475,4.28300,0,
-13.2539,-4.5400,4.28317,0,
-13.2539,-4.5300,4.28333,0,
-13.2539,-4.5225,4.28350,0,
-13.2911,-4.5125,4.28367,0,
-13.2911,-4.5050,4.28383,0,
-13.2911,-4.4975,4.28400,0,
-13.2911,-4.4875,4.28417,0,
-13.2539,-4.4800,4.28433,0,
-13.2167,-4.4725,4.28450,0,
-13.1794,-4.4625,4.28467,0,
-13.1794,-4.4550,4.28483,0,
-13.1422,-4.4475,4.28500,0,
-13.1050,-4.4375,4.28517,0,
-13.1050,-4.4300,4.28533,0,
-13.0678,-4.4225,4.28550,0,
-13.0305,-4.4150,4.28567,0,
-13.0305,-4.4050,4.28583,0,
-13.0305,-4.3975,4.28600,0,
-13.0305,-4.3900,4.28617,0,
-13.0305,-4.3800,4.28633,0,
-13.0305,-4.3725,4.28650,0,
-12.9933,-4.3650,4.28667,0,
-12.9933,-4.3550,4.28683,0,
-12.9561,-4.3475,4.28700,0,
-12.9188,-4.3375,4.28717,0,
-12.8816,-4.3300,4.28733,0,
-12.8816,-4.3225,4.28750,0,
-12.8444,-4.3125,4.28767,0,
-12.8444,-4.3050,4.28783,0,
-12.8444,-4.2975,4.28800,0,
-12.8444,-4.2875,4.28817,0,
-12.8444,-4.2800,4.28833,0,
-12.8444,-4.2700,4.28850,0,
-12.8071,-4.2625,4.28867,0,
-12.8071,-4.2550,4.28883,0,
-12.8071,-4.2475,4.28900,0,
-12.7699,-4.2375,4.28917,0,
-12.7327,-4.2300,4.28933,0,
-12.7327,-4.2225,4.28950,0,
-12.6955,-4.2125,4.28967,0,
-12.6582,-4.2050,4.28983,0,
-12.6210,-4.1950,4.29000,0,
-12.6210,-4.1875,4.29017,0,
-12.6210,-4.1800,4.29033,0,
-12.6210,-4.1700,4.29050,0,
-12.5838,-4.1625,4.29067,0,
-12.5838,-4.1550,4.29083,0,
-12.5838,-4.1450,4.29100,0,
-12.5838,-4.1375,4.29117,0,
-12.5838,-4.1300,4.29133,0,
-12.5838,-4.1225,4.29150,0,
-12.5838,-4.1125,4.29167,0,
-12.5838,-4.1050,4.29183,0,
-12.6210,-4.0950,4.29200,0,
-12.6210,-4.0875,4.29217,0,
-12.6210,-4.0800,4.29233,0,
-12.6210,-4.0700,4.29250,0,
-12.6210,-4.0625,4.29267,0,
-12.5838,-4.0525,4.29283,0,
-12.5838,-4.0450,4.29300,0,
-12.5838,-4.0375,4.29317,0,
-12.5838,-4.0275,4.29333,0,
-12.5465,-4.0175,4.29350,0,
-12.5465,-4.0100,4.29367,0,
-12.5093,-4.0025,4.29383,0,
-12.5093,-3.9925,4.29400,0,
-12.5093,-3.9850,4.29417,0,
-12.5093,-3.9775,4.29433,0,
-12.5093,-3.9675,4.29450,0,
-12.5465,-3.9600,4.29467,0,
-12.5093,-3.9525,4.29483,0,
-12.5093,-3.9425,4.29500,0,
-12.5093,-3.9350,4.29517,0,
-12.4721,-3.9275,4.29533,0,
-12.4721,-3.9200,4.29550,0,
-12.4348,-3.9100,4.29567,0,
-12.3976,-3.9025,4.29583,0,
-12.3604,-3.8925,4.29600,0,
-12.3232,-3.8850,4.29617,0,
-12.3232,-3.8775,4.29633,0,
-12.2487,-3.8675,4.29650,0,
-12.2115,-3.8600,4.29667,0,
-12.1370,-3.8500,4.29683,0,
-12.0998,-3.8425,4.29700,0,
-12.0625,-3.8350,4.29717,0,
-12.0253,-3.8275,4.29733,0,
-11.9881,-3.8175,4.29750,0,
-11.9881,-3.8100,4.29767,0,
-11.9509,-3.8025,4.29783,0,
-11.9881,-3.7950,4.29800,0,
-11.9881,-3.7875,4.29817,0,
-11.9509,-3.7775,4.29833,0,
-11.9509,-3.7700,4.29850,0,
-11.9509,-3.7600,4.29867,0,
-11.9509,-3.7525,4.29883,0,
-11.9136,-3.7450,4.29900,0,
-11.9136,-3.7350,4.29917,0,
-11.9136,-3.7275,4.29933,0,
-11.8764,-3.7175,4.29950,0,
-11.8764,-3.7100,4.29967,0,
-11.8764,-3.7025,4.29983,0,
-11.8392,-3.6925,4.30000,0,
-11.8392,-3.6825,4.30017,0,
-11.8392,-3.6750,4.30033,0,
-11.8392,-3.6675,4.30050,0,
-11.8392,-3.6575,4.30067,0,
-11.8019,-3.6500,4.30083,0,
-11.8019,-3.6425,4.30100,0,
-11.8019,-3.6325,4.30117,0,
-11.7647,-3.6250,4.30133,0,
-11.7647,-3.6175,4.30150,0,
-11.7275,-3.6075,4.30167,0,
-11.7275,-3.6000,4.30183,0,
-11.6902,-3.5925,4.30200,0,
-11.6530,-3.5825,4.30217,0,
-11.6530,-3.5750,4.30233,0,
-11.6158,-3.5675,4.30250,0,
-11.6158,-3.5575,4.30267,0,
-11.5786,-3.5500,4.30283,0,
-11.5786,-3.5425,4.30300,0,
-11.5413,-3.5325,4.30317,0,
-11.5413,-3.5250,4.30333,0,
-11.5041,-3.5150,4.30350,0,
-11.5041,-3.5075,4.30367,0,
-11.4669,-3.5000,4.30383,0,
-11.4669,-3.4900,4.30400,0,
-11.4296,-3.4825,4.30417,0,
-11.4296,-3.4750,4.30433,0,
-11.3924,-3.4675,4.30450,0,
-11.3924,-3.4600,4.30467,0,
-11.3552,-3.4500,4.30483,0,
-11.3179,-3.4425,4.30500,0,
-11.3179,-3.4325,4.30517,0,
-11.2807,-3.4250,4.30533,0,
-11.2807,-3.4175,4.30550,0,
-11.2435,-3.4075,4.30567,0,
-11.2435,-3.4000,4.30583,0,
-11.2063,-3.3925,4.30600,0,
-11.1690,-3.3825,4.30617,0,
-11.1318,-3.3750,4.30633,0,
-11.0946,-3.3650,4.30650,0,
-11.0573,-3.3575,4.30667,0,
-11.0201,-3.3475,4.30683,0,
-10.9829,-3.3400,4.30700,0,
-10.9456,-3.3300,4.30717,0,
-10.9084,-3.3225,4.30733,0,
-10.8712,-3.3150,4.30750,0,
-10.8340,-3.3075,4.30767,0,
-10.7967,-3.2975,4.30783,0,
-10.7967,-3.2900,4.30800,0,
-10.7595,-3.2800,4.30817,0,
-10.7223,-3.2725,4.30833,0,
-10.6850,-3.2650,4.30850,0,
-10.6850,-3.2550,4.30867,0,
-10.6478,-3.2475,4.30883,0,
-10.6478,-3.2400,4.30900,0,
-10.6478,-3.2300,4.30917,0,
-10.6106,-3.2225,4.30933,0,
-10.6106,-3.2150,4.30950,0,
-10.5733,-3.2050,4.30967,0,
-10.5361,-3.1975,4.30983,0,
-10.5361,-3.1875,4.31000,0,
-10.4989,-3.1800,4.31017,0,
-10.4617,-3.1725,4.31033,0,
-10.4244,-3.1650,4.31050,0,
-10.4244,-3.1550,4.31067,0,
-10.3872,-3.1475,4.31083,0,
-10.3872,-3.1400,4.31100,0,
-10.3500,-3.1325,4.31117,0,
-10.3127,-3.1250,4.31133,0,
-10.3127,-3.1175,4.31150,0,
-10.2755,-3.1075,4.31167,0,
-10.2383,-3.1000,4.31183,0,
-10.2010,-3.0925,4.31200,0,
-10.1638,-3.0825,4.31217,0,
-10.1266,-3.0750,4.31233,0,
-10.0894,-3.0675,4.31250,0,
-10.0521,-3.0575,4.31267,0,
-10.0149,-3.0500,4.31283,0,
-10.0149,-3.0425,4.31300,0,
-9.9777,-3.0325,4.31317,0,
-9.9404,-3.0250,4.31333,0,
-9.9032,-3.0150,4.31350,0,
-9.8660,-3.0075,4.31367,0,
-9.8287,-3.0000,4.31383,0,
-9.8287,-2.9900,4.31400,0,
-9.7915,-2.9825,4.31417,0,
-9.7543,-2.9750,4.31433,0,
-9.7543,-2.9650,4.31450,0,
-9.7171,-2.9575,4.31467,0,
-9.7171,-2.9500,4.31483,0,
-9.6798,-2.9400,4.31500,0,
-9.6798,-2.9325,4.31517,0,
-9.6426,-2.9250,4.31533,0,
-9.6054,-2.9150,4.31550,0,
-9.5681,-2.9075,4.31567,0,
-9.5681,-2.8975,4.31583,0,
-9.5309,-2.8900,4.31600,0,
-9.5309,-2.8825,4.31617,0,
-9.4937,-2.8725,4.31633,0,
-9.4564,-2.8650,4.31650,0,
-9.4192,-2.8550,4.31667,0,
-9.4192,-2.8475,4.31683,0,
-9.3820,-2.8400,4.31700,0,
-9.3447,-2.8300,4.31717,0,
-9.3075,-2.8225,4.31733,0,
-9.3075,-2.8150,4.31750,0,
-9.2331,-2.8075,4.31767,0,
-9.1958,-2.7975,4.31783,0,
-9.1586,-2.7900,4.31800,0,
-9.1214,-2.7825,4.31817,0,
-9.0841,-2.7750,4.31833,0,
-9.0469,-2.7650,4.31850,0,
-9.0097,-2.7575,4.31867,0,
-8.9725,-2.7500,4.31883,0,
-8.8980,-2.7400,4.31900,0,
-8.8980,-2.7325,4.31917,0,
-8.8235,-2.7250,4.31933,0,
-8.7863,-2.7150,4.31950,0,
-8.7491,-2.7075,4.31967,0,
-8.7118,-2.6975,4.31983,0,
-8.6746,-2.6900,4.32000,0,
-8.6374,-2.6800,4.32017,0,
-8.6001,-2.6725,4.32033,0,
-8.6001,-2.6625,4.32050,0,
-8.5629,-2.6550,4.32067,0,
-8.5629,-2.6475,4.32083,0,
-8.5257,-2.6400,4.32100,0,
-8.4885,-2.6300,4.32117,0,
-8.4885,-2.6225,4.32133,0,
-8.4512,-2.6150,4.32150,0,
-8.4140,-2.6050,4.32167,0,
-8.3768,-2.5975,4.32183,0,
-8.3395,-2.5900,4.32200,0,
-8.3023,-2.5825,4.32217,0,
-8.2651,-2.5725,4.32233,0,
-8.2278,-2.5650,4.32250,0,
-8.1906,-2.5550,4.32267,0,
-8.1534,-2.5475,4.32283,0,
-8.1162,-2.5400,4.32300,0,
-8.0417,-2.5300,4.32317,0,
-8.0045,-2.5225,4.32333,0,
-7.9300,-2.5150,4.32350,0,
-7.8928,-2.5050,4.32367,0,
-7.8555,-2.4975,4.32383,0,
-7.8183,-2.4900,4.32400,0,
-7.7811,-2.4825,4.32417,0,
-7.7439,-2.4725,4.32433,0,
-7.6694,-2.4650,4.32450,0,
-7.6322,-2.4575,4.32467,0,
-7.5577,-2.4475,4.32483,0,
-7.5205,-2.4400,4.32500,0,
-7.4832,-2.4325,4.32517,0,
-7.4460,-2.4225,4.32533,0,
-7.3716,-2.4150,4.32550,0,
-7.3716,-2.4075,4.32567,0,
-7.3343,-2.3975,4.32583,0,
-7.2971,-2.3900,4.32600,0,
-7.2599,-2.3800,4.32617,0,
-7.2226,-2.3725,4.32633,0,
-7.1854,-2.3625,4.32650,0,
-7.1482,-2.3550,4.32667,0,
-7.1109,-2.3450,4.32683,0,
-7.0737,-2.3375,4.32700,0,
-7.0365,-2.3300,4.32717,0,
-6.9993,-2.3200,4.32733,0,
-6.9248,-2.3125,4.32750,0,
-6.8876,-2.3050,4.32767,0,
-6.8503,-2.2950,4.32783,0,
-6.8131,-2.2875,4.32800,0,
-6.7759,-2.2800,4.32817,0,
-6.7386,-2.2700,4.32833,0,
-6.7014,-2.2625,4.32850,0,
-6.6642,-2.2550,4.32867,0,
-6.6270,-2.2450,4.32883,0,
-6.5897,-2.2375,4.32900,0,
-6.5525,-2.2300,4.32917,0,
-6.5153,-2.2200,4.32933,0,
-6.4408,-2.2125,4.32950,0,
-6.4036,-2.2050,4.32967,0,
-6.3663,-2.1950,4.32983,0,
-6.2919,-2.1875,4.33000,0,
-6.2547,-2.1800,4.33017,0,
-6.2174,-2.1700,4.33033,0,
-6.1802,-2.1625,4.33050,0,
-6.1430,-2.1550,4.33067,0,
-6.1057,-2.1475,4.33083,0,
-6.0685,-2.1375,4.33100,0,
-6.0313,-2.1300,4.33117,0,
-5.9568,-2.1225,4.33133,0,
-5.9196,-2.1150,4.33150,0,
-5.8824,-2.1050,4.33167,0,
-5.8824,-2.0975,4.33183,0,
-5.8079,-2.0900,4.33200,0,
-5.7707,-2.0825,4.33217,0,
-5.7707,-2.0725,4.33233,0,
-5.7334,-2.0650,4.33250,0,
-5.6962,-2.0575,4.33267,0,
-5.6590,-2.0475,4.33283,0,
-5.6217,-2.0400,4.33300,0,
-5.5473,-2.0325,4.33317,0,
-5.5101,-2.0225,4.33333,0,
-5.4728,-2.0150,4.33350,0,
-5.3984,-2.0075,4.33367,0,
-5.3611,-1.9975,4.33383,0,
-5.3239,-1.9900,4.33400,0,
-5.2867,-1.9825,4.33417,0,
-5.2122,-1.9750,4.33433,0,
-5.1750,-1.9650,4.33450,0,
-5.1005,-1.9575,4.33467,0,
-5.0261,-1.9500,4.33483,0,
-4.9888,-1.9400,4.33500,0,
-4.9516,-1.9325,4.33517,0,
-4.9144,-1.9250,4.33533,0,
-4.8771,-1.9150,4.33550,0,
-4.8399,-1.9075,4.33567,0,
-4.7654,-1.9000,4.33583,0,
-4.7282,-1.8925,4.33600,0,
-4.6910,-1.8825,4.33617,0,
-4.6165,-1.8750,4.33633,0,
-4.5793,-1.8675,4.33650,0,
-4.5048,-1.8575,4.33667,0,
-4.4676,-1.8500,4.33683,0,
-4.4304,-1.8425,4.33700,0,
-4.3559,-1.8350,4.33717,0,
-4.3187,-1.8250,4.33733,0,
-4.2815,-1.8175,4.33750,0,
-4.2442,-1.8100,4.33767,0,
-4.1698,-1.8025,4.33783,0,
-4.1325,-1.7950,4.33800,0,
-4.0953,-1.7850,4.33817,0,
-4.0208,-1.7775,4.33833,0,
-3.9464,-1.7675,4.33850,0,
-3.9092,-1.7600,4.33867,0,
-3.8719,-1.7525,4.33883,0,
-3.7975,-1.7450,4.33900,0,
-3.7602,-1.7350,4.33917,0,
-3.7230,-1.7275,4.33933,0,
-3.6858,-1.7200,4.33950,0,
-3.6113,-1.7100,4.33967,0,
-3.5741,-1.7025,4.33983,0,
-3.5369,-1.6950,4.34000,0,
-3.4624,-1.6850,4.34017,0,
-3.4252,-1.6775,4.34033,0,
-3.3879,-1.6700,4.34050,0,
-3.3135,-1.6600,4.34067,0,
-3.2762,-1.6525,4.34083,0,
-3.2390,-1.6450,4.34100,0,
-3.1646,-1.6375,4.34117,0,
-3.1273,-1.6300,4.34133,0,
-3.0901,-1.6225,4.34150,0,
-3.0529,-1.6125,4.34167,0,
-2.9784,-1.6050,4.34183,0,
-2.9039,-1.5975,4.34200,0,
-2.8667,-1.5875,4.34217,0,
-2.7923,-1.5800,4.34233,0,
-2.7178,-1.5725,4.34250,0,
-2.6433,-1.5650,4.34267,0,
-2.6061,-1.5550,4.34283,0,
-2.5316,-1.5475,4.34300,0,
-2.4944,-1.5375,4.34317,0,
-2.4572,-1.5300,4.34333,0,
-2.3827,-1.5225,4.34350,0,
-2.3455,-1.5125,4.34367,0,
-2.3083,-1.5050,4.34383,0,
-2.2338,-1.4975,4.34400,0,
-2.1966,-1.4875,4.34417,0,
-2.1221,-1.4800,4.34433,0,
-2.0849,-1.4725,4.34450,0,
-2.0104,-1.4650,4.34467,0,
-1.9732,-1.4575,4.34483,0,
-1.8987,-1.4500,4.34500,0,
-1.8243,-1.4400,4.34517,0,
-1.7498,-1.4325,4.34533,0,
-1.7126,-1.4250,4.34550,0,
-1.6381,-1.4150,4.34567,0,
-1.6009,-1.4075,4.34583,0,
-1.5264,-1.4000,4.34600,0,
-1.4520,-1.3900,4.34617,0,
-1.4147,-1.3825,4.34633,0,
-1.3403,-1.3725,4.34650,0,
-1.3031,-1.3650,4.34667,0,
-1.2286,-1.3550,4.34683,0,
-1.1541,-1.3475,4.34700,0,
-1.1169,-1.3400,4.34717,0,
-1.0424,-1.3300,4.34733,0,
-0.9680,-1.3225,4.34750,0,
-0.9308,-1.3150,4.34767,0,
-0.8563,-1.3050,4.34783,0,
-0.8191,-1.2975,4.34800,0,
-0.7446,-1.2900,4.34817,0,
-0.7074,-1.2800,4.34833,0,
-0.6329,-1.2725,4.34850,0,
-0.5957,-1.2650,4.34867,0,
-0.5212,-1.2550,4.34883,0,
-0.4468,-1.2475,4.34900,0,
-0.4095,-1.2400,4.34917,0,
-0.3723,-1.2325,4.34933,0,
-0.2978,-1.2225,4.34950,0,
-0.2606,-1.2150,4.34967,0,
-0.1861,-1.2075,4.34983,0,
-0.1489,-1.1975,4.35000,0,
-0.1117,-1.1900,4.35017,0,
-0.0372,-1.1825,4.35033,0,
0.0000,-1.1725,4.35050,0,
0.0372,-1.1650,4.35067,0,
0.1117,-1.1575,4.35083,0,
0.1489,-1.1500,4.35100,0,
0.1862,-1.1425,4.35117,0,
0.2234,-1.1325,4.35133,0,
0.2606,-1.1250,4.35150,0,
0.2978,-1.1175,4.35167,0,
0.3351,-1.1075,4.35183,0,
0.3723,-1.1000,4.35200,0,
0.3723,-1.0925,4.35217,0,
0.3723,-1.0825,4.35233,0,
0.2978,-1.0750,4.35250,0,
0.1862,-1.0675,4.35267,0,
0.0745,-1.0600,4.35283,0,
0.0372,-1.0500,4.35300,0,
0.0000,-1.0425,4.35317,0,
0.0000,-1.0325,4.35333,0,
0.0000,-1.0250,4.35350,0,
0.0000,-1.0175,4.35367,0,
0.0000,-1.0075,4.35383,0,
0.0000,-1.0000,4.35400,0,
0.0000,-0.9925,4.35417,0,
0.0000,-0.9850,4.35433,0,
0.0000,-0.9775,4.35450,0,
0.0000,-0.9675,4.35467,0,
0.0000,-0.9600,4.35483,0,
0.0000,-0.9525,4.35500,0,
0.0000,-0.9425,4.35517,0,
0.0000,-0.9350,4.35533,0,
0.0000,-0.9275,4.35550,0,
0.0000,-0.9200,4.35567,0,
0.0000,-0.9100,4.35583,0,
0.0000,-0.9025,4.35600,0,
0.0000,-0.8950,4.35617,0,
0.0000,-0.8850,4.35633,0,
0.0000,-0.8775,4.35650,0,
0.0000,-0.8700,4.35667,0,
0.0000,-0.8600,4.35683,0,
0.0000,-0.8525,4.35700,0,
0.0000,-0.8450,4.35717,0,
0.0000,-0.8375,4.35733,0,
0.0000,-0.8275,4.35750,0,
0.0000,-0.8200,4.35767,0,
0.0000,-0.8125,4.35783,0,
0.0000,-0.8050,4.35800,0,
0.0000,-0.7950,4.35817,0,
0.0000,-0.7875,4.35833,0,
0.0000,-0.7800,4.35850,0,
0.0000,-0.7700,4.35867,0,
0.0000,-0.7625,4.35883,0,
0.0000,-0.7550,4.35900,0,
0.0000,-0.7450,4.35917,0,
0.0000,-0.7375,4.35933,0,
0.0000,-0.7300,4.35950,0,
0.0000,-0.7225,4.35967,0,
0.0000,-0.7125,4.35983,0,
0.0000,-0.7050,4.36000,0,
0.0000,-0.6975,4.36017,0,
0.0000,-0.6875,4.36033,0,
0.0000,-0.6800,4.36050,0,
0.0000,-0.6725,4.36067,0,
0.0000,-0.6625,4.36083,0,
0.0000,-0.6550,4.36100,0,
0.0000,-0.6475,4.36117,0,
0.0000,-0.6400,4.36133,0,
0.0000,-0.6300,4.36150,0,
0.0000,-0.6225,4.36167,0,
0.0000,-0.6150,4.36183,0,
0.0000,-0.6075,4.36200,0,
0.0000,-0.6000,4.36217,0,
0.0000,-0.5900,4.36233,0,
0.0000,-0.5825,4.36250,0,
0.0000,-0.5750,4.36267,0,
0.0000,-0.5675,4.36283,0,
0.0000,-0.5575,4.36300,0,
0.0000,-0.5500,4.36317,0,
0.0000,-0.5425,4.36333,0,
0.0000,-0.5350,4.36350,0,
0.0000,-0.5250,4.36367,0,
0.0000,-0.5175,4.36383,0,
0.0000,-0.5100,4.36400,0,
0.0000,-0.5000,4.36417,0,
0.0000,-0.4925,4.36433,0,
0.0000,-0.4850,4.36450,0,
0.0000,-0.4775,4.36467,0,
0.0000,-0.4675,4.36483,0,
0.0000,-0.4600,4.36500,0,
0.0000,-0.4525,4.36517,0,
0.0000,-0.4425,4.36533,0,
0.0000,-0.4350,4.36550,0,
0.0000,-0.4275,4.36567,0,
0.0000,-0.4175,4.36583,0,
0.0000,-0.4100,4.36600,0,
0.0000,-0.4025,4.36617,0,
0.0000,-0.3925,4.36633,0,
0.0000,-0.3850,4.36650,0,
0.0000,-0.3750,4.36667,0,
0.0000,-0.3675,4.36683,0,
0.0000,-0.3575,4.36700,0,
0.0000,-0.3500,4.36717,0,
0.0000,-0.3425,4.36733,0,
0.0000,-0.3325,4.36750,0,
0.0000,-0.3250,4.36767,0,
0.0000,-0.3175,4.36783,0,
0.0000,-0.3100,4.36800,0,
0.0000,-0.3025,4.36817,0,
0.0000,-0.2925,4.36833,0,
0.0000,-0.2850,4.36850,0,
0.0000,-0.2775,4.36867,0,
0.0000,-0.2675,4.36883,0,
0.0000,-0.2600,4.36900,0,
0.0000,-0.2525,4.36917,0,
0.0000,-0.2425,4.36933,0,
0.0000,-0.2350,4.36950,0,
0.0000,-0.2275,4.36967,0,
0.0000,-0.2175,4.36983,0,
0.0000,-0.2100,4.37000,0,
0.0000,-0.2025,4.37017,0,
0.0000,-0.1925,4.37033,0,
0.0000,-0.1850,4.37050,0,
0.0000,-0.1775,4.37067,0,
0.0000,-0.1675,4.37083,0,
0.0000,-0.1600,4.37100,0,
0.0000,-0.1525,4.37117,0,
0.0000,-0.1450,4.37133,0,
0.0000,-0.1350,4.37150,0,
0.0000,-0.1275,4.37167,0,
0.0000,-0.1200,4.37183,0,
0.0000,-0.1100,4.37200,0,
0.0000,-0.1025,4.37217,0,
0.0000,-0.0950,4.37233,0,
0.0000,-0.0850,4.37250,0,
0.0000,-0.0775,4.37267,0,
0.0000,-0.0700,4.37283,0,
0.0000,-0.0625,4.37300,0,
0.0000,-0.0525,4.37317,0,
0.0000,-0.0450,4.37333,0,
0.0000,-0.0400,4.37350,0,
0.0000,-0.0375,4.37367,0,
0.0000,-0.0375,4.37383,0,
0.0000,-0.0325,4.37400,0,
0.0000,-0.0250,4.37417,0,
0.0000,-0.0200,4.37433,0,
0.0000,-0.0150,4.37450,0,
0.0000,-0.0125,4.37467,0,
0.0000,-0.0100,4.37483,0,
0.0000,-0.0025,4.37500,0,
0.0000,0.0025,4.37517,0,
0.0000,0.0050,4.37533,0,
0.0000,0.0050,4.37550,0,
0.0000,0.0025,4.37567,0,
0.0000,0.0025,4.37583,0,
0.0000,0.0025,4.37600,0,
0.0000,0.0025,4.37617,0,
0.0000,0.0025,4.37633,0,
0.0000,0.0025,4.37650,0,
0.0000,0.0025,4.37667,0,
0.0000,0.0025,4.37683,0,
0.0000,0.0025,4.37700,0,
0.0000,-0.0000,4.37717,0,
0.0000,-0.0025,4.37733,0,
0.0000,-0.0050,4.37750,0,
0.0000,-0.0075,4.37767,0,
0.0000,-0.0075,4.37783,0,
0.0000,-0.0075,4.37800,0,
0.0000,-0.0100,4.37817,0,
0.0000,-0.0100,4.37833,0,
0.0000,-0.0100,4.37850,0,
0.0000,-0.0125,4.37867,0,
0.0000,-0.0150,4.37883,0,
0.0000,-0.0150,4.37900,0,
0.0000,-0.0175,4.37917,0,
0.0000,-0.0225,4.37933,0,
-0.0372,-0.0250,4.37950,0,
0.0000,-0.0275,4.37967,0,
0.0000,-0.0325,4.37983,0,
0.0000,-0.0350,4.38000,0,
0.0000,-0.0375,4.38017,0,
0.0000,-0.0400,4.38033,0,
0.0000,-0.0425,4.38050,0,
0.0000,-0.0475,4.38067,0,
0.0000,-0.0500,4.38083,0,
0.0000,-0.0550,4.38100,0,
0.0000,-0.0600,4.38117,0,
0.0000,-0.0625,4.38133,0,
0.0000,-0.0675,4.38150,0,
0.0000,-0.0700,4.38167,0,
0.0000,-0.0750,4.38183,0,
0.0000,-0.0800,4.38200,0,
0.0000,-0.0850,4.38217,0,
0.0000,-0.0900,4.38233,0,
0.0000,-0.0950,4.38250,0,
0.0000,-0.1000,4.38267,0,
0.0000,-0.1050,4.38283,0,
0.0000,-0.1125,4.38300,0,
0.0000,-0.1175,4.38317,0,
0.0000,-0.1225,4.38333,0,
0.0000,-0.1300,4.38350,0,
0.0000,-0.1350,4.38367,0,
0.0000,-0.1425,4.38383,0,
0.0000,-0.1475,4.38400,0,
0.0000,-0.1525,4.38417,0,
0.0000,-0.1600,4.38433,0,
0.0000,-0.1675,4.38450,0,
0.0000,-0.1725,4.38467,0,
0.0000,-0.1800,4.38483,0,
0.0000,-0.1850,4.38500,0,
0.0000,-0.1925,4.38517,0,
0.0000,-0.1975,4.38533,0,
0.0000,-0.2050,4.38550,0,
0.0000,-0.2100,4.38567,0,
0.0000,-0.2175,4.38583,0,
0.0000,-0.2225,4.38600,0,
0.0000,-0.2300,4.38617,0,
0.0000,-0.2350,4.38633,0,
0.0000,-0.2400,4.38650,0,
0.0000,-0.2475,4.38667,0,
0.0000,-0.2550,4.38683,0,
0.0000,-0.2600,4.38700,0,
0.0000,-0.2675,4.38717,0,
0.0000,-0.2750,4.38733,0,
0.0000,-0.2825,4.38750,0,
0.0000,-0.2900,4.38767,0,
0.0000,-0.2950,4.38783,0,
0.0000,-0.3025,4.38800,0,
0.0000,-0.3100,4.38817,0,
0.0000,-0.3175,4.38833,0,
0.0000,-0.3250,4.38850,0,
0.0000,-0.3325,4.38867,0,
0.0000,-0.3400,4.38883,0,
-0.0372,-0.3475,4.38900,0,
0.0000,-0.3550,4.38917,0,
0.0000,-0.3625,4.38933,0,
0.0000,-0.3675,4.38950,0,
0.0000,-0.3750,4.38967,0,
0.0000,-0.3825,4.38983,0,
0.0000,-0.3900,4.39000,0,
0.0000,-0.3975,4.39017,0,
-0.0372,-0.4050,4.39033,0,
0.0000,-0.4125,4.39050,0,
0.0000,-0.4200,4.39067,0,
0.0000,-0.4275,4.39083,0,
0.0000,-0.4350,4.39100,0,
0.0000,-0.4425,4.39117,0,
0.0000,-0.4500,4.39133,0,
0.0000,-0.4575,4.39150,0,
0.0000,-0.4650,4.39167,0,
0.0000,-0.4725,4.39183,0,
0.0000,-0.4800,4.39200,0,
0.0000,-0.4875,4.39217,0,
0.0000,-0.4975,4.39233,0,
0.0000,-0.5050,4.39250,0,
0.0000,-0.5125,4.39267,0,
0.0000,-0.5200,4.39283,0,
0.0000,-0.5275,4.39300,0,
0.0000,-0.5350,4.39317,0,
0.0000,-0.5450,4.39333,0,
0.0000,-0.5525,4.39350,0,
0.0000,-0.5600,4.39367,0,
0.0000,-0.5675,4.39383,0,
0.0000,-0.5750,4.39400,0,
0.0000,-0.5825,4.39417,0,
0.0000,-0.5900,4.39433,0,
-0.0372,-0.6000,4.39450,0,
0.0000,-0.6075,4.39467,0,
0.0000,-0.6150,4.39483,0,
0.0000,-0.6225,4.39500,0,
0.0000,-0.6325,4.39517,0,
0.0000,-0.6400,4.39533,0,
0.0000,-0.6475,4.39550,0,
0.0000,-0.6575,4.39567,0,
0.0000,-0.6650,4.39583,0,
-0.0372,-0.6725,4.39600,0,
0.0000,-0.6825,4.39617,0,
0.0000,-0.6900,4.39633,0,
0.0000,-0.6975,4.39650,0,
0.0000,-0.7050,4.39667,0,
0.0000,-0.7150,4.39683,0,
0.0000,-0.7225,4.39700,0,
0.0000,-0.7300,4.39717,0,
0.0000,-0.7375,4.39733,0,
0.0000,-0.7450,4.39750,0,
0.0000,-0.7550,4.39767,0,
-0.0372,-0.7625,4.39783,0,
-0.0372,-0.7700,4.39800,0,
-0.0372,-0.7800,4.39817,0,
-0.0372,-0.7875,4.39833,0,
-0.0745,-0.7950,4.39850,0,
-0.0745,-0.8050,4.39867,0,
-0.1117,-0.8125,4.39883,0,
-0.1489,-0.8200,4.39900,0,
-0.1861,-0.8300,4.39917,0,
-0.2234,-0.8375,4.39933,0,
-0.2978,-0.8450,4.39950,0,
-0.4095,-0.8550,4.39967,0,
-0.4840,-0.8625,4.39983,0,
-0.5957,-0.8700,4.40000,0,
-0.7074,-0.8800,4.40017,0,
-0.8191,-0.8875,4.40033,0,
-0.9308,-0.8950,4.40050,0,
-1.0424,-0.9025,4.40067,0,
-1.1541,-0.9125,4.40083,0,
-1.3031,-0.9200,4.40100,0,
-1.4147,-0.9275,4.40117,0,
-1.5637,-0.9375,4.40133,0,
-1.6754,-0.9450,4.40150,0,
-1.8243,-0.9525,4.40167,0,
-1.9360,-0.9625,4.40183,0,
-2.0477,-0.9700,4.40200,0,
-2.1966,-0.9800,4.40217,0,
-2.3083,-0.9875,4.40233,0,
-2.4572,-0.9975,4.40250,0,
-2.5689,-1.0050,4.40267,0,
-2.6806,-1.0125,4.40283,0,
-2.8295,-1.0225,4.40300,0,
-2.9412,-1.0300,4.40317,0,
-3.0901,-1.0400,4.40333,0,
-3.2018,-1.0475,4.40350,0,
-3.3135,-1.0550,4.40367,0,
-3.4252,-1.0625,4.40383,0,
-3.5369,-1.0700,4.40400,0,
-3.6485,-1.0800,4.40417,0,
-3.7602,-1.0875,4.40433,0,
-3.8347,-1.0950,4.40450,0,
-3.9464,-1.1025,4.40467,0,
-4.0581,-1.1125,4.40483,0,
-4.1698,-1.1200,4.40500,0,
-4.2442,-1.1275,4.40517,0,
-4.3559,-1.1375,4.40533,0,
-4.4676,-1.1450,4.40550,0,
-4.5421,-1.1550,4.40567,0,
-4.6538,-1.1625,4.40583,0,
-4.7282,-1.1700,4.40600,0,
-4.8027,-1.1800,4.40617,0,
-4.8771,-1.1875,4.40633,0,
-4.9516,-1.1950,4.40650,0,
-5.0261,-1.2050,4.40667,0,
-5.0633,-1.2125,4.40683,0,
-5.1750,-1.2200,4.40700,0,
-5.2494,-1.2275,4.40717,0,
-5.2867,-1.2350,4.40733,0,
-5.3611,-1.2450,4.40750,0,
-5.4356,-1.2525,4.40767,0,
-5.5101,-1.2600,4.40783,0,
-5.5473,-1.2675,4.40800,0,
-5.6217,-1.2750,4.40817,0,
-5.6962,-1.2850,4.40833,0,
-5.7707,-1.2925,4.40850,0,
-5.8824,-1.3000,4.40867,0,
-5.9940,-1.3100,4.40883,0,
-6.1057,-1.3175,4.40900,0,
-6.1802,-1.3275,4.40917,0,
-6.2919,-1.3350,4.40933,0,
-6.4036,-1.3425,4.40950,0,
-6.5153,-1.3525,4.40967,0,
-6.6270,-1.3600,4.40983,0,
-6.7014,-1.3675,4.41000,0,
-6.8131,-1.3750,4.41017,0,
-6.8876,-1.3825,4.41033,0,
-6.9993,-1.3925,4.41050,0,
-7.0737,-1.4000,4.41067,0,
-7.1482,-1.4075,4.41083,0,
-7.2599,-1.4150,4.41100,0,
-7.3343,-1.4250,4.41117,0,
-7.4088,-1.4325,4.41133,0,
-7.4832,-1.4400,4.41150,0,
-7.5949,-1.4475,4.41167,0,
-7.6694,-1.4575,4.41183,0,
-7.7811,-1.4650,4.41200,0,
-7.8928,-1.4725,4.41217,0,
-8.0045,-1.4825,4.41233,0,
-8.1162,-1.4900,4.41250,0,
-8.1906,-1.4975,4.41267,0,
-8.2651,-1.5075,4.41283,0,
-8.3768,-1.5150,4.41300,0,
-8.4512,-1.5225,4.41317,0,
-8.5629,-1.5300,4.41333,0,
-8.6374,-1.5400,4.41350,0,
-8.7491,-1.5475,4.41367,0,
-8.8235,-1.5550,4.41383,0,
-8.9352,-1.5650,4.41400,0,
-9.0097,-1.5725,4.41417,0,
-9.1214,-1.5800,4.41433,0,
-9.2331,-1.5875,4.41450,0,
-9.3075,-1.5950,4.41467,0,
-9.4192,-1.6050,4.41483,0,
-9.5309,-1.6125,4.41500,0,
-9.6426,-1.6200,4.41517,0,
-9.7171,-1.6300,4.41533,0,
-9.8287,-1.6375,4.41550,0,
-9.9032,-1.6475,4.41567,0,
-10.0149,-1.6550,4.41583,0,
-10.1266,-1.6625,4.41600,0,
-10.2383,-1.6725,4.41617,0,
-10.3500,-1.6800,4.41633,0,
-10.4617,-1.6900,4.41650,0,
-10.5733,-1.6975,4.41667,0,
-10.6850,-1.7050,4.41683,0,
-10.7595,-1.7125,4.41700,0,
-10.8712,-1.7200,4.41717,0,
-10.9456,-1.7300,4.41733,0,
-11.0201,-1.7375,4.41750,0,
-11.1318,-1.7450,4.41767,0,
-11.2435,-1.7525,4.41783,0,
-11.3552,-1.7625,4.41800,0,
-11.4296,-1.7700,4.41817,0,
-11.5413,-1.7775,4.41833,0,
-11.6158,-1.7875,4.41850,0,
-11.6902,-1.7950,4.41867,0,
-11.8019,-1.8025,4.41883,0,
-11.8764,-1.8125,4.41900,0,
-11.9509,-1.8200,4.41917,0,
-12.0253,-1.8300,4.41933,0,
-12.1370,-1.8375,4.41950,0,
-12.1742,-1.8450,4.41967,0,
-12.2487,-1.8550,4.41983,0,
-12.2859,-1.8625,4.42000,0,
-12.3604,-1.8725,4.42017,0,
-12.4348,-1.8800,4.42033,0,
-12.5093,-1.8875,4.42050,0,
-12.5465,-1.8950,4.42067,0,
-12.6210,-1.9050,4.42083,0,
-12.6582,-1.9125,4.42100,0,
-12.7327,-1.9200,4.42117,0,
-12.8071,-1.9300,4.42133,0,
-12.8816,-1.9375,4.42150,0,
-12.9561,-1.9450,4.42167,0,
-13.0305,-1.9550,4.42183,0,
-13.1050,-1.9625,4.42200,0,
-13.1794,-1.9700,4.42217,0,
-13.2539,-1.9800,4.42233,0,
-13.3284,-1.9875,4.42250,0,
-13.4028,-1.9975,4.42267,0,
-13.5145,-2.0050,4.42283,0,
-13.5890,-2.0150,4.42300,0,
-13.6634,-2.0225,4.42317,0,
-13.7379,-2.0300,4.42333,0,
-13.8124,-2.0375,4.42350,0,
-13.8868,-2.0450,4.42367,0,
-13.9613,-2.0550,4.42383,0,
-13.9985,-2.0625,4.42400,0,
-14.0730,-2.0700,4.42417,0,
-14.1474,-2.0775,4.42433,0,
-14.2219,-2.0850,4.42450,0,
-14.3336,-2.0925,4.42467,0,
-14.4080,-2.1025,4.42483,0,
-14.4825,-2.1100,4.42500,0,
-14.5570,-2.1175,4.42517,0,
-14.6314,-2.1250,4.42533,0,
-14.7431,-2.1350,4.42550,0,
-14.8176,-2.1425,4.42567,0,
-14.8920,-2.1500,4.42583,0,
-14.9293,-2.1575,4.42600,0,
-15.0037,-2.1675,4.42617,0,
-15.0782,-2.1750,4.42633,0,
-15.1526,-2.1825,4.42650,0,
-15.2271,-2.1925,4.42667,0,
-15.3016,-2.2000,4.42683,0,
-15.3388,-2.2075,4.42700,0,
-15.3760,-2.2175,4.42717,0,
-15.4505,-2.2250,4.42733,0,
-15.4877,-2.2325,4.42750,0,
-15.5249,-2.2400,4.42767,0,
-15.5622,-2.2475,4.42783,0,
-15.6366,-2.2575,4.42800,0,
-15.6366,-2.2650,4.42817,0,
-15.7111,-2.2725,4.42833,0,
-15.7483,-2.2800,4.42850,0,
-15.7856,-2.2900,4.42867,0,
-15.8228,-2.2975,4.42883,0,
-15.9345,-2.3075,4.42900,0,
-15.9717,-2.3150,4.42917,0,
-16.0089,-2.3225,4.42933,0,
-16.0834,-2.3325,4.42950,0,
-16.1206,-2.3400,4.42967,0,
-16.1951,-2.3500,4.42983,0,
-16.2323,-2.3575,4.43000,0,
-16.2695,-2.3650,4.43017,0,
-16.3440,-2.3725,4.43033,0,
-16.3812,-2.3825,4.43050,0,
-16.4557,-2.3900,4.43067,0,
-16.4929,-2.3975,4.43083,0,
-16.5674,-2.4050,4.43100,0,
-16.6046,-2.4150,4.43117,0,
-16.6418,-2.4225,4.43133,0,
-16.7163,-2.4300,4.43150,0,
-16.7535,-2.4400,4.43167,0,
-16.8280,-2.4475,4.43183,0,
-16.9025,-2.4550,4.43200,0,
-16.9397,-2.4650,4.43217,0,
-16.9769,-2.4725,4.43233,0,
-16.9769,-2.4800,4.43250,0,
-16.9769,-2.4875,4.43267,0,
-17.0141,-2.4975,4.43283,0,
-17.0886,-2.5050,4.43300,0,
-17.1631,-2.5125,4.43317,0,
-17.2003,-2.5225,4.43333,0,
-17.2748,-2.5300,4.43350,0,
-17.3120,-2.5375,4.43367,0,
-17.3864,-2.5475,4.43383,0,
-17.4237,-2.5550,4.43400,0,
-17.4981,-2.5625,4.43417,0,
-17.4981,-2.5700,4.43433,0,
-17.5354,-2.5800,4.43450,0,
-17.5726,-2.5875,4.43467,0,
-17.6098,-2.5950,4.43483,0,
-17.6471,-2.6025,4.43500,0,
-17.6843,-2.6125,4.43517,0,
-17.7215,-2.6200,4.43533,0,
-17.7960,-2.6275,4.43550,0,
-17.8332,-2.6375,4.43567,0,
-17.9077,-2.6450,4.43583,0,
-17.9449,-2.6550,4.43600,0,
-18.0194,-2.6625,4.43617,0,
-18.0566,-2.6700,4.43633,0,
-18.1311,-2.6800,4.43650,0,
-18.1683,-2.6875,4.43667,0,
-18.2055,-2.6950,4.43683,0,
-18.2800,-2.7050,4.43700,0,
-18.3172,-2.7125,4.43717,0,
-18.3544,-2.7200,4.43733,0,
-18.3917,-2.7300,4.43750,0,
-18.4661,-2.7375,4.43767,0,
-18.5033,-2.7450,4.43783,0,
-18.5406,-2.7525,4.43800,0,
-18.5778,-2.7625,4.43817,0,
-18.6150,-2.7700,4.43833,0,
-18.6895,-2.7800,4.43850,0,
-18.6895,-2.7875,4.43867,0,
-18.6895,-2.7950,4.43883,0,
-18.7267,-2.8050,4.43900,0,
-18.7640,-2.8125,4.43917,0,
-18.7640,-2.8225,4.43933,0,
-18.8012,-2.8300,4.43950,0,
-18.8384,-2.8400,4.43967,0,
-18.9129,-2.8475,4.43983,0,
-18.9501,-2.8550,4.44000,0,
-18.9873,-2.8650,4.44017,0,
-19.0246,-2.8725,4.44033,0,
-19.0618,-2.8800,4.44050,0,
-19.0990,-2.8900,4.44067,0,
-19.0990,-2.8975,4.44083,0,
-19.1363,-2.9050,4.44100,0,
-19.1363,-2.9125,4.44117,0,
-19.1363,-2.9225,4.44133,0,
-19.1735,-2.9300,4.44150,0,
-19.1735,-2.9375,4.44167,0,
-19.2107,-2.9475,4.44183,0,
-19.2480,-2.9550,4.44200,0,
-19.2852,-2.9650,4.44217,0,
-19.3224,-2.9725,4.44233,0,
-19.3596,-2.9800,4.44250,0,
-19.3596,-2.9900,4.44267,0,
-19.3969,-2.9975,4.44283,0,
-19.4341,-3.0075,4.44300,0,
-19.4713,-3.0150,4.44317,0,
-19.4713,-3.0225,4.44333,0,
-19.5086,-3.0300,4.44350,0,
-19.5086,-3.0400,4.44367,0,
-19.5458,-3.0475,4.44383,0,
-19.5458,-3.0550,4.44400,0,
-19.5830,-3.0625,4.44417,0,
-19.6203,-3.0700,4.44433,0,
-19.6575,-3.0800,4.44450,0,
-19.6947,-3.0875,4.44467,0,
-19.7319,-3.0950,4.44483,0,
-19.7319,-3.1050,4.44500,0,
-19.8064,-3.1125,4.44517,0,
-19.8436,-3.1200,4.44533,0,
-19.8809,-3.1300,4.44550,0,
-19.9181,-3.1375,4.44567,0,
-19.9553,-3.1450,4.44583,0,
-19.9926,-3.1550,4.44600,0,
-20.0670,-3.1625,4.44617,0,
-20.1042,-3.1700,4.44633,0,
-20.1787,-3.1800,4.44650,0,
-20.1787,-3.1875,4.44667,0,
-20.2159,-3.1950,4.44683,0,
-20.2904,-3.2050,4.44700,0,
-20.3276,-3.2125,4.44717,0,
-20.3649,-3.2200,4.44733,0,
-20.4021,-3.2275,4.44750,0,
-20.4021,-3.2375,4.44767,0,
-20.4393,-3.2450,4.44783,0,
-20.4765,-3.2525,4.44800,0,
-20.5138,-3.2600,4.44817,0,
-20.5138,-3.2700,4.44833,0,
-20.5510,-3.2775,4.44850,0,
-20.6255,-3.2875,4.44867,0,
-20.6627,-3.2950,4.44883,0,
-20.6999,-3.3025,4.44900,0,
-20.7372,-3.3125,4.44917,0,
-20.8116,-3.3200,4.44933,0,
-20.8488,-3.3300,4.44950,0,
-20.8861,-3.3375,4.44967,0,
-20.9233,-3.3450,4.44983,0,
-20.9233,-3.3550,4.45000,0,
-20.9233,-3.3625,4.45017,0,
-20.9233,-3.3700,4.45033,0,
-20.9605,-3.3775,4.45050,0,
-20.9605,-3.3875,4.45067,0,
-20.9605,-3.3950,4.45083,0,
-20.9233,-3.4025,4.45100,0,
-20.9233,-3.4100,4.45117,0,
-20.9233,-3.4175,4.45133,0,
-20.9233,-3.4275,4.45150,0,
-20.9605,-3.4350,4.45167,0,
-21.0350,-3.4425,4.45183,0,
-21.0722,-3.4525,4.45200,0,
-21.0722,-3.4600,4.45217,0,
-21.1095,-3.4675,4.45233,0,
-21.1095,-3.4775,4.45250,0,
-21.1467,-3.4850,4.45267,0,
-21.1095,-3.4925,4.45283,0,
-21.1467,-3.5025,4.45300,0,
-21.1467,-3.5100,4.45317,0,
-21.1095,-3.5200,4.45333,0,
-21.1095,-3.5275,4.45350,0,
-21.1095,-3.5375,4.45367,0,
-21.1095,-3.5450,4.45383,0,
-21.0722,-3.5525,4.45400,0,
-21.0350,-3.5625,4.45417,0,
-21.0350,-3.5700,4.45433,0,
-21.0350,-3.5775,4.45450,0,
-21.0722,-3.5850,4.45467,0,
-21.1095,-3.5950,4.45483,0,
-21.1467,-3.6025,4.45500,0,
-21.1839,-3.6100,4.45517,0,
-21.2211,-3.6200,4.45533,0,
-21.2584,-3.6275,4.45550,0,
-21.3328,-3.6375,4.45567,0,
-21.3701,-3.6450,4.45583,0,
-21.4073,-3.6525,4.45600,0,
-21.4073,-3.6625,4.45617,0,
-21.4445,-3.6700,4.45633,0,
-21.4818,-3.6800,4.45650,0,
-21.5190,-3.6875,4.45667,0,
-21.5562,-3.6975,4.45683,0,
-21.6307,-3.7050,4.45700,0,
-21.6679,-3.7125,4.45717,0,
-21.7051,-3.7225,4.45733,0,
-21.7424,-3.7300,4.45750,0,
-21.7796,-3.7375,4.45767,0,
-21.8168,-3.7450,4.45783,0,
-21.8541,-3.7550,4.45800,0,
-21.8541,-3.7625,4.45817,0,
-21.8913,-3.7700,4.45833,0,
-21.8913,-3.7800,4.45850,0,
-21.9285,-3.7875,4.45867,0,
-21.9285,-3.7975,4.45883,0,
-21.9285,-3.8050,4.45900,0,
-21.9285,-3.8125,4.45917,0,
-21.9285,-3.8225,4.45933,0,
-21.9657,-3.8300,4.45950,0,
-21.9657,-3.8400,4.45967,0,
-21.9657,-3.8475,4.45983,0,
-21.9657,-3.8550,4.46000,0,
-21.9657,-3.8650,4.46017,0,
-21.9657,-3.8725,4.46033,0,
-21.9657,-3.8825,4.46050,0,
-21.9657,-3.8900,4.46067,0,
-21.9657,-3.8975,4.46083,0,
-21.9657,-3.9050,4.46100,0,
-21.9657,-3.9125,4.46117,0,
-21.9657,-3.9225,4.46133,0,
-21.9657,-3.9300,4.46150,0,
-21.9657,-3.9375,4.46167,0,
-21.9657,-3.9475,4.46183,0,
-21.9657,-3.9550,4.46200,0,
-21.9657,-3.9625,4.46217,0,
-21.9657,-3.9725,4.46233,0,
-21.9657,-3.9800,4.46250,0,
-22.0030,-3.9900,4.46267,0,
-22.0030,-3.9975,4.46283,0,
-22.0030,-4.0050,4.46300,0,
-22.0030,-4.0150,4.46317,0,
-22.0030,-4.0225,4.46333,0,
-21.9657,-4.0300,4.46350,0,
-21.9657,-4.0400,4.46367,0,
-21.9657,-4.0475,4.46383,0,
-21.9657,-4.0550,4.46400,0,
-21.9657,-4.0650,4.46417,0,
-21.9657,-4.0725,4.46433,0,
-21.9657,-4.0800,4.46450,0,
-21.9657,-4.0875,4.46467,0,
-21.9285,-4.0975,4.46483,0,
-21.9285,-4.1050,4.46500,0,
-21.9285,-4.1125,4.46517,0,
-21.8913,-4.1225,4.46533,0,
-21.8913,-4.1300,4.46550,0,
-21.8913,-4.1375,4.46567,0,
-21.8913,-4.1475,4.46583,0,
-21.8913,-4.1550,4.46600,0,
-21.8913,-4.1625,4.46617,0,
-21.8913,-4.1725,4.46633,0,
-21.8913,-4.1800,4.46650,0,
-21.8913,-4.1875,4.46667,0,
-21.9285,-4.1975,4.46683,0,
-21.9285,-4.2050,4.46700,0,
-21.9657,-4.2125,4.46717,0,
-21.9657,-4.2225,4.46733,0,
-22.0030,-4.2300,4.46750,0,
-22.0402,-4.2375,4.46767,0,
-22.0774,-4.2450,4.46783,0,
-22.1147,-4.2550,4.46800,0,
-22.1147,-4.2625,4.46817,0,
-22.1519,-4.2700,4.46833,0,
-22.1891,-4.2800,4.46850,0,
-22.2264,-4.2875,4.46867,0,
-22.2636,-4.2950,4.46883,0,
-22.2636,-4.3050,4.46900,0,
-22.3008,-4.3125,4.46917,0,
-22.3008,-4.3225,4.46933,0,
-22.3008,-4.3300,4.46950,0,
-22.3008,-4.3400,4.46967,0,
-22.3008,-4.3475,4.46983,0,
-22.3380,-4.3550,4.47000,0,
-22.3380,-4.3650,4.47017,0,
-22.3380,-4.3725,4.47033,0,
-22.3753,-4.3800,4.47050,0,
-22.3753,-4.3875,4.47067,0,
-22.3753,-4.3975,4.47083,0,
-22.3753,-4.4050,4.47100,0,
-22.3753,-4.4125,4.47117,0,
-22.3753,-4.4200,4.47133,0,
-22.3380,-4.4300,4.47150,0,
-22.3008,-4.4375,4.47167,0,
-22.2636,-4.4475,4.47183,0,
-22.2636,-4.4550,4.47200,0,
-22.2264,-4.4625,4.47217,0,
-22.1891,-4.4725,4.47233,0,
-22.1519,-4.4800,4.47250,0,
-22.1519,-4.4875,4.47267,0,
-22.1147,-4.4950,4.47283,0,
-22.1147,-4.5050,4.47300,0,
-22.1147,-4.5125,4.47317,0,
-22.0774,-4.5225,4.47333,0,
-22.0774,-4.5300,4.47350,0,
-22.0774,-4.5400,4.47367,0,
-22.0774,-4.5475,4.47383,0,
-22.0774,-4.5550,4.47400,0,
-22.1147,-4.5625,4.47417,0,
-22.1147,-4.5700,4.47433,0,
-22.1147,-4.5775,4.47450,0,
-22.1519,-4.5875,4.47467,0,
-22.1519,-4.5950,4.47483,0,
-22.1891,-4.6025,4.47500,0,
-22.1891,-4.6100,4.47517,0,
-22.1891,-4.6200,4.47533,0,
-22.2264,-4.6275,4.47550,0,
-22.2264,-4.6350,4.47567,0,
-22.2264,-4.6450,4.47583,0,
-22.2264,-4.6525,4.47600,0,
-22.2636,-4.6625,4.47617,0,
-22.2636,-4.6700,4.47633,0,
-22.2636,-4.6775,4.47650,0,
-22.3008,-4.6875,4.47667,0,
-22.3008,-4.6950,4.47683,0,
-22.3008,-4.7025,4.47700,0,
-22.3008,-4.7125,4.47717,0,
-22.3008,-4.7200,4.47733,0,
-22.3380,-4.7275,4.47750,0,
-22.3380,-4.7350,4.47767,0,
-22.3008,-4.7425,4.47783,0,
-22.3380,-4.7525,4.47800,0,
-22.3380,-4.7600,4.47817,0,
-22.3380,-4.7700,4.47833,0,
-22.3380,-4.7775,4.47850,0,
-22.3380,-4.7850,4.47867,0,
-22.3380,-4.7950,4.47883,0,
-22.3008,-4.8025,4.47900,0,
-22.3008,-4.8100,4.47917,0,
-22.3008,-4.8200,4.47933,0,
-22.3008,-4.8275,4.47950,0,
-22.3008,-4.8375,4.47967,0,
-22.3008,-4.8450,4.47983,0,
-22.3008,-4.8525,4.48000,0,
-22.3008,-4.8625,4.48017,0,
-22.3008,-4.8700,4.48033,0,
-22.3008,-4.8775,4.48050,0,
-22.3008,-4.8875,4.48067,0,
-22.3008,-4.8950,4.48083,0,
-22.2636,-4.9025,4.48100,0,
-22.2636,-4.9100,4.48117,0,
-22.2636,-4.9200,4.48133,0,
-22.2264,-4.9275,4.48150,0,
-22.2264,-4.9350,4.48167,0,
-22.2264,-4.9450,4.48183,0,
-22.2264,-4.9525,4.48200,0,
-22.2264,-4.9625,4.48217,0,
-22.2264,-4.9700,4.48233,0,
-22.2264,-4.9800,4.48250,0,
-22.2264,-4.9875,4.48267,0,
-22.1891,-4.9950,4.48283,0,
-22.1891,-5.0050,4.48300,0,
-22.1891,-5.0125,4.48317,0,
-22.2264,-5.0200,4.48333,0,
-22.2264,-5.0300,4.48350,0,
-22.2264,-5.0375,4.48367,0,
-22.2264,-5.0450,4.48383,0,
-22.2264,-5.0525,4.48400,0,
-22.2636,-5.0625,4.48417,0,
-22.2264,-5.0700,4.48433,0,
-22.2636,-5.0775,4.48450,0,
-22.2636,-5.0850,4.48467,0,
-22.3008,-5.0950,4.48483,0,
-22.3008,-5.1025,4.48500,0,
-22.3008,-5.1125,4.48517,0,
-22.3008,-5.1200,4.48533,0,
-22.3008,-5.1275,4.48550,0,
-22.2636,-5.1375,4.48567,0,
-22.2636,-5.1450,4.48583,0,
-22.2264,-5.1550,4.48600,0,
-22.1891,-5.1625,4.48617,0,
-22.1891,-5.1700,4.48633,0,
-22.1891,-5.1800,4.48650,0,
-22.1891,-5.1875,4.48667,0,
-22.1519,-5.1950,4.48683,0,
-22.1519,-5.2050,4.48700,0,
-22.1147,-5.2125,4.48717,0,
-22.1147,-5.2200,4.48733,0,
-22.0774,-5.2275,4.48750,0,
-22.0774,-5.2375,4.48767,0,
-22.0774,-5.2450,4.48783,0,
-22.0774,-5.2525,4.48800,0,
-22.0402,-5.2600,4.48817,0,
-22.0402,-5.2675,4.48833,0,
-22.0402,-5.2775,4.48850,0,
-22.0402,-5.2850,4.48867,0,
-22.0402,-5.2925,4.48883,0,
-22.0774,-5.3025,4.48900,0,
-22.0774,-5.3100,4.48917,0,
-22.0774,-5.3200,4.48933,0,
-22.0774,-5.3275,4.48950,0,
-22.0774,-5.3350,4.48967,0,
-22.0402,-5.3450,4.48983,0,
-22.0402,-5.3525,4.49000,0,
-22.0402,-5.3600,4.49017,0,
-22.0030,-5.3700,4.49033,0,
-21.9657,-5.3775,4.49050,0,
-21.9657,-5.3850,4.49067,0,
-21.9657,-5.3925,4.49083,0,
-21.9285,-5.4025,4.49100,0,
-21.9285,-5.4100,4.49117,0,
-21.9285,-5.4175,4.49133,0,
-21.9285,-5.4250,4.49150,0,
-21.8913,-5.4350,4.49167,0,
-21.9285,-5.4425,4.49183,0,
-21.9285,-5.4500,4.49200,0,
-21.9285,-5.4600,4.49217,0,
-21.9285,-5.4675,4.49233,0,
-21.9285,-5.4750,4.49250,0,
-21.9285,-5.4850,4.49267,0,
-21.9285,-5.4925,4.49283,0,
-21.9285,-5.5000,4.49300,0,
-21.9285,-5.5100,4.49317,0,
-21.9285,-5.5175,4.49333,0,
-21.9285,-5.5250,4.49350,0,
-21.9285,-5.5350,4.49367,0,
-21.8913,-5.5425,4.49383,0,
-21.9285,-5.5500,4.49400,0,
-21.9285,-5.5600,4.49417,0,
-21.9285,-5.5675,4.49433,0,
-21.8913,-5.5750,4.49450,0,
-21.8913,-5.5850,4.49467,0,
-21.8913,-5.5925,4.49483,0,
-21.8541,-5.6000,4.49500,0,
-21.8541,-5.6100,4.49517,0,
-21.8541,-5.6175,4.49533,0,
-21.8541,-5.6250,4.49550,0,
-21.8913,-5.6350,4.49567,0,
-21.8913,-5.6425,4.49583,0,
-21.8913,-5.6525,4.49600,0,
-21.8913,-5.6600,4.49617,0,
-21.8913,-5.6675,4.49633,0,
-21.8913,-5.6775,4.49650,0,
-21.8913,-5.6850,4.49667,0,
-21.8541,-5.6950,4.49683,0,
-21.8541,-5.7025,4.49700,0,
-21.8168,-5.7100,4.49717,0,
-21.7796,-5.7200,4.49733,0,
-21.7796,-5.7275,4.49750,0,
-21.7424,-5.7350,4.49767,0,
-21.7424,-5.7425,4.49783,0,
-21.7051,-5.7525,4.49800,0,
-21.7051,-5.7600,4.49817,0,
-21.6679,-5.7675,4.49833,0,
-21.6679,-5.7775,4.49850,0,
-21.6679,-5.7850,4.49867,0,
-21.6307,-5.7925,4.49883,0,
-21.6307,-5.8025,4.49900,0,
-21.6307,-5.8100,4.49917,0,
-21.6307,-5.8175,4.49933,0,
-21.5934,-5.8275,4.49950,0,
-21.5934,-5.8350,4.49967,0,
-21.5934,-5.8425,4.49983,0,
-21.5934,-5.8525,4.50000,0,
-21.5934,-5.8600,4.50017,0,
-21.5934,-5.8675,4.50033,0,
-21.5934,-5.8750,4.50050,0,
-21.5934,-5.8850,4.50067,0,
-21.5934,-5.8925,4.50083,0,
-21.5562,-5.9000,4.50100,0,
-21.5562,-5.9100,4.50117,0,
-21.5562,-5.9175,4.50133,0,
-21.5190,-5.9250,4.50150,0,
-21.5190,-5.9325,4.50167,0,
-21.5190,-5.9425,4.50183,0,
-21.4818,-5.9500,4.50200,0,
-21.4818,-5.9600,4.50217,0,
-21.4818,-5.9675,4.50233,0,
-21.4445,-5.9775,4.50250,0,
-21.4073,-5.9850,4.50267,0,
-21.3701,-5.9950,4.50283,0,
-21.3701,-6.0025,4.50300,0,
-21.3701,-6.0100,4.50317,0,
-21.3701,-6.0200,4.50333,0,
-21.3701,-6.0275,4.50350,0,
-21.3701,-6.0375,4.50367,0,
-21.3328,-6.0450,4.50383,0,
-21.3328,-6.0525,4.50400,0,
-21.3328,-6.0600,4.50417,0,
-21.3328,-6.0675,4.50433,0,
-21.3328,-6.0775,4.50450,0,
-21.3328,-6.0850,4.50467,0,
-21.3328,-6.0925,4.50483,0,
-21.3328,-6.1025,4.50500,0,
-21.3328,-6.1100,4.50517,0,
-21.3328,-6.1200,4.50533,0,
-21.3328,-6.1275,4.50550,0,
-21.3328,-6.1350,4.50567,0,
-21.2956,-6.1450,4.50583,0,
-21.2584,-6.1525,4.50600,0,
-21.2584,-6.1600,4.50617,0,
-21.2211,-6.1700,4.50633,0,
-21.2211,-6.1775,4.50650,0,
-21.2211,-6.1875,4.50667,0,
-21.2211,-6.1950,4.50683,0,
-21.1839,-6.2025,4.50700,0,
-21.1839,-6.2125,4.50717,0,
-21.1839,-6.2200,4.50733,0,
-21.1839,-6.2275,4.50750,0,
-21.1839,-6.2375,4.50767,0,
-21.1839,-6.2450,4.50783,0,
-21.1839,-6.2525,4.50800,0,
-21.1839,-6.2600,4.50817,0,
-21.1839,-6.2700,4.50833,0,
-21.1839,-6.2775,4.50850,0,
-21.1839,-6.2850,4.50867,0,
-21.1839,-6.2950,4.50883,0,
-21.1839,-6.3025,4.50900,0,
-21.1467,-6.3100,4.50917,0,
-21.1467,-6.3200,4.50933,0,
-21.1467,-6.3275,4.50950,0,
-21.1467,-6.3375,4.50967,0,
-21.1467,-6.3450,4.50983,0,
-21.1467,-6.3525,4.51000,0,
-21.1467,-6.3625,4.51017,0,
-21.1095,-6.3700,4.51033,0,
-21.1095,-6.3775,4.51050,0,
-21.1095,-6.3875,4.51067,0,
-21.1095,-6.3950,4.51083,0,
-21.1095,-6.4025,4.51100,0,
-21.1095,-6.4100,4.51117,0,
-21.1095,-6.4200,4.51133,0,
-21.1095,-6.4275,4.51150,0,
-21.1095,-6.4350,4.51167,0,
-21.1467,-6.4450,4.51183,0,
-21.1467,-6.4525,4.51200,0,
-21.1467,-6.4600,4.51217,0,
-21.1467,-6.4675,4.51233,0,
-21.1839,-6.4775,4.51250,0,
-21.2211,-6.4850,4.51267,0,
-21.1839,-6.4925,4.51283,0,
-21.1467,-6.5025,4.51300,0,
-21.0722,-6.5100,4.51317,0,
-21.0722,-6.5175,4.51333,0,
-21.0722,-6.5275,4.51350,0,
-21.1095,-6.5350,4.51367,0,
-21.1467,-6.5425,4.51383,0,
-21.1839,-6.5525,4.51400,0,
-21.1839,-6.5600,4.51417,0,
-21.1839,-6.5675,4.51433,0,
-21.1839,-6.5750,4.51450,0,
-21.1839,-6.5850,4.51467,0,
-21.1839,-6.5925,4.51483,0,
-21.2211,-6.6000,4.51500,0,
-21.2211,-6.6100,4.51517,0,
-21.1467,-6.6175,4.51533,0,
-21.0722,-6.6275,4.51550,0,
-20.9605,-6.6350,4.51567,0,
-20.9233,-6.6425,4.51583,0,
-20.8861,-6.6525,4.51600,0,
-20.8861,-6.6600,4.51617,0,
-20.9233,-6.6700,4.51633,0,
-20.9233,-6.6775,4.51650,0,
-20.9233,-6.6850,4.51667,0,
-20.9233,-6.6950,4.51683,0,
-20.9605,-6.7025,4.51700,0,
-20.9605,-6.7100,4.51717,0,
-20.9605,-6.7175,4.51733,0,
-20.9605,-6.7250,4.51750,0,
-20.9605,-6.7350,4.51767,0,
-20.9605,-6.7425,4.51783,0,
-20.9605,-6.7500,4.51800,0,
-20.9605,-6.7575,4.51817,0,
-20.9233,-6.7675,4.51833,0,
-20.9233,-6.7750,4.51850,0,
-20.9233,-6.7825,4.51867,0,
-20.9233,-6.7925,4.51883,0,
-20.8861,-6.8000,4.51900,0,
-20.8861,-6.8075,4.51917,0,
-20.8861,-6.8175,4.51933,0,
-20.8488,-6.8250,4.51950,0,
-20.8116,-6.8325,4.51967,0,
-20.7744,-6.8425,4.51983,0,
-20.7372,-6.8500,4.52000,0,
-20.6999,-6.8575,4.52017,0,
-20.6627,-6.8675,4.52033,0,
-20.6255,-6.8750,4.52050,0,
-20.5510,-6.8825,4.52067,0,
-20.5138,-6.8925,4.52083,0,
-20.4765,-6.9000,4.52100,0,
-20.4021,-6.9100,4.52117,0,
-20.4021,-6.9175,4.52133,0,
-20.3649,-6.9250,4.52150,0,
-20.3276,-6.9325,4.52167,0,
-20.3276,-6.9425,4.52183,0,
-20.3276,-6.9500,4.52200,0,
-20.3276,-6.9600,4.52217,0,
-20.3276,-6.9675,4.52233,0,
-20.3276,-6.9750,4.52250,0,
-20.3276,-6.9850,4.52267,0,
-20.3276,-6.9925,4.52283,0,
-20.3276,-7.0025,4.52300,0,
-20.3276,-7.0100,4.52317,0,
-20.3276,-7.0200,4.52333,0,
-20.3276,-7.0275,4.52350,0,
-20.3276,-7.0350,4.52367,0,
-20.3276,-7.0450,4.52383,0,
-20.2904,-7.0525,4.52400,0,
-20.2904,-7.0600,4.52417,0,
-20.2532,-7.0675,4.52433,0,
-20.2532,-7.0750,4.52450,0,
-20.2532,-7.0850,4.52467,0,
-20.2532,-7.0925,4.52483,0,
-20.2159,-7.1000,4.52500,0,
-20.2159,-7.1100,4.52517,0,
-20.2159,-7.1175,4.52533,0,
-20.2159,-7.1250,4.52550,0,
-20.2159,-7.1350,4.52567,0,
-20.2159,-7.1425,4.52583,0,
-20.2159,-7.1525,4.52600,0,
-20.1787,-7.1600,4.52617,0,
-20.1787,-7.1675,4.52633,0,
-20.1415,-7.1775,4.52650,0,
-20.1042,-7.1850,4.52667,0,
-20.0670,-7.1925,4.52683,0,
-20.0298,-7.2025,4.52700,0,
-19.9926,-7.2100,4.52717,0,
-19.9181,-7.2175,4.52733,0,
-19.8809,-7.2275,4.52750,0,
-19.8809,-7.2350,4.52767,0,
-19.8809,-7.2425,4.52783,0,
-19.8436,-7.2525,4.52800,0,
-19.8436,-7.2600,4.52817,0,
-19.8436,-7.2675,4.52833,0,
-19.8436,-7.2750,4.52850,0,
-19.8436,-7.2850,4.52867,0,
-19.8436,-7.2925,4.52883,0,
-19.8436,-7.3025,4.52900,0,
-19.8436,-7.3100,4.52917,0,
-19.8064,-7.3175,4.52933,0,
-19.8064,-7.3275,4.52950,0,
-19.7692,-7.3350,4.52967,0,
-19.7692,-7.3450,4.52983,0,
-19.7319,-7.3525,4.53000,0,
-19.6947,-7.3625,4.53017,0,
-19.6947,-7.3700,4.53033,0,
-19.6575,-7.3775,4.53050,0,
-19.6575,-7.3850,4.53067,0,
-19.6203,-7.3950,4.53083,0,
-19.5830,-7.4025,4.53100,0,
-19.5458,-7.4100,4.53117,0,
-19.5458,-7.4175,4.53133,0,
-19.4713,-7.4275,4.53150,0,
-19.4713,-7.4350,4.53167,0,
-19.4341,-7.4450,4.53183,0,
-19.4341,-7.4525,4.53200,0,
-19.4341,-7.4600,4.53217,0,
-19.3969,-7.4700,4.53233,0,
-19.3969,-7.4775,4.53250,0,
-19.3969,-7.4850,4.53267,0,
-19.3969,-7.4950,4.53283,0,
-19.3969,-7.5025,4.53300,0,
-19.3224,-7.5100,4.53317,0,
-19.3224,-7.5200,4.53333,0,
-19.3224,-7.5275,4.53350,0,
-19.2852,-7.5375,4.53367,0,
-19.2480,-7.5450,4.53383,0,
-19.2107,-7.5525,4.53400,0,
-19.2107,-7.5625,4.53417,0,
-19.1735,-7.5700,4.53433,0,
-19.1363,-7.5775,4.53450,0,
-19.1363,-7.5850,4.53467,0,
-19.0990,-7.5950,4.53483,0,
-19.0990,-7.6025,4.53500,0,
-19.0990,-7.6100,4.53517,0,
-19.0618,-7.6200,4.53533,0,
-19.0618,-7.6275,4.53550,0,
-19.0246,-7.6350,4.53567,0,
-19.0246,-7.6450,4.53583,0,
-18.9873,-7.6525,4.53600,0,
-18.9873,-7.6625,4.53617,0,
-18.9501,-7.6700,4.53633,0,
-18.9501,-7.6800,4.53650,0,
-18.9129,-7.6875,4.53667,0,
-18.9501,-7.6975,4.53683,0,
-18.9501,-7.7050,4.53700,0,
-18.9501,-7.7125,4.53717,0,
-18.9501,-7.7225,4.53733,0,
-18.9501,-7.7300,4.53750,0,
-18.9129,-7.7375,4.53767,0,
-18.9129,-7.7450,4.53783,0,
-18.8757,-7.7550,4.53800,0,
-18.8384,-7.7625,4.53817,0,
-18.8384,-7.7700,4.53833,0,
-18.8384,-7.7800,4.53850,0,
-18.8012,-7.7875,4.53867,0,
-18.8012,-7.7975,4.53883,0,
-18.8012,-7.8050,4.53900,0,
-18.8012,-7.8150,4.53917,0,
-18.7640,-7.8225,4.53933,0,
-18.7267,-7.8300,4.53950,0,
-18.6895,-7.8400,4.53967,0,
-18.6895,-7.8475,4.53983,0,
-18.6523,-7.8575,4.54000,0,
-18.6150,-7.8650,4.54017,0,
-18.6150,-7.8725,4.54033,0,
-18.6150,-7.8825,4.54050,0,
-18.6150,-7.8900,4.54067,0,
-18.5778,-7.9000,4.54083,0,
-18.5778,-7.9075,4.54100,0,
-18.5406,-7.9150,4.54117,0,
-18.5406,-7.9225,4.54133,0,
-18.5406,-7.9325,4.54150,0,
-18.5033,-7.9400,4.54167,0,
-18.5033,-7.9475,4.54183,0,
-18.5033,-7.9575,4.54200,0,
-18.5033,-7.9650,4.54217,0,
-18.5033,-7.9750,4.54233,0,
-18.5406,-7.9825,4.54250,0,
-18.5406,-7.9900,4.54267,0,
-18.5406,-8.0000,4.54283,0,
-18.5406,-8.0075,4.54300,0,
-18.5406,-8.0175,4.54317,0,
-18.5778,-8.0250,4.54333,0,
-18.5778,-8.0350,4.54350,0,
-18.5778,-8.0425,4.54367,0,
-18.5778,-8.0500,4.54383,0,
-18.5778,-8.0575,4.54400,0,
-18.5778,-8.0675,4.54417,0,
-18.5778,-8.0750,4.54433,0,
-18.5778,-8.0825,4.54450,0,
-18.5778,-8.0925,4.54467,0,
-18.5406,-8.1000,4.54483,0,
-18.5033,-8.1075,4.54500,0,
-18.5406,-8.1175,4.54517,0,
-18.5033,-8.1250,4.54533,0,
-18.5033,-8.1350,4.54550,0,
-18.5033,-8.1425,4.54567,0,
-18.4661,-8.1525,4.54583,0,
-18.4289,-8.1600,4.54600,0,
-18.3917,-8.1675,4.54617,0,
-18.3544,-8.1775,4.54633,0,
-18.3172,-8.1850,4.54650,0,
-18.3172,-8.1950,4.54667,0,
-18.3172,-8.2025,4.54683,0,
-18.3172,-8.2100,4.54700,0,
-18.3544,-8.2200,4.54717,0,
-18.3544,-8.2275,4.54733,0,
-18.3544,-8.2350,4.54750,0,
-18.3544,-8.2425,4.54767,0,
-18.3544,-8.2525,4.54783,0,
-18.3172,-8.2600,4.54800,0,
-18.3172,-8.2675,4.54817,0,
-18.3544,-8.2775,4.54833,0,
-18.3172,-8.2850,4.54850,0,
-18.2800,-8.2950,4.54867,0,
-18.2800,-8.3025,4.54883,0,
-18.2427,-8.3125,4.54900,0,
-18.2055,-8.3200,4.54917,0,
-18.2055,-8.3300,4.54933,0,
-18.1683,-8.3375,4.54950,0,
-18.1683,-8.3475,4.54967,0,
-18.1311,-8.3550,4.54983,0,
-18.0938,-8.3650,4.55000,0,
-18.0938,-8.3725,4.55017,0,
-18.0566,-8.3800,4.55033,0,
-18.0566,-8.3875,4.55050,0,
-18.0194,-8.3975,4.55067,0,
-18.0194,-8.4050,4.55083,0,
-18.0194,-8.4125,4.55100,0,
-18.0194,-8.4200,4.55117,0,
-17.9821,-8.4275,4.55133,0,
-17.9821,-8.4375,4.55150,0,
-17.9449,-8.4450,4.55167,0,
-17.9449,-8.4550,4.55183,0,
-17.9077,-8.4625,4.55200,0,
-17.9077,-8.4700,4.55217,0,
-17.8704,-8.4800,4.55233,0,
-17.8332,-8.4875,4.55250,0,
-17.7960,-8.4975,4.55267,0,
-17.7587,-8.5050,4.55283,0,
-17.7587,-8.5150,4.55300,0,
-17.7215,-8.5225,4.55317,0,
-17.7215,-8.5325,4.55333,0,
-17.6843,-8.5400,4.55350,0,
-17.6843,-8.5500,4.55367,0,
-17.6471,-8.5575,4.55383,0,
-17.6471,-8.5650,4.55400,0,
-17.5726,-8.5725,4.55417,0,
-17.5726,-8.5800,4.55433,0,
-17.5726,-8.5900,4.55450,0,
-17.5726,-8.5975,4.55467,0,
-17.5726,-8.6050,4.55483,0,
-17.5726,-8.6150,4.55500,0,
-17.5726,-8.6225,4.55517,0,
-17.5354,-8.6300,4.55533,0,
-17.5354,-8.6400,4.55550,0,
-17.3864,-8.6475,4.55567,0,
-17.3120,-8.6575,4.55583,0,
-17.2748,-8.6650,4.55600,0,
-17.2748,-8.6725,4.55617,0,
-17.2375,-8.6825,4.55633,0,
-17.2375,-8.6900,4.55650,0,
-17.2003,-8.7000,4.55667,0,
-17.2003,-8.7075,4.55683,0,
-17.2003,-8.7150,4.55700,0,
-17.2003,-8.7250,4.55717,0,
-17.2003,-8.7325,4.55733,0,
-17.1631,-8.7400,4.55750,0,
-17.2003,-8.7475,4.55767,0,
-17.2003,-8.7575,4.55783,0,
-17.1631,-8.7650,4.55800,0,
-17.1631,-8.7725,4.55817,0,
-17.1258,-8.7825,4.55833,0,
-17.1258,-8.7900,4.55850,0,
-17.0886,-8.7975,4.55867,0,
-17.0514,-8.8075,4.55883,0,
-17.0514,-8.8150,4.55900,0,
-17.0141,-8.8225,4.55917,0,
-17.0141,-8.8325,4.55933,0,
-16.9769,-8.8400,4.55950,0,
-16.9769,-8.8475,4.55967,0,
-16.9769,-8.8575,4.55983,0,
-16.9397,-8.8650,4.56000,0,
-16.9397,-8.8750,4.56017,0,
-16.9025,-8.8825,4.56033,0,
-16.9025,-8.8900,4.56050,0,
-16.9025,-8.8975,4.56067,0,
-16.9025,-8.9075,4.56083,0,
-16.9025,-8.9150,4.56100,0,
-16.9025,-8.9225,4.56117,0,
-16.9025,-8.9300,4.56133,0,
-16.9025,-8.9400,4.56150,0,
-16.9025,-8.9475,4.56167,0,
-16.9025,-8.9550,4.56183,0,
-16.9397,-8.9650,4.56200,0,
-16.9397,-8.9725,4.56217,0,
-16.9397,-8.9825,4.56233,0,
-16.9397,-8.9900,4.56250,0,
-16.9397,-9.0000,4.56267,0,
-16.9025,-9.0075,4.56283,0,
-16.8652,-9.0150,4.56300,0,
-16.8652,-9.0250,4.56317,0,
-16.8652,-9.0325,4.56333,0,
-16.8280,-9.0400,4.56350,0,
-16.7908,-9.0475,4.56367,0,
-16.7535,-9.0575,4.56383,0,
-16.7535,-9.0650,4.56400,0,
-16.7535,-9.0725,4.56417,0,
-16.7535,-9.0800,4.56433,0,
-16.7535,-9.0900,4.56450,0,
-16.7163,-9.0975,4.56467,0,
-16.7535,-9.1050,4.56483,0,
-16.7163,-9.1150,4.56500,0,
-16.7163,-9.1225,4.56517,0,
-16.7163,-9.1300,4.56533,0,
-16.7535,-9.1400,4.56550,0,
-16.7535,-9.1475,4.56567,0,
-16.7535,-9.1575,4.56583,0,
-16.7535,-9.1650,4.56600,0,
-16.7163,-9.1750,4.56617,0,
-16.7163,-9.1825,4.56633,0,
-16.7163,-9.1900,4.56650,0,
-16.7163,-9.2000,4.56667,0,
-16.7535,-9.2075,4.56683,0,
-16.7535,-9.2150,4.56700,0,
-16.7535,-9.2225,4.56717,0,
-16.7908,-9.2325,4.56733,0,
-16.7535,-9.2400,4.56750,0,
-16.6791,-9.2475,4.56767,0,
-16.6791,-9.2550,4.56783,0,
-16.6791,-9.2650,4.56800,0,
-16.6791,-9.2725,4.56817,0,
-16.6791,-9.2800,4.56833,0,
-16.7163,-9.2900,4.56850,0,
-16.7163,-9.2975,4.56867,0,
-16.7163,-9.3075,4.56883,0,
-16.7163,-9.3150,4.56900,0,
-16.7163,-9.3250,4.56917,0,
-16.7163,-9.3325,4.56933,0,
-16.7163,-9.3425,4.56950,0,
-16.6791,-9.3500,4.56967,0,
-16.7163,-9.3575,4.56983,0,
-16.7163,-9.3675,4.57000,0,
-16.7163,-9.3750,4.57017,0,
-16.6791,-9.3825,4.57033,0,
-16.6791,-9.3925,4.57050,0,
-16.6791,-9.4000,4.57067,0,
-16.6418,-9.4075,4.57083,0,
-16.6418,-9.4150,4.57100,0,
-16.6418,-9.4250,4.57117,0,
-16.6046,-9.4325,4.57133,0,
-16.6046,-9.4400,4.57150,0,
-16.6046,-9.4500,4.57167,0,
-16.6046,-9.4575,4.57183,0,
-16.6418,-9.4675,4.57200,0,
-16.6046,-9.4750,4.57217,0,
-16.6418,-9.4850,4.57233,0,
-16.6418,-9.4925,4.57250,0,
-16.6791,-9.5025,4.57267,0,
-16.6418,-9.5100,4.57283,0,
-16.6046,-9.5200,4.57300,0,
-16.6046,-9.5275,4.57317,0,
-16.6046,-9.5375,4.57333,0,
-16.6046,-9.5450,4.57350,0,
-16.6046,-9.5525,4.57367,0,
-16.6046,-9.5625,4.57383,0,
-16.5302,-9.5700,4.57400,0,
-16.4185,-9.5775,4.57417,0,
-16.3812,-9.5850,4.57433,0,
-16.3440,-9.5950,4.57450,0,
-16.2695,-9.6025,4.57467,0,
-16.2323,-9.6100,4.57483,0,
-16.1579,-9.6200,4.57500,0,
-16.1206,-9.6275,4.57517,0,
-16.0834,-9.6375,4.57533,0,
-16.0462,-9.6450,4.57550,0,
-16.0089,-9.6525,4.57567,0,
-15.9717,-9.6625,4.57583,0,
-15.9345,-9.6700,4.57600,0,
-15.9345,-9.6800,4.57617,0,
-15.9345,-9.6875,4.57633,0,
-15.8972,-9.6950,4.57650,0,
-15.8600,-9.7025,4.57667,0,
-15.8600,-9.7125,4.57683,0,
-15.8228,-9.7200,4.57700,0,
-15.7856,-9.7275,4.57717,0,
-15.7856,-9.7350,4.57733,0,
-15.7856,-9.7425,4.57750,0,
-15.7483,-9.7525,4.57767,0,
-15.7483,-9.7600,4.57783,0,
-15.7111,-9.7675,4.57800,0,
-15.7111,-9.7750,4.57817,0,
-15.7111,-9.7850,4.57833,0,
-15.6739,-9.7925,4.57850,0,
-15.6739,-9.8000,4.57867,0,
-15.7111,-9.8100,4.57883,0,
-15.7111,-9.8175,4.57900,0,
-15.7111,-9.8275,4.57917,0,
-15.7111,-9.8350,4.57933,0,
-15.7483,-9.8450,4.57950,0,
-15.7856,-9.8525,4.57967,0,
-15.7856,-9.8600,4.57983,0,
-15.8228,-9.8700,4.58000,0,
-15.7856,-9.8775,4.58017,0,
-15.7483,-9.8850,4.58033,0,
-15.7111,-9.8925,4.58050,0,
-15.7111,-9.9000,4.58067,0,
-15.7111,-9.9100,4.58083,0,
-15.7111,-9.9175,4.58100,0,
-15.7111,-9.9250,4.58117,0,
-15.7111,-9.9325,4.58133,0,
-15.7111,-9.9425,4.58150,0,
-15.7111,-9.9500,4.58167,0,
-15.7111,-9.9575,4.58183,0,
-15.7483,-9.9675,4.58200,0,
-15.7856,-9.9750,4.58217,0,
-15.8228,-9.9825,4.58233,0,
-15.8600,-9.9925,4.58250,0,
-15.8972,-10.0000,4.58267,0,
-15.8972,-10.0075,4.58283,0,
-15.8972,-10.0175,4.58300,0,
-15.8600,-10.0250,4.58317,0,
-15.8228,-10.0325,4.58333,0,
-15.8228,-10.0425,4.58350,0,
-15.8228,-10.0500,4.58367,0,
-15.8228,-10.0575,4.58383,0,
-15.8228,-10.0650,4.58400,0,
-15.8228,-10.0725,4.58417,0,
-15.8228,-10.0825,4.58433,0,
-15.8228,-10.0900,4.58450,0,
-15.7856,-10.0975,4.58467,0,
-15.7483,-10.1075,4.58483,0,
-15.7111,-10.1150,4.58500,0,
-15.7111,-10.1250,4.58517,0,
-15.7111,-10.1325,4.58533,0,
-15.7111,-10.1400,4.58550,0,
-15.7111,-10.1500,4.58567,0,
-15.6739,-10.1575,4.58583,0,
-15.6739,-10.1650,4.58600,0,
-15.5994,-10.1750,4.58617,0,
-15.5622,-10.1825,4.58633,0,
-15.5622,-10.1925,4.58650,0,
-15.5249,-10.2000,4.58667,0,
-15.5249,-10.2075,4.58683,0,
-15.5249,-10.2150,4.58700,0,
-15.5249,-10.2250,4.58717,0,
-15.4877,-10.2325,4.58733,0,
-15.4505,-10.2400,4.58750,0,
-15.4133,-10.2475,4.58767,0,
-15.3760,-10.2575,4.58783,0,
-15.3388,-10.2650,4.58800,0,
-15.3016,-10.2725,4.58817,0,
-15.2643,-10.2825,4.58833,0,
-15.2643,-10.2900,4.58850,0,
-15.2271,-10.2975,4.58867,0,
-15.2271,-10.3075,4.58883,0,
-15.2271,-10.3150,4.58900,0,
-15.2271,-10.3225,4.58917,0,
-15.1899,-10.3325,4.58933,0,
-15.1899,-10.3400,4.58950,0,
-15.1526,-10.3500,4.58967,0,
-15.1526,-10.3575,4.58983,0,
-15.1526,-10.3650,4.59000,0,
-15.1526,-10.3750,4.59017,0,
-15.1526,-10.3825,4.59033,0,
-15.1526,-10.3900,4.59050,0,
-15.1899,-10.4000,4.59067,0,
-15.1899,-10.4075,4.59083,0,
-15.2271,-10.4150,4.59100,0,
-15.2643,-10.4225,4.59117,0,
-15.3016,-10.4300,4.59133,0,
-15.3016,-10.4400,4.59150,0,
-15.3388,-10.4475,4.59167,0,
-15.3388,-10.4575,4.59183,0,
-15.3388,-10.4650,4.59200,0,
-15.3016,-10.4725,4.59217,0,
-15.2643,-10.4825,4.59233,0,
-15.2271,-10.4900,4.59250,0,
-15.1899,-10.4975,4.59267,0,
-15.1899,-10.5075,4.59283,0,
-15.2271,-10.5150,4.59300,0,
-15.2271,-10.5225,4.59317,0,
-15.2271,-10.5325,4.59333,0,
-15.1899,-10.5400,4.59350,0,
-15.1526,-10.5475,4.59367,0,
-15.1526,-10.5575,4.59383,0,
-15.1526,-10.5650,4.59400,0,
-15.1154,-10.5725,4.59417,0,
-15.1154,-10.5800,4.59433,0,
-14.9665,-10.5900,4.59450,0,
-14.8176,-10.5975,4.59467,0,
-14.8548,-10.6050,4.59483,0,
-14.8548,-10.6125,4.59500,0,
-14.8548,-10.6225,4.59517,0,
-14.8920,-10.6300,4.59533,0,
-14.8920,-10.6375,4.59550,0,
-14.8920,-10.6475,4.59567,0,
-14.8548,-10.6550,4.59583,0,
-14.8548,-10.6650,4.59600,0,
-14.8548,-10.6725,4.59617,0,
-14.8548,-10.6825,4.59633,0,
-14.8548,-10.6900,4.59650,0,
-14.8548,-10.6975,4.59667,0,
-14.8548,-10.7075,4.59683,0,
-14.8548,-10.7150,4.59700,0,
-14.8548,-10.7225,4.59717,0,
-14.8920,-10.7300,4.59733,0,
-14.8920,-10.7400,4.59750,0,
-14.8548,-10.7475,4.59767,0,
-14.8176,-10.7550,4.59783,0,
-14.7803,-10.7650,4.59800,0,
-14.7803,-10.7725,4.59817,0,
-14.7803,-10.7800,4.59833,0,
-14.7803,-10.7900,4.59850,0,
-14.7431,-10.7975,4.59867,0,
-14.7431,-10.8050,4.59883,0,
-14.7059,-10.8150,4.59900,0,
-14.6687,-10.8225,4.59917,0,
-14.5942,-10.8300,4.59933,0,
-14.5570,-10.8400,4.59950,0,
-14.5197,-10.8475,4.59967,0,
-14.4825,-10.8550,4.59983,0,
-14.4825,-10.8625,4.60000,0,
-14.4453,-10.8725,4.60017,0,
-14.4453,-10.8800,4.60033,0,
-14.4453,-10.8875,4.60050,0,
-14.4453,-10.8975,4.60067,0,
-14.4080,-10.9050,4.60083,0,
-14.4080,-10.9125,4.60100,0,
-14.4080,-10.9200,4.60117,0,
-14.4080,-10.9275,4.60133,0,
-14.3708,-10.9375,4.60150,0,
-14.3708,-10.9450,4.60167,0,
-14.3336,-10.9550,4.60183,0,
-14.2964,-10.9625,4.60200,0,
-14.2964,-10.9700,4.60217,0,
-14.2591,-10.9800,4.60233,0,
-14.2591,-10.9875,4.60250,0,
-14.2591,-10.9975,4.60267,0,
-14.2591,-11.0050,4.60283,0,
-14.1474,-11.0125,4.60300,0,
-14.1102,-11.0225,4.60317,0,
-14.1102,-11.0300,4.60333,0,
-14.1102,-11.0375,4.60350,0,
-14.1102,-11.0450,4.60367,0,
-14.1102,-11.0550,4.60383,0,
-14.1102,-11.0625,4.60400,0,
-14.1102,-11.0700,4.60417,0,
-14.1102,-11.0775,4.60433,0,
-14.1102,-11.0875,4.60450,0,
-14.1102,-11.0950,4.60467,0,
-14.1102,-11.1025,4.60483,0,
-14.1102,-11.1125,4.60500,0,
-14.1102,-11.1200,4.60517,0,
-14.1102,-11.1275,4.60533,0,
-14.1102,-11.1375,4.60550,0,
-14.0730,-11.1450,4.60567,0,
-14.0730,-11.1525,4.60583,0,
-14.0357,-11.1625,4.60600,0,
-14.0357,-11.1700,4.60617,0,
-14.0357,-11.1800,4.60633,0,
-14.0357,-11.1875,4.60650,0,
-14.0357,-11.1950,4.60667,0,
-14.0357,-11.2050,4.60683,0,
-14.0357,-11.2125,4.60700,0,
-14.0357,-11.2200,4.60717,0,
-14.0357,-11.2300,4.60733,0,
-14.0357,-11.2375,4.60750,0,
-14.0357,-11.2450,4.60767,0,
-14.0357,-11.2525,4.60783,0,
-13.9985,-11.2625,4.60800,0,
-13.9985,-11.2700,4.60817,0,
-13.9985,-11.2775,4.60833,0,
-13.9985,-11.2875,4.60850,0,
-14.0357,-11.2950,4.60867,0,
-14.0357,-11.3025,4.60883,0,
-14.0357,-11.3125,4.60900,0,
-13.9985,-11.3200,4.60917,0,
-13.9985,-11.3300,4.60933,0,
-13.9985,-11.3375,4.60950,0,
-13.9985,-11.3450,4.60967,0,
-13.9613,-11.3550,4.60983,0,
-13.9613,-11.3625,4.61000,0,
-13.9613,-11.3700,4.61017,0,
-13.9613,-11.3800,4.61033,0,
-13.9613,-11.3875,4.61050,0,
-13.9613,-11.3950,4.61067,0,
-13.9240,-11.4050,4.61083,0,
-13.9240,-11.4125,4.61100,0,
-13.9240,-11.4200,4.61117,0,
-13.9240,-11.4300,4.61133,0,
-13.9240,-11.4375,4.61150,0,
-13.9613,-11.4475,4.61167,0,
-13.9613,-11.4550,4.61183,0,
-13.9240,-11.4625,4.61200,0,
-13.8868,-11.4725,4.61217,0,
-13.8868,-11.4800,4.61233,0,
-13.8496,-11.4900,4.61250,0,
-13.8868,-11.4975,4.61267,0,
-13.8496,-11.5075,4.61283,0,
-13.8496,-11.5150,4.61300,0,
-13.8496,-11.5225,4.61317,0,
-13.8124,-11.5325,4.61333,0,
-13.7751,-11.5400,4.61350,0,
-13.7379,-11.5500,4.61367,0,
-13.7379,-11.5575,4.61383,0,
-13.7379,-11.5650,4.61400,0,
-13.7379,-11.5725,4.61417,0,
-13.7379,-11.5825,4.61433,0,
-13.7379,-11.5900,4.61450,0,
-13.7007,-11.5975,4.61467,0,
-13.7007,-11.6075,4.61483,0,
-13.7007,-11.6150,4.61500,0,
-13.7007,-11.6250,4.61517,0,
-13.6634,-11.6325,4.61533,0,
-13.6262,-11.6400,4.61550,0,
-13.5890,-11.6500,4.61567,0,
-13.5890,-11.6575,4.61583,0,
-13.5890,-11.6675,4.61600,0,
-13.5518,-11.6750,4.61617,0,
-13.5518,-11.6850,4.61633,0,
-13.5518,-11.6925,4.61650,0,
-13.5145,-11.7000,4.61667,0,
-13.5145,-11.7075,4.61683,0,
-13.5145,-11.7175,4.61700,0,
-13.4773,-11.7250,4.61717,0,
-13.4773,-11.7325,4.61733,0,
-13.4773,-11.7400,4.61750,0,
-13.5145,-11.7475,4.61767,0,
-13.4773,-11.7575,4.61783,0,
-13.4773,-11.7650,4.61800,0,
-13.4773,-11.7725,4.61817,0,
-13.4773,-11.7825,4.61833,0,
-13.4773,-11.7900,4.61850,0,
-13.4401,-11.7975,4.61867,0,
-13.4401,-11.8075,4.61883,0,
-13.4401,-11.8150,4.61900,0,
-13.4401,-11.8225,4.61917,0,
-13.4773,-11.8325,4.61933,0,
-13.4773,-11.8400,4.61950,0,
-13.4773,-11.8500,4.61967,0,
-13.4773,-11.8575,4.61983,0,
-13.4773,-11.8650,4.62000,0,
-13.4401,-11.8750,4.62017,0,
-13.4401,-11.8825,4.62033,0,
-13.4401,-11.8900,4.62050,0,
-13.4401,-11.8975,4.62067,0,
-13.4028,-11.9050,4.62083,0,
-13.4028,-11.9150,4.62100,0,
-13.4028,-11.9225,4.62117,0,
-13.4028,-11.9300,4.62133,0,
-13.3656,-11.9400,4.62150,0,
-13.3656,-11.9475,4.62167,0,
-13.3284,-11.9550,4.62183,0,
-13.3284,-11.9650,4.62200,0,
-13.2911,-11.9725,4.62217,0,
-13.2911,-11.9800,4.62233,0,
-13.2539,-11.9900,4.62250,0,
-13.2167,-11.9975,4.62267,0,
-13.2167,-12.0075,4.62283,0,
-13.2167,-12.0150,4.62300,0,
-13.2539,-12.0225,4.62317,0,
-13.2539,-12.0325,4.62333,0,
-13.1422,-12.0400,4.62350,0,
-13.0678,-12.0475,4.62367,0,
-13.0305,-12.0550,4.62383,0,
-12.9933,-12.0650,4.62400,0,
-12.9561,-12.0725,4.62417,0,
-12.9561,-12.0800,4.62433,0,
-12.9561,-12.0875,4.62450,0,
-12.9188,-12.0975,4.62467,0,
-12.8816,-12.1050,4.62483,0,
-12.8816,-12.1125,4.62500,0,
-12.8816,-12.1225,4.62517,0,
-12.8816,-12.1300,4.62533,0,
-12.8816,-12.1375,4.62550,0,
-12.8816,-12.1475,4.62567,0,
-12.8816,-12.1550,4.62583,0,
-12.8816,-12.1625,4.62600,0,
-12.8816,-12.1725,4.62617,0,
-12.8816,-12.1800,4.62633,0,
-12.8816,-12.1900,4.62650,0,
-12.8444,-12.1975,4.62667,0,
-12.8444,-12.2075,4.62683,0,
-12.8444,-12.2150,4.62700,0,
-12.8444,-12.2225,4.62717,0,
-12.8071,-12.2300,4.62733,0,
-12.8444,-12.2400,4.62750,0,
-12.8444,-12.2475,4.62767,0,
-12.8444,-12.2550,4.62783,0,
-12.8816,-12.2625,4.62800,0,
-12.8816,-12.2725,4.62817,0,
-12.9188,-12.2800,4.62833,0,
-12.9188,-12.2875,4.62850,0,
-12.8816,-12.2975,4.62867,0,
-12.8816,-12.3050,4.62883,0,
-12.8816,-12.3150,4.62900,0,
-12.8816,-12.3225,4.62917,0,
-12.8444,-12.3300,4.62933,0,
-12.8444,-12.3400,4.62950,0,
-12.8444,-12.3475,4.62967,0,
-12.8444,-12.3550,4.62983,0,
-12.8071,-12.3650,4.63000,0,
-12.8071,-12.3725,4.63017,0,
-12.8071,-12.3800,4.63033,0,
-12.8071,-12.3900,4.63050,0,
-12.7699,-12.3975,4.63067,0,
-12.7699,-12.4050,4.63083,0,
-12.7699,-12.4125,4.63100,0,
-12.7699,-12.4225,4.63117,0,
-12.7699,-12.4300,4.63133,0,
-12.7699,-12.4375,4.63150,0,
-12.7699,-12.4475,4.63167,0,
-12.7327,-12.4550,4.63183,0,
-12.6955,-12.4625,4.63200,0,
-12.6582,-12.4725,4.63217,0,
-12.6210,-12.4800,4.63233,0,
-12.6210,-12.4900,4.63250,0,
-12.6210,-12.4975,4.63267,0,
-12.5838,-12.5075,4.63283,0,
-12.5838,-12.5150,4.63300,0,
-12.5838,-12.5225,4.63317,0,
-12.6210,-12.5325,4.63333,0,
-12.5838,-12.5400,4.63350,0,
-12.6210,-12.5475,4.63367,0,
-12.6210,-12.5575,4.63383,0,
-12.6210,-12.5650,4.63400,0,
-12.6210,-12.5725,4.63417,0,
-12.5838,-12.5800,4.63433,0,
-12.5838,-12.5900,4.63450,0,
-12.5838,-12.5975,4.63467,0,
-12.5838,-12.6050,4.63483,0,
-12.5838,-12.6150,4.63500,0,
-12.5838,-12.6225,4.63517,0,
-12.5465,-12.6300,4.63533,0,
-12.5465,-12.6400,4.63550,0,
-12.5465,-12.6475,4.63567,0,
-12.5465,-12.6575,4.63583,0,
-12.5465,-12.6650,4.63600,0,
-12.5093,-12.6750,4.63617,0,
-12.5093,-12.6825,4.63633,0,
-12.4721,-12.6900,4.63650,0,
-12.5093,-12.7000,4.63667,0,
-12.4721,-12.7075,4.63683,0,
-12.4721,-12.7150,4.63700,0,
-12.4721,-12.7250,4.63717,0,
-12.4721,-12.7325,4.63733,0,
-12.4721,-12.7400,4.63750,0,
-12.4721,-12.7475,4.63767,0,
-12.4721,-12.7550,4.63783,0,
-12.4721,-12.7650,4.63800,0,
-12.4348,-12.7725,4.63817,0,
-12.4348,-12.7800,4.63833,0,
-12.4348,-12.7900,4.63850,0,
-12.3976,-12.7975,4.63867,0,
-12.3976,-12.8075,4.63883,0,
-12.3604,-12.8150,4.63900,0,
-12.3232,-12.8250,4.63917,0,
-12.3232,-12.8325,4.63933,0,
-12.2859,-12.8400,4.63950,0,
-12.2487,-12.8500,4.63967,0,
-12.2487,-12.8575,4.63983,0,
-12.2115,-12.8675,4.64000,0,
-12.2115,-12.8750,4.64017,0,
-12.2115,-12.8850,4.64033,0,
-12.2115,-12.8925,4.64050,0,
-12.2115,-12.9000,4.64067,0,
-12.1742,-12.9100,4.64083,0,
-12.1742,-12.9175,4.64100,0,
-12.1742,-12.9250,4.64117,0,
-12.1370,-12.9325,4.64133,0,
-12.1370,-12.9425,4.64150,0,
-12.1742,-12.9500,4.64167,0,
-12.1370,-12.9600,4.64183,0,
-12.1370,-12.9675,4.64200,0,
-12.1742,-12.9750,4.64217,0,
-12.1370,-12.9850,4.64233,0,
-12.1370,-12.9925,4.64250,0,
-12.1370,-13.0025,4.64267,0,
-12.1370,-13.0100,4.64283,0,
-12.1370,-13.0200,4.64300,0,
-12.1370,-13.0275,4.64317,0,
-12.1370,-13.0350,4.64333,0,
-12.1370,-13.0450,4.64350,0,
-12.1370,-13.0525,4.64367,0,
-12.1370,-13.0600,4.64383,0,
-12.1370,-13.0675,4.64400,0,
-12.1370,-13.0775,4.64417,0,
-12.1370,-13.0850,4.64433,0,
-12.1370,-13.0925,4.64450,0,
-12.1370,-13.1000,4.64467,0,
-12.1370,-13.1100,4.64483,0,
-12.1370,-13.1175,4.64500,0,
-12.1370,-13.1275,4.64517,0,
-12.1370,-13.1350,4.64533,0,
-12.1370,-13.1450,4.64550,0,
-12.1370,-13.1525,4.64567,0,
-12.1370,-13.1600,4.64583,0,
-12.1370,-13.1700,4.64600,0,
-12.1370,-13.1775,4.64617,0,
-12.1370,-13.1875,4.64633,0,
-12.1742,-13.1950,4.64650,0,
-12.1742,-13.2050,4.64667,0,
-12.1742,-13.2125,4.64683,0,
-12.1742,-13.2200,4.64700,0,
-12.1742,-13.2275,4.64717,0,
-12.1370,-13.2375,4.64733,0,
-12.1370,-13.2450,4.64750,0,
-12.1370,-13.2525,4.64767,0,
-12.1370,-13.2625,4.64783,0,
-12.1370,-13.2700,4.64800,0,
-12.1370,-13.2775,4.64817,0,
-12.1370,-13.2875,4.64833,0,
-12.1370,-13.2950,4.64850,0,
-12.1370,-13.3050,4.64867,0,
-12.1370,-13.3125,4.64883,0,
-12.1370,-13.3225,4.64900,0,
-12.1370,-13.3300,4.64917,0,
-12.1370,-13.3375,4.64933,0,
-12.1370,-13.3475,4.64950,0,
-12.1370,-13.3550,4.64967,0,
-12.1370,-13.3650,4.64983,0,
-12.1370,-13.3725,4.65000,0,
-12.1370,-13.3800,4.65017,0,
-12.1370,-13.3875,4.65033,0,
-12.1370,-13.3975,4.65050,0,
-12.1370,-13.4050,4.65067,0,
-12.1370,-13.4125,4.65083,0,
-12.1370,-13.4225,4.65100,0,
-12.1370,-13.4300,4.65117,0,
-12.1370,-13.4375,4.65133,0,
-12.0998,-13.4475,4.65150,0,
-12.0998,-13.4550,4.65167,0,
-12.0998,-13.4650,4.65183,0,
-12.0998,-13.4725,4.65200,0,
-12.0998,-13.4825,4.65217,0,
-12.0998,-13.4900,4.65233,0,
-12.0998,-13.4975,4.65250,0,
-12.0998,-13.5075,4.65267,0,
-12.0625,-13.5150,4.65283,0,
-12.0998,-13.5250,4.65300,0,
-12.0998,-13.5325,4.65317,0,
-12.0625,-13.5425,4.65333,0,
-12.0625,-13.5500,4.65350,0,
-12.0625,-13.5575,4.65367,0,
-12.0253,-13.5675,4.65383,0,
-12.0253,-13.5750,4.65400,0,
-12.0253,-13.5825,4.65417,0,
-12.0253,-13.5900,4.65433,0,
-11.9881,-13.6000,4.65450,0,
-11.9881,-13.6075,4.65467,0,
-11.9881,-13.6150,4.65483,0,
-11.9881,-13.6250,4.65500,0,
-11.9881,-13.6325,4.65517,0,
-11.9881,-13.6400,4.65533,0,
-11.9881,-13.6500,4.65550,0,
-11.9881,-13.6575,4.65567,0,
-11.9881,-13.6650,4.65583,0,
-11.9509,-13.6750,4.65600,0,
-11.9509,-13.6825,4.65617,0,
-11.9509,-13.6925,4.65633,0,
-11.9509,-13.7000,4.65650,0,
-11.9509,-13.7075,4.65667,0,
-11.9509,-13.7150,4.65683,0,
-11.9136,-13.7250,4.65700,0,
-11.9136,-13.7325,4.65717,0,
-11.9136,-13.7400,4.65733,0,
-11.9136,-13.7475,4.65750,0,
-11.9136,-13.7575,4.65767,0,
-11.9136,-13.7650,4.65783,0,
-11.9136,-13.7725,4.65800,0,
-11.9136,-13.7825,4.65817,0,
-11.8764,-13.7900,4.65833,0,
-11.8764,-13.7975,4.65850,0,
-11.8764,-13.8050,4.65867,0,
-11.8764,-13.8150,4.65883,0,
-11.8764,-13.8225,4.65900,0,
-11.8764,-13.8300,4.65917,0,
-11.8764,-13.8400,4.65933,0,
-11.8392,-13.8475,4.65950,0,
-11.8764,-13.8575,4.65967,0,
-11.8392,-13.8650,4.65983,0,
-11.8392,-13.8725,4.66000,0,
-11.8392,-13.8825,4.66017,0,
-11.8019,-13.8900,4.66033,0,
-11.8019,-13.8975,4.66050,0,
-11.8019,-13.9050,4.66067,0,
-11.8019,-13.9125,4.66083,0,
-11.8019,-13.9225,4.66100,0,
-11.7647,-13.9300,4.66117,0,
-11.7647,-13.9375,4.66133,0,
-11.7647,-13.9450,4.66150,0,
-11.7647,-13.9550,4.66167,0,
-11.7647,-13.9625,4.66183,0,
-11.7647,-13.9725,4.66200,0,
-11.7647,-13.9800,4.66217,0,
-11.7647,-13.9900,4.66233,0,
-11.7647,-13.9975,4.66250,0,
-11.7647,-14.0075,4.66267,0,
-11.7647,-14.0150,4.66283,0,
-11.7275,-14.0225,4.66300,0,
-11.7275,-14.0325,4.66317,0,
-11.7275,-14.0400,4.66333,0,
-11.7275,-14.0475,4.66350,0,
-11.7275,-14.0550,4.66367,0,
-11.6902,-14.0650,4.66383,0,
-11.6902,-14.0725,4.66400,0,
-11.7275,-14.0800,4.66417,0,
-11.6902,-14.0900,4.66433,0,
-11.6902,-14.0975,4.66450,0,
-11.6902,-14.1050,4.66467,0,
-11.6902,-14.1150,4.66483,0,
-11.6902,-14.1225,4.66500,0,
-11.6902,-14.1300,4.66517,0,
-11.6902,-14.1400,4.66533,0,
-11.6902,-14.1475,4.66550,0,
-11.6902,-14.1550,4.66567,0,
-11.6530,-14.1650,4.66583,0,
-11.6530,-14.1725,4.66600,0,
-11.6530,-14.1825,4.66617,0,
-11.6530,-14.1900,4.66633,0,
-11.6530,-14.1975,4.66650,0,
-11.6530,-14.2075,4.66667,0,
-11.6530,-14.2150,4.66683,0,
-11.6530,-14.2225,4.66700,0,
-11.6158,-14.2300,4.66717,0,
-11.6158,-14.2375,4.66733,0,
-11.6158,-14.2450,4.66750,0,
-11.6158,-14.2550,4.66767,0,
-11.6158,-14.2625,4.66783,0,
-11.6158,-14.2700,4.66800,0,
-11.6158,-14.2800,4.66817,0,
-11.6158,-14.2875,4.66833,0,
-11.5786,-14.2950,4.66850,0,
-11.6158,-14.3050,4.66867,0,
-11.6158,-14.3125,4.66883,0,
-11.5786,-14.3225,4.66900,0,
-11.5786,-14.3300,4.66917,0,
-11.5786,-14.3400,4.66933,0,
-11.5786,-14.3475,4.66950,0,
-11.5786,-14.3575,4.66967,0,
-11.5786,-14.3650,4.66983,0,
-11.5413,-14.3725,4.67000,0,
-11.5413,-14.3800,4.67017,0,
-11.5413,-14.3875,4.67033,0,
-11.5413,-14.3975,4.67050,0,
-11.5413,-14.4050,4.67067,0,
-11.5413,-14.4125,4.67083,0,
-11.5413,-14.4200,4.67100,0,
-11.5413,-14.4275,4.67117,0,
-11.5413,-14.4375,4.67133,0,
-11.5413,-14.4450,4.67150,0,
-11.5413,-14.4550,4.67167,0,
-11.5041,-14.4625,4.67183,0,
-11.5041,-14.4700,4.67200,0,
-11.5041,-14.4800,4.67217,0,
-11.5041,-14.4875,4.67233,0,
-11.5041,-14.4950,4.67250,0,
-11.5041,-14.5050,4.67267,0,
-11.5041,-14.5125,4.67283,0,
-11.5041,-14.5200,4.67300,0,
-11.5041,-14.5300,4.67317,0,
-11.5041,-14.5375,4.67333,0,
-11.5041,-14.5450,4.67350,0,
-11.5041,-14.5550,4.67367,0,
-11.5041,-14.5625,4.67383,0,
-11.4669,-14.5700,4.67400,0,
-11.4669,-14.5775,4.67417,0,
-11.4669,-14.5875,4.67433,0,
-11.4669,-14.5950,4.67450,0,
-11.4669,-14.6025,4.67467,0,
-11.4669,-14.6100,4.67483,0,
-11.4669,-14.6200,4.67500,0,
-11.4669,-14.6275,4.67517,0,
-11.4669,-14.6350,4.67533,0,
-11.4669,-14.6450,4.67550,0,
-11.4669,-14.6525,4.67567,0,
-11.4296,-14.6625,4.67583,0,
-11.4296,-14.6700,4.67600,0,
-11.4296,-14.6800,4.67617,0,
-11.4296,-14.6875,4.67633,0,
-11.4296,-14.6950,4.67650,0,
-11.4296,-14.7050,4.67667,0,
-11.3924,-14.7125,4.67683,0,
-11.3924,-14.7200,4.67700,0,
-11.3924,-14.7300,4.67717,0,
-11.3924,-14.7375,4.67733,0,
-11.3924,-14.7450,4.67750,0,
-11.3924,-14.7525,4.67767,0,
-11.3924,-14.7625,4.67783,0,
-11.3924,-14.7700,4.67800,0,
-11.3924,-14.7800,4.67817,0,
-11.3924,-14.7875,4.67833,0,
-11.3924,-14.7950,4.67850,0,
-11.3924,-14.8050,4.67867,0,
-11.3924,-14.8125,4.67883,0,
-11.3552,-14.8200,4.67900,0,
-11.3552,-14.8300,4.67917,0,
-11.3552,-14.8375,4.67933,0,
-11.3552,-14.8450,4.67950,0,
-11.3552,-14.8550,4.67967,0,
-11.3552,-14.8625,4.67983,0,
-11.3552,-14.8725,4.68000,0,
-11.3552,-14.8800,4.68017,0,
-11.3552,-14.8875,4.68033,0,
-11.3179,-14.8950,4.68050,0,
-11.3179,-14.9025,4.68067,0,
-11.3179,-14.9125,4.68083,0,
-11.3179,-14.9200,4.68100,0,
-11.3179,-14.9275,4.68117,0,
-11.3179,-14.9350,4.68133,0,
-11.3179,-14.9450,4.68150,0,
-11.3179,-14.9525,4.68167,0,
-11.3179,-14.9625,4.68183,0,
-11.3179,-14.9700,4.68200,0,
-11.3179,-14.9800,4.68217,0,
-11.3179,-14.9875,4.68233,0,
-11.3179,-14.9950,4.68250,0,
-11.3179,-15.0050,4.68267,0,
-11.3179,-15.0125,4.68283,0,
-11.3179,-15.0200,4.68300,0,
-11.3179,-15.0300,4.68317,0,
-11.2807,-15.0375,4.68333,0,
-11.2807,-15.0450,4.68350,0,
-11.2807,-15.0525,4.68367,0,
-11.2807,-15.0625,4.68383,0,
-11.2807,-15.0700,4.68400,0,
-11.2807,-15.0775,4.68417,0,
-11.2807,-15.0850,4.68433,0,
-11.2807,-15.0950,4.68450,0,
-11.2807,-15.1025,4.68467,0,
-11.2807,-15.1125,4.68483,0,
-11.2807,-15.1200,4.68500,0,
-11.2435,-15.1275,4.68517,0,
-11.2435,-15.1375,4.68533,0,
-11.2435,-15.1450,4.68550,0,
-11.2435,-15.1550,4.68567,0,
-11.2435,-15.1625,4.68583,0,
-11.2435,-15.1700,4.68600,0,
-11.2435,-15.1800,4.68617,0,
-11.2435,-15.1875,4.68633,0,
-11.2435,-15.1950,4.68650,0,
-11.2435,-15.2050,4.68667,0,
-11.2435,-15.2125,4.68683,0,
-11.2435,-15.2200,4.68700,0,
-11.2063,-15.2300,4.68717,0,
-11.2435,-15.2375,4.68733,0,
-11.2063,-15.2450,4.68750,0,
-11.2063,-15.2525,4.68767,0,
-11.2063,-15.2600,4.68783,0,
-11.2063,-15.2700,4.68800,0,
-11.2063,-15.2775,4.68817,0,
-11.2063,-15.2850,4.68833,0,
-11.2063,-15.2950,4.68850,0,
-11.2063,-15.3025,4.68867,0,
-11.2063,-15.3100,4.68883,0,
-11.2063,-15.3200,4.68900,0,
-11.2063,-15.3275,4.68917,0,
-11.2063,-15.3350,4.68933,0,
-11.2063,-15.3450,4.68950,0,
-11.2063,-15.3525,4.68967,0,
-11.2063,-15.3600,4.68983,0,
-11.2063,-15.3700,4.69000,0,
-11.2063,-15.3775,4.69017,0,
-11.2063,-15.3850,4.69033,0,
-11.1690,-15.3925,4.69050,0,
-11.1690,-15.4000,4.69067,0,
-11.1690,-15.4075,4.69083,0,
-11.1690,-15.4175,4.69100,0,
-11.1690,-15.4225,4.69117,0,
-11.1690,-15.4300,4.69133,0,
-11.1690,-15.4400,4.69150,0,
-11.2063,-15.4475,4.69167,0,
-11.1690,-15.4550,4.69183,0,
-11.1690,-15.4625,4.69200,0,
-11.1690,-15.4725,4.69217,0,
-11.1690,-15.4800,4.69233,0,
-11.1690,-15.4875,4.69250,0,
-11.1690,-15.4975,4.69267,0,
-11.1690,-15.5050,4.69283,0,
-11.1690,-15.5125,4.69300,0,
-11.1690,-15.5225,4.69317,0,
-11.1690,-15.5300,4.69333,0,
-11.1690,-15.5375,4.69350,0,
-11.1690,-15.5450,4.69367,0,
-11.1690,-15.5550,4.69383,0,
-11.1690,-15.5625,4.69400,0,
-11.1318,-15.5700,4.69417,0,
-11.1318,-15.5800,4.69433,0,
-11.1690,-15.5875,4.69450,0,
-11.1318,-15.5950,4.69467,0,
-11.1318,-15.6050,4.69483,0,
-11.1318,-15.6125,4.69500,0,
-11.1318,-15.6200,4.69517,0,
-11.1318,-15.6300,4.69533,0,
-11.1318,-15.6375,4.69550,0,
-11.1318,-15.6475,4.69567,0,
-11.1318,-15.6550,4.69583,0,
-11.1318,-15.6650,4.69600,0,
-11.1318,-15.6725,4.69617,0,
-11.1318,-15.6825,4.69633,0,
-11.0946,-15.6900,4.69650,0,
-11.1318,-15.6975,4.69667,0,
-11.0946,-15.7075,4.69683,0,
-11.0946,-15.7150,4.69700,0,
-11.0946,-15.7225,4.69717,0,
-11.0946,-15.7325,4.69733,0,
-11.0946,-15.7400,4.69750,0,
-11.0946,-15.7475,4.69767,0,
-11.0946,-15.7575,4.69783,0,
-11.0946,-15.7650,4.69800,0,
-11.0946,-15.7725,4.69817,0,
-11.0946,-15.7825,4.69833,0,
-11.0946,-15.7900,4.69850,0,
-11.0946,-15.7975,4.69867,0,
-11.0946,-15.8075,4.69883,0,
-11.0946,-15.8150,4.69900,0,
-11.0946,-15.8225,4.69917,0,
-11.0946,-15.8325,4.69933,0,
-11.0946,-15.8400,4.69950,0,
-11.0946,-15.8475,4.69967,0,
-11.0946,-15.8575,4.69983,0,
-11.0946,-15.8650,4.70000,0,
-11.0573,-15.8725,4.70017,0,
-11.0573,-15.8825,4.70033,0,
-11.0573,-15.8900,4.70050,0,
-11.0573,-15.8975,4.70067,0,
-11.0573,-15.9075,4.70083,0,
-11.0573,-15.9150,4.70100,0,
-11.0573,-15.9225,4.70117,0,
-11.0573,-15.9300,4.70133,0,
-11.0573,-15.9400,4.70150,0,
-11.0573,-15.9475,4.70167,0,
-11.0573,-15.9550,4.70183,0,
-11.0573,-15.9650,4.70200,0,
-11.0573,-15.9725,4.70217,0,
-11.0573,-15.9825,4.70233,0,
-11.0573,-15.9900,4.70250,0,
-11.0946,-16.0000,4.70267,0,
-11.0573,-16.0075,4.70283,0,
-11.0573,-16.0150,4.70300,0,
-11.0573,-16.0250,4.70317,0,
-11.0573,-16.0325,4.70333,0,
-11.0573,-16.0400,4.70350,0,
-11.0573,-16.0500,4.70367,0,
-11.0573,-16.0575,4.70383,0,
-11.0573,-16.0650,4.70400,0,
-11.0573,-16.0725,4.70417,0,
-11.0573,-16.0825,4.70433,0,
-11.0573,-16.0900,4.70450,0,
-11.0573,-16.0975,4.70467,0,
-11.0573,-16.1075,4.70483,0,
-11.0573,-16.1150,4.70500,0,
-11.0573,-16.1225,4.70517,0,
-11.0201,-16.1325,4.70533,0,
-11.0573,-16.1400,4.70550,0,
-11.0201,-16.1500,4.70567,0,
-11.0573,-16.1575,4.70583,0,
-11.0201,-16.1650,4.70600,0,
-11.0201,-16.1750,4.70617,0,
-11.0201,-16.1825,4.70633,0,
-11.0573,-16.1900,4.70650,0,
-11.0201,-16.2000,4.70667,0,
-11.0201,-16.2075,4.70683,0,
-11.0201,-16.2150,4.70700,0,
-11.0573,-16.2225,4.70717,0,
-11.0573,-16.2325,4.70733,0,
-11.0201,-16.2400,4.70750,0,
-11.0201,-16.2475,4.70767,0,
-11.0201,-16.2550,4.70783,0,
-11.0201,-16.2625,4.70800,0,
-11.0201,-16.2725,4.70817,0,
-11.0573,-16.2800,4.70833,0,
-11.0201,-16.2875,4.70850,0,
-11.0201,-16.2975,4.70867,0,
-11.0201,-16.3050,4.70883,0,
-11.0201,-16.3125,4.70900,0,
-11.0201,-16.3225,4.70917,0,
-11.0573,-16.3300,4.70933,0,
-11.0573,-16.3375,4.70950,0,
-11.0201,-16.3475,4.70967,0,
-11.0573,-16.3550,4.70983,0,
-11.0573,-16.3625,4.71000,0,
-11.0573,-16.3700,4.71017,0,
-11.0201,-16.3800,4.71033,0,
-11.0201,-16.3875,4.71050,0,
-11.0201,-16.3950,4.71067,0,
-11.0201,-16.4050,4.71083,0,
-11.0201,-16.4125,4.71100,0,
-11.0201,-16.4200,4.71117,0,
-11.0201,-16.4300,4.71133,0,
-11.0201,-16.4375,4.71150,0,
-11.0201,-16.4450,4.71167,0,
-11.0201,-16.4550,4.71183,0,
-11.0201,-16.4625,4.71200,0,
-11.0201,-16.4700,4.71217,0,
-11.0573,-16.4800,4.71233,0,
-11.0201,-16.4875,4.71250,0,
-11.0201,-16.4950,4.71267,0,
-11.0201,-16.5050,4.71283,0,
-11.0201,-16.5125,4.71300,0,
-11.0201,-16.5200,4.71317,0,
-11.0201,-16.5300,4.71333,0,
-11.0201,-16.5375,4.71350,0,
-11.0201,-16.5450,4.71367,0,
-11.0201,-16.5550,4.71383,0,
-11.0201,-16.5625,4.71400,0,
-11.0201,-16.5700,4.71417,0,
-11.0201,-16.5800,4.71433,0,
-11.0201,-16.5875,4.71450,0,
-11.0201,-16.5950,4.71467,0,
-11.0201,-16.6050,4.71483,0,
-11.0201,-16.6125,4.71500,0,
-11.0201,-16.6200,4.71517,0,
-11.0201,-16.6300,4.71533,0,
-11.0201,-16.6375,4.71550,0,
-11.0201,-16.6475,4.71567,0,
-11.0201,-16.6550,4.71583,0,
-11.0201,-16.6650,4.71600,0,
-11.0201,-16.6725,4.71617,0,
-11.0201,-16.6825,4.71633,0,
-11.0201,-16.6900,4.71650,0,
-11.0201,-16.6975,4.71667,0,
-11.0201,-16.7075,4.71683,0,
-11.0201,-16.7150,4.71700,0,
-11.0201,-16.7225,4.71717,0,
-11.0201,-16.7300,4.71733,0,
-11.0201,-16.7400,4.71750,0,
-11.0201,-16.7475,4.71767,0,
-11.0201,-16.7550,4.71783,0,
-11.0201,-16.7625,4.71800,0,
-11.0201,-16.7725,4.71817,0,
-11.0201,-16.7800,4.71833,0,
-11.0201,-16.7900,4.71850,0,
-11.0201,-16.7975,4.71867,0,
-11.0201,-16.8050,4.71883,0,
-11.0201,-16.8150,4.71900,0,
-11.0201,-16.8225,4.71917,0,
-11.0201,-16.8300,4.71933,0,
-11.0201,-16.8400,4.71950,0,
-11.0201,-16.8475,4.71967,0,
-11.0201,-16.8550,4.71983,0,
-11.0201,-16.8650,4.72000,0,
-11.0201,-16.8725,4.72017,0,
-11.0201,-16.8800,4.72033,0,
-11.0201,-16.8900,4.72050,0,
-11.0201,-16.8975,4.72067,0,
-11.0201,-16.9050,4.72083,0,
-11.0201,-16.9125,4.72100,0,
-11.0201,-16.9200,4.72117,0,
-11.0201,-16.9300,4.72133,0,
-11.0201,-16.9375,4.72150,0,
-11.0201,-16.9450,4.72167,0,
-11.0201,-16.9550,4.72183,0,
-11.0201,-16.9625,4.72200,0,
-11.0573,-16.9700,4.72217,0,
-11.0201,-16.9800,4.72233,0,
-11.0201,-16.9875,4.72250,0,
-11.0573,-16.9975,4.72267,0,
-11.0201,-17.0050,4.72283,0,
-11.0201,-17.0125,4.72300,0,
-11.0201,-17.0225,4.72317,0,
-11.0201,-17.0300,4.72333,0,
-11.0201,-17.0375,4.72350,0,
-11.0201,-17.0450,4.72367,0,
-11.0201,-17.0550,4.72383,0,
-11.0201,-17.0625,4.72400,0,
-11.0201,-17.0700,4.72417,0,
-11.0201,-17.0775,4.72433,0,
-11.0201,-17.0875,4.72450,0,
-11.0573,-17.0950,4.72467,0,
-11.0573,-17.1025,4.72483,0,
-11.0573,-17.1125,4.72500,0,
-11.0573,-17.1200,4.72517,0,
-11.0201,-17.1300,4.72533,0,
-11.0573,-17.1375,4.72550,0,
-11.0573,-17.1475,4.72567,0,
-11.0573,-17.1550,4.72583,0,
-11.0573,-17.1625,4.72600,0,
-11.0573,-17.1725,4.72617,0,
-11.0573,-17.1800,4.72633,0,
-11.0573,-17.1900,4.72650,0,
-11.0573,-17.1975,4.72667,0,
-11.0573,-17.2050,4.72683,0,
-11.0573,-17.2150,4.72700,0,
-11.0573,-17.2225,4.72717,0,
-11.0573,-17.2300,4.72733,0,
-11.0573,-17.2375,4.72750,0,
-11.0573,-17.2475,4.72767,0,
-11.0573,-17.2550,4.72783,0,
-11.0573,-17.2625,4.72800,0,
-11.0573,-17.2700,4.72817,0,
-11.0573,-17.2800,4.72833,0,
-11.0573,-17.2875,4.72850,0,
-11.0573,-17.2975,4.72867,0,
-11.0573,-17.3050,4.72883,0,
-11.0573,-17.3125,4.72900,0,
-11.0573,-17.3225,4.72917,0,
-11.0573,-17.3300,4.72933,0,
-11.0573,-17.3400,4.72950,0,
-11.0573,-17.3475,4.72967,0,
-11.0573,-17.3550,4.72983,0,
-11.0573,-17.3650,4.73000,0,
-11.0573,-17.3725,4.73017,0,
-11.0573,-17.3800,4.73033,0,
-11.0573,-17.3875,4.73050,0,
-11.0573,-17.3950,4.73067,0,
-11.0573,-17.4025,4.73083,0,
-11.0946,-17.4125,4.73100,0,
-11.0946,-17.4200,4.73117,0,
-11.0573,-17.4275,4.73133,0,
-11.0946,-17.4375,4.73150,0,
-11.0946,-17.4450,4.73167,0,
-11.0946,-17.4525,4.73183,0,
-11.0946,-17.4625,4.73200,0,
-11.0946,-17.4700,4.73217,0,
-11.0946,-17.4800,4.73233,0,
-11.0946,-17.4875,4.73250,0,
-11.0946,-17.4950,4.73267,0,
-11.0946,-17.5050,4.73283,0,
-11.0946,-17.5125,4.73300,0,
-11.0946,-17.5200,4.73317,0,
-11.0946,-17.5300,4.73333,0,
-11.0946,-17.5375,4.73350,0,
-11.0946,-17.5450,4.73367,0,
-11.0946,-17.5550,4.73383,0,
-11.0946,-17.5625,4.73400,0,
-11.0946,-17.5700,4.73417,0,
-11.0946,-17.5775,4.73433,0,
-11.0946,-17.5875,4.73450,0,
-11.1318,-17.5950,4.73467,0,
-11.0946,-17.6025,4.73483,0,
-11.1318,-17.6125,4.73500,0,
-11.1318,-17.6200,4.73517,0,
-11.1318,-17.6300,4.73533,0,
-11.1318,-17.6375,4.73550,0,
-11.1318,-17.6475,4.73567,0,
-11.1318,-17.6550,4.73583,0,
-11.1318,-17.6625,4.73600,0,
-11.1318,-17.6725,4.73617,0,
-11.1318,-17.6800,4.73633,0,
-11.1318,-17.6875,4.73650,0,
-11.1690,-17.6975,4.73667,0,
-11.1690,-17.7050,4.73683,0,
-11.1690,-17.7125,4.73700,0,
-11.1690,-17.7225,4.73717,0,
-11.1690,-17.7300,4.73733,0,
-11.1690,-17.7375,4.73750,0,
-11.1690,-17.7475,4.73767,0,
-11.1690,-17.7550,4.73783,0,
-11.1690,-17.7625,4.73800,0,
-11.1690,-17.7725,4.73817,0,
-11.1690,-17.7800,4.73833,0,
-11.1690,-17.7900,4.73850,0,
-11.1690,-17.7975,4.73867,0,
-11.1690,-17.8075,4.73883,0,
-11.1690,-17.8150,4.73900,0,
-11.1690,-17.8225,4.73917,0,
-11.1690,-17.8325,4.73933,0,
-11.2063,-17.8400,4.73950,0,
-11.2063,-17.8500,4.73967,0,
-11.2063,-17.8575,4.73983,0,
-11.2063,-17.8650,4.74000,0,
-11.2063,-17.8750,4.74017,0,
-11.2063,-17.8825,4.74033,0,
-11.2063,-17.8900,4.74050,0,
-11.2063,-17.9000,4.74067,0,
-11.2063,-17.9075,4.74083,0,
-11.2063,-17.9150,4.74100,0,
-11.2063,-17.9250,4.74117,0,
-11.2063,-17.9325,4.74133,0,
-11.2063,-17.9400,4.74150,0,
-11.2063,-17.9500,4.74167,0,
-11.2063,-17.9575,4.74183,0,
-11.2063,-17.9650,4.74200,0,
-11.2063,-17.9750,4.74217,0,
-11.2435,-17.9825,4.74233,0,
-11.2063,-17.9925,4.74250,0,
-11.2435,-18.0000,4.74267,0,
-11.2063,-18.0100,4.74283,0,
-11.2435,-18.0175,4.74300,0,
-11.2435,-18.0250,4.74317,0,
-11.2435,-18.0350,4.74333,0,
-11.2435,-18.0425,4.74350,0,
-11.2435,-18.0500,4.74367,0,
-11.2435,-18.0600,4.74383,0,
-11.2435,-18.0675,4.74400,0,
-11.2435,-18.0750,4.74417,0,
-11.2435,-18.0850,4.74433,0,
-11.2435,-18.0925,4.74450,0,
-11.2435,-18.1000,4.74467,0,
-11.2435,-18.1100,4.74483,0,
-11.2435,-18.1175,4.74500,0,
-11.2435,-18.1275,4.74517,0,
-11.2435,-18.1350,4.74533,0,
-11.2435,-18.1450,4.74550,0,
-11.2435,-18.1525,4.74567,0,
-11.2435,-18.1600,4.74583,0,
-11.2435,-18.1700,4.74600,0,
-11.2807,-18.1775,4.74617,0,
-11.2807,-18.1875,4.74633,0,
-11.2807,-18.1950,4.74650,0,
-11.2807,-18.2050,4.74667,0,
-11.2807,-18.2125,4.74683,0,
-11.2807,-18.2200,4.74700,0,
-11.2807,-18.2300,4.74717,0,
-11.2807,-18.2375,4.74733,0,
-11.2807,-18.2450,4.74750,0,
-11.2807,-18.2525,4.74767,0,
-11.2807,-18.2625,4.74783,0,
-11.2807,-18.2700,4.74800,0,
-11.2807,-18.2800,4.74817,0,
-11.2807,-18.2875,4.74833,0,
-11.2807,-18.2950,4.74850,0,
-11.2807,-18.3050,4.74867,0,
-11.3179,-18.3125,4.74883,0,
-11.2807,-18.3225,4.74900,0,
-11.3179,-18.3300,4.74917,0,
-11.3179,-18.3400,4.74933,0,
-11.2807,-18.3475,4.74950,0,
-11.3179,-18.3550,4.74967,0,
-11.3179,-18.3650,4.74983,0,
-11.3179,-18.3725,4.75000,0,
-11.3179,-18.3800,4.75017,0,
-11.3179,-18.3900,4.75033,0,
-11.3179,-18.3975,4.75050,0,
-11.3179,-18.4050,4.75067,0,
-11.3179,-18.4125,4.75083,0,
-11.3179,-18.4225,4.75100,0,
-11.3179,-18.4300,4.75117,0,
-11.3179,-18.4375,4.75133,0,
-11.3179,-18.4475,4.75150,0,
-11.3179,-18.4550,4.75167,0,
-11.3552,-18.4625,4.75183,0,
-11.3179,-18.4725,4.75200,0,
-11.3179,-18.4825,4.75217,0,
-11.3179,-18.4900,4.75233,0,
-11.3179,-18.4975,4.75250,0,
-11.3179,-18.5075,4.75267,0,
-11.3552,-18.5150,4.75283,0,
-11.3552,-18.5250,4.75300,0,
-11.3552,-18.5325,4.75317,0,
-11.3552,-18.5400,4.75333,0,
-11.3552,-18.5500,4.75350,0,
-11.3552,-18.5575,4.75367,0,
-11.3552,-18.5650,4.75383,0,
-11.3552,-18.5725,4.75400,0,
-11.3552,-18.5825,4.75417,0,
-11.3552,-18.5900,4.75433,0,
-11.3552,-18.5975,4.75450,0,
-11.3552,-18.6075,4.75467,0,
-11.3552,-18.6150,4.75483,0,
-11.3552,-18.6225,4.75500,0,
-11.3552,-18.6325,4.75517,0,
-11.3552,-18.6400,4.75533,0,
-11.3924,-18.6500,4.75550,0,
-11.3924,-18.6575,4.75567,0,
-11.3924,-18.6675,4.75583,0,
-11.3924,-18.6750,4.75600,0,
-11.3924,-18.6825,4.75617,0,
-11.3924,-18.6925,4.75633,0,
-11.3924,-18.7000,4.75650,0,
-11.3924,-18.7075,4.75667,0,
-11.4296,-18.7175,4.75683,0,
-11.3924,-18.7250,4.75700,0,
-11.4296,-18.7325,4.75717,0,
-11.3924,-18.7400,4.75733,0,
-11.4296,-18.7500,4.75750,0,
-11.4296,-18.7575,4.75767,0,
-11.4296,-18.7650,4.75783,0,
-11.4296,-18.7750,4.75800,0,
-11.4296,-18.7825,4.75817,0,
-11.4296,-18.7900,4.75833,0,
-11.4296,-18.8000,4.75850,0,
-11.4296,-18.8075,4.75867,0,
-11.4296,-18.8175,4.75883,0,
-11.4296,-18.8250,4.75900,0,
-11.4296,-18.8325,4.75917,0,
-11.4296,-18.8425,4.75933,0,
-11.4296,-18.8500,4.75950,0,
-11.4669,-18.8575,4.75967,0,
-11.4296,-18.8675,4.75983,0,
-11.4669,-18.8750,4.76000,0,
-11.4669,-18.8825,4.76017,0,
-11.4669,-18.8925,4.76033,0,
-11.4669,-18.9000,4.76050,0,
-11.4669,-18.9075,4.76067,0,
-11.4669,-18.9150,4.76083,0,
-11.4669,-18.9250,4.76100,0,
-11.4669,-18.9325,4.76117,0,
-11.4669,-18.9400,4.76133,0,
-11.4669,-18.9500,4.76150,0,
-11.4669,-18.9575,4.76167,0,
-11.4669,-18.9650,4.76183,0,
-11.5041,-18.9750,4.76200,0,
-11.5041,-18.9825,4.76217,0,
-11.5041,-18.9925,4.76233,0,
-11.5041,-19.0000,4.76250,0,
-11.5041,-19.0100,4.76267,0,
-11.5041,-19.0175,4.76283,0,
-11.5041,-19.0250,4.76300,0,
-11.5041,-19.0350,4.76317,0,
-11.5041,-19.0425,4.76333,0,
-11.5041,-19.0500,4.76350,0,
-11.5041,-19.0575,4.76367,0,
-11.5041,-19.0675,4.76383,0,
-11.5041,-19.0750,4.76400,0,
-11.5413,-19.0825,4.76417,0,
-11.5041,-19.0900,4.76433,0,
-11.5041,-19.1000,4.76450,0,
-11.5041,-19.1075,4.76467,0,
-11.5413,-19.1175,4.76483,0,
-11.5413,-19.1250,4.76500,0,
-11.5413,-19.1325,4.76517,0,
-11.5413,-19.1425,4.76533,0,
-11.5413,-19.1500,4.76550,0,
-11.5413,-19.1575,4.76567,0,
-11.5413,-19.1675,4.76583,0,
-11.5786,-19.1750,4.76600,0,
-11.5413,-19.1850,4.76617,0,
-11.5786,-19.1925,4.76633,0,
-11.5786,-19.2000,4.76650,0,
-11.5786,-19.2100,4.76667,0,
-11.5786,-19.2175,4.76683,0,
-11.5786,-19.2250,4.76700,0,
-11.5786,-19.2325,4.76717,0,
-11.5786,-19.2400,4.76733,0,
-11.5786,-19.2500,4.76750,0,
-11.5786,-19.2575,4.76767,0,
-11.5786,-19.2650,4.76783,0,
-11.5786,-19.2750,4.76800,0,
-11.5786,-19.2825,4.76817,0,
-11.5786,-19.2900,4.76833,0,
-11.5786,-19.3000,4.76850,0,
-11.6158,-19.3075,4.76867,0,
-11.6158,-19.3175,4.76883,0,
-11.6158,-19.3250,4.76900,0,
-11.6158,-19.3350,4.76917,0,
-11.6158,-19.3425,4.76933,0,
-11.6158,-19.3500,4.76950,0,
-11.6158,-19.3600,4.76967,0,
-11.6158,-19.3675,4.76983,0,
-11.6158,-19.3750,4.77000,0,
-11.6158,-19.3825,4.77017,0,
-11.6158,-19.3925,4.77033,0,
-11.6158,-19.4000,4.77050,0,
-11.6158,-19.4075,4.77067,0,
-11.6158,-19.4150,4.77083,0,
-11.6530,-19.4225,4.77100,0,
-11.6158,-19.4325,4.77117,0,
-11.6530,-19.4400,4.77133,0,
-11.6530,-19.4500,4.77150,0,
-11.6530,-19.4575,4.77167,0,
-11.6530,-19.4650,4.77183,0,
-11.6530,-19.4750,4.77200,0,
-11.6530,-19.4825,4.77217,0,
-11.6530,-19.4900,4.77233,0,
-11.6530,-19.5000,4.77250,0,
-11.6530,-19.5075,4.77267,0,
-11.6530,-19.5175,4.77283,0,
-11.6902,-19.5250,4.77300,0,
-11.6902,-19.5350,4.77317,0,
-11.6902,-19.5425,4.77333,0,
-11.6902,-19.5500,4.77350,0,
-11.6902,-19.5575,4.77367,0,
-11.6902,-19.5650,4.77383,0,
-11.6902,-19.5750,4.77400,0,
-11.6902,-19.5825,4.77417,0,
-11.6902,-19.5900,4.77433,0,
-11.6902,-19.5975,4.77450,0,
-11.6902,-19.6075,4.77467,0,
-11.7275,-19.6150,4.77483,0,
-11.6902,-19.6225,4.77500,0,
-11.6902,-19.6325,4.77517,0,
-11.7275,-19.6400,4.77533,0,
-11.7275,-19.6500,4.77550,0,
-11.7275,-19.6575,4.77567,0,
-11.7275,-19.6650,4.77583,0,
-11.7647,-19.6750,4.77600,0,
-11.7275,-19.6825,4.77617,0,
-11.7647,-19.6900,4.77633,0,
-11.7275,-19.7000,4.77650,0,
-11.7275,-19.7075,4.77667,0,
-11.7647,-19.7150,4.77683,0,
-11.7647,-19.7225,4.77700,0,
-11.7275,-19.7325,4.77717,0,
-11.7647,-19.7400,4.77733,0,
-11.7647,-19.7475,4.77750,0,
-11.7647,-19.7575,4.77767,0,
-11.7647,-19.7650,4.77783,0,
-11.7647,-19.7725,4.77800,0,
-11.7647,-19.7825,4.77817,0,
-11.7647,-19.7900,4.77833,0,
-11.7647,-19.7975,4.77850,0,
-11.7647,-19.8075,4.77867,0,
-11.7647,-19.8150,4.77883,0,
-11.8019,-19.8225,4.77900,0,
-11.8019,-19.8325,4.77917,0,
-11.7647,-19.8400,4.77933,0,
-11.8019,-19.8500,4.77950,0,
-11.8019,-19.8575,4.77967,0,
-11.8019,-19.8675,4.77983,0,
-11.8019,-19.8750,4.78000,0,
-11.8019,-19.8825,4.78017,0,
-11.8019,-19.8900,4.78033,0,
-11.8019,-19.9000,4.78050,0,
-11.8019,-19.9075,4.78067,0,
-11.8019,-19.9150,4.78083,0,
-11.8019,-19.9250,4.78100,0,
-11.8019,-19.9325,4.78117,0,
-11.8392,-19.9400,4.78133,0,
-11.8392,-19.9500,4.78150,0,
-11.8392,-19.9575,4.78167,0,
-11.8392,-19.9650,4.78183,0,
-11.8392,-19.9750,4.78200,0,
-11.8392,-19.9825,4.78217,0,
-11.8392,-19.9925,4.78233,0,
-11.8392,-20.0000,4.78250,0,
-11.8392,-20.0075,4.78267,0,
-11.8392,-20.0175,4.78283,0,
-11.8392,-20.0250,4.78300,0,
-11.8392,-20.0325,4.78317,0,
-11.8392,-20.0425,4.78333,0,
-11.8764,-20.0500,4.78350,0,
-11.8392,-20.0575,4.78367,0,
-11.8392,-20.0650,4.78383,0,
-11.8764,-20.0725,4.78400,0,
-11.8764,-20.0800,4.78417,0,
-11.8764,-20.0900,4.78433,0,
-11.8764,-20.0975,4.78450,0,
-11.8764,-20.1050,4.78467,0,
-11.8764,-20.1150,4.78483,0,
-11.8764,-20.1225,4.78500,0,
-11.8764,-20.1300,4.78517,0,
-11.9136,-20.1400,4.78533,0,
-11.9136,-20.1475,4.78550,0,
-11.9136,-20.1575,4.78567,0,
-11.9136,-20.1650,4.78583,0,
-11.9136,-20.1750,4.78600,0,
-11.9136,-20.1825,4.78617,0,
-11.9136,-20.1900,4.78633,0,
-11.9136,-20.2000,4.78650,0,
-11.9136,-20.2075,4.78667,0,
-11.9136,-20.2150,4.78683,0,
-11.9509,-20.2250,4.78700,0,
-11.9509,-20.2325,4.78717,0,
-11.9509,-20.2400,4.78733,0,
-11.9509,-20.2475,4.78750,0,
-11.9509,-20.2575,4.78767,0,
-11.9509,-20.2650,4.78783,0,
-11.9509,-20.2725,4.78800,0,
-11.9509,-20.2825,4.78817,0,
-11.9509,-20.2900,4.78833,0,
-11.9509,-20.2975,4.78850,0,
-11.9509,-20.3075,4.78867,0,
-11.9881,-20.3150,4.78883,0,
-11.9881,-20.3250,4.78900,0,
-11.9881,-20.3325,4.78917,0,
-11.9881,-20.3425,4.78933,0,
-11.9881,-20.3500,4.78950,0,
-11.9881,-20.3575,4.78967,0,
-11.9881,-20.3675,4.78983,0,
-11.9881,-20.3750,4.79000,0,
-12.0253,-20.3825,4.79017,0,
-11.9881,-20.3900,4.79033,0,
-12.0253,-20.3975,4.79050,0,
-12.0253,-20.4075,4.79067,0,
-12.0253,-20.4150,4.79083,0,
-12.0253,-20.4225,4.79100,0,
-12.0253,-20.4325,4.79117,0,
-12.0253,-20.4400,4.79133,0,
-12.0253,-20.4475,4.79150,0,
-12.0253,-20.4575,4.79167,0,
-12.0253,-20.4650,4.79183,0,
-12.0253,-20.4725,4.79200,0,
-12.0253,-20.4825,4.79217,0,
-12.0253,-20.4900,4.79233,0,
-12.0625,-20.4975,4.79250,0,
-12.0625,-20.5075,4.79267,0,
-12.0625,-20.5150,4.79283,0,
-12.0625,-20.5225,4.79300,0,
-12.0625,-20.5325,4.79317,0,
-12.0625,-20.5400,4.79333,0,
-12.0625,-20.5475,4.79350,0,
-12.0998,-20.5575,4.79367,0,
-12.0998,-20.5650,4.79383,0,
-12.0998,-20.5725,4.79400,0,
-12.0998,-20.5800,4.79417,0,
-12.0998,-20.5900,4.79433,0,
-12.0998,-20.5975,4.79450,0,
-12.0998,-20.6050,4.79467,0,
-12.0998,-20.6125,4.79483,0,
-12.0998,-20.6225,4.79500,0,
-12.1370,-20.6300,4.79517,0,
-12.0998,-20.6375,4.79533,0,
-12.0998,-20.6475,4.79550,0,
-12.1370,-20.6550,4.79567,0,
-12.1370,-20.6625,4.79583,0,
-12.1370,-20.6725,4.79600,0,
-12.1370,-20.6800,4.79617,0,
-12.1370,-20.6875,4.79633,0,
-12.1370,-20.6975,4.79650,0,
-12.1370,-20.7050,4.79667,0,
-12.1370,-20.7125,4.79683,0,
-12.1370,-20.7200,4.79700,0,
-12.1370,-20.7300,4.79717,0,
-12.1370,-20.7375,4.79733,0,
-12.1370,-20.7450,4.79750,0,
-12.1742,-20.7550,4.79767,0,
-12.1742,-20.7625,4.79783,0,
-12.1742,-20.7700,4.79800,0,
-12.1742,-20.7800,4.79817,0,
-12.1742,-20.7875,4.79833,0,
-12.1742,-20.7950,4.79850,0,
-12.1742,-20.8050,4.79867,0,
-12.1742,-20.8125,4.79883,0,
-12.1742,-20.8225,4.79900,0,
-12.1742,-20.8300,4.79917,0,
-12.1742,-20.8375,4.79933,0,
-12.1742,-20.8450,4.79950,0,
-12.1742,-20.8550,4.79967,0,
-12.2115,-20.8625,4.79983,0,
-12.2115,-20.8700,4.80000,0,
-12.2115,-20.8775,4.80017,0,
-12.2115,-20.8875,4.80033,0,
-12.2115,-20.8950,4.80050,0,
-12.2115,-20.9025,4.80067,0,
-12.2115,-20.9100,4.80083,0,
-12.2115,-20.9200,4.80100,0,
-12.2115,-20.9275,4.80117,0,
-12.2487,-20.9350,4.80133,0,
-12.2487,-20.9450,4.80150,0,
-12.2487,-20.9525,4.80167,0,
-12.2487,-20.9600,4.80183,0,
-12.2487,-20.9700,4.80200,0,
-12.2487,-20.9775,4.80217,0,
-12.2487,-20.9875,4.80233,0,
-12.2487,-20.9950,4.80250,0,
-12.2487,-21.0050,4.80267,0,
-12.2487,-21.0125,4.80283,0,
-12.2859,-21.0200,4.80300,0,
-12.2859,-21.0300,4.80317,0,
-12.2859,-21.0375,4.80333,0,
-12.2859,-21.0450,4.80350,0,
-12.2859,-21.0525,4.80367,0,
-12.2859,-21.0625,4.80383,0,
-12.2859,-21.0700,4.80400,0,
-12.2859,-21.0775,4.80417,0,
-12.2859,-21.0850,4.80433,0,
-12.3232,-21.0950,4.80450,0,
-12.3232,-21.1025,4.80467,0,
-12.2859,-21.1125,4.80483,0,
-12.3232,-21.1200,4.80500,0,
-12.3232,-21.1275,4.80517,0,
-12.3232,-21.1375,4.80533,0,
-12.3232,-21.1450,4.80550,0,
-12.3232,-21.1525,4.80567,0,
-12.3232,-21.1625,4.80583,0,
-12.3232,-21.1700,4.80600,0,
-12.3232,-21.1800,4.80617,0,
-12.3604,-21.1875,4.80633,0,
-12.3604,-21.1975,4.80650,0,
-12.3232,-21.2050,4.80667,0,
-12.3604,-21.2125,4.80683,0,
-12.3604,-21.2225,4.80700,0,
-12.3604,-21.2300,4.80717,0,
-12.3604,-21.2375,4.80733,0,
-12.3604,-21.2450,4.80750,0,
-12.3604,-21.2550,4.80767,0,
-12.3604,-21.2625,4.80783,0,
-12.3604,-21.2700,4.80800,0,
-12.3976,-21.2775,4.80817,0,
-12.3976,-21.2875,4.80833,0,
-12.3976,-21.2950,4.80850,0,
-12.3976,-21.3025,4.80867,0,
-12.3976,-21.3125,4.80883,0,
-12.3976,-21.3200,4.80900,0,
-12.3976,-21.3300,4.80917,0,
-12.4348,-21.3375,4.80933,0,
-12.4348,-21.3450,4.80950,0,
-12.4348,-21.3550,4.80967,0,
-12.4348,-21.3625,4.80983,0,
-12.4348,-21.3700,4.81000,0,
-12.4348,-21.3775,4.81017,0,
-12.4348,-21.3875,4.81033,0,
-12.4721,-21.3950,4.81050,0,
-12.4721,-21.4025,4.81067,0,
-12.4721,-21.4100,4.81083,0,
-12.4721,-21.4200,4.81100,0,
-12.4721,-21.4275,4.81117,0,
-12.4721,-21.4350,4.81133,0,
-12.4721,-21.4450,4.81150,0,
-12.4721,-21.4525,4.81167,0,
-12.5093,-21.4600,4.81183,0,
-12.5093,-21.4700,4.81200,0,
-12.5093,-21.4775,4.81217,0,
-12.5093,-21.4875,4.81233,0,
-12.5093,-21.4950,4.81250,0,
-12.5093,-21.5025,4.81267,0,
-12.5465,-21.5125,4.81283,0,
-12.5465,-21.5200,4.81300,0,
-12.5465,-21.5275,4.81317,0,
-12.5465,-21.5375,4.81333,0,
-12.5465,-21.5450,4.81350,0,
-12.5465,-21.5525,4.81367,0,
-12.5465,-21.5625,4.81383,0,
-12.5465,-21.5700,4.81400,0,
-12.5838,-21.5775,4.81417,0,
-12.5838,-21.5850,4.81433,0,
-12.5838,-21.5950,4.81450,0,
-12.5838,-21.6025,4.81467,0,
-12.5838,-21.6100,4.81483,0,
-12.5838,-21.6200,4.81500,0,
-12.5838,-21.6275,4.81517,0,
-12.5838,-21.6350,4.81533,0,
-12.6210,-21.6450,4.81550,0,
-12.6210,-21.6525,4.81567,0,
-12.6210,-21.6625,4.81583,0,
-12.6210,-21.6700,4.81600,0,
-12.6210,-21.6800,4.81617,0,
-12.6210,-21.6875,4.81633,0,
-12.6210,-21.6950,4.81650,0,
-12.6210,-21.7025,4.81667,0,
-12.6582,-21.7125,4.81683,0,
-12.6582,-21.7200,4.81700,0,
-12.6582,-21.7275,4.81717,0,
-12.6582,-21.7350,4.81733,0,
-12.6582,-21.7425,4.81750,0,
-12.6582,-21.7525,4.81767,0,
-12.6582,-21.7600,4.81783,0,
-12.6582,-21.7675,4.81800,0,
-12.6582,-21.7775,4.81817,0,
-12.6582,-21.7850,4.81833,0,
-12.6582,-21.7925,4.81850,0,
-12.6582,-21.8025,4.81867,0,
-12.6955,-21.8100,4.81883,0,
-12.6582,-21.8200,4.81900,0,
-12.6955,-21.8275,4.81917,0,
-12.6955,-21.8350,4.81933,0,
-12.6955,-21.8450,4.81950,0,
-12.6955,-21.8525,4.81967,0,
-12.7327,-21.8625,4.81983,0,
-12.7327,-21.8700,4.82000,0,
-12.6955,-21.8775,4.82017,0,
-12.7327,-21.8850,4.82033,0,
-12.7327,-21.8950,4.82050,0,
-12.7327,-21.9025,4.82067,0,
-12.7327,-21.9100,4.82083,0,
-12.7327,-21.9175,4.82100,0,
-12.7327,-21.9275,4.82117,0,
-12.7699,-21.9350,4.82133,0,
-12.7699,-21.9450,4.82150,0,
-12.7699,-21.9525,4.82167,0,
-12.7699,-21.9600,4.82183,0,
-12.7699,-21.9700,4.82200,0,
-12.7699,-21.9775,4.82217,0,
-12.7699,-21.9875,4.82233,0,
-12.8071,-21.9950,4.82250,0,
-12.8071,-22.0025,4.82267,0,
-12.8071,-22.0125,4.82283,0,
-12.8071,-22.0200,4.82300,0,
-12.8071,-22.0275,4.82317,0,
-12.8071,-22.0375,4.82333,0,
-12.8071,-22.0450,4.82350,0,
-12.8071,-22.0525,4.82367,0,
-12.8444,-22.0600,4.82383,0,
-12.8444,-22.0675,4.82400,0,
-12.8444,-22.0775,4.82417,0,
-12.8444,-22.0850,4.82433,0,
-12.8444,-22.0925,4.82450,0,
-12.8816,-22.1025,4.82467,0,
-12.8816,-22.1100,4.82483,0,
-12.8816,-22.1200,4.82500,0,
-12.8816,-22.1275,4.82517,0,
-12.8816,-22.1350,4.82533,0,
-12.8816,-22.1450,4.82550,0,
-12.8816,-22.1525,4.82567,0,
-12.9188,-22.1600,4.82583,0,
-12.9188,-22.1700,4.82600,0,
-12.9188,-22.1775,4.82617,0,
-12.9188,-22.1875,4.82633,0,
-12.9188,-22.1950,4.82650,0,
-12.9188,-22.2025,4.82667,0,
-12.9188,-22.2125,4.82683,0,
-12.9188,-22.2200,4.82700,0,
-12.9561,-22.2275,4.82717,0,
-12.9561,-22.2350,4.82733,0,
-12.9561,-22.2450,4.82750,0,
-12.9561,-22.2525,4.82767,0,
-12.9561,-22.2600,4.82783,0,
-12.9561,-22.2675,4.82800,0,
-12.9933,-22.2775,4.82817,0,
-12.9933,-22.2850,4.82833,0,
-12.9933,-22.2925,4.82850,0,
-12.9933,-22.3025,4.82867,0,
-12.9933,-22.3100,4.82883,0,
-12.9933,-22.3200,4.82900,0,
-12.9933,-22.3275,4.82917,0,
-13.0305,-22.3375,4.82933,0,
-13.0305,-22.3450,4.82950,0,
-13.0305,-22.3525,4.82967,0,
-13.0305,-22.3625,4.82983,0,
-13.0305,-22.3700,4.83000,0,
-13.0305,-22.3775,4.83017,0,
-13.0305,-22.3850,4.83033,0,
-13.0305,-22.3950,4.83050,0,
-13.0305,-22.4025,4.83067,0,
-13.0305,-22.4100,4.83083,0,
-13.0678,-22.4175,4.83100,0,
-13.0678,-22.4275,4.83117,0,
-13.0678,-22.4350,4.83133,0,
-13.0678,-22.4450,4.83150,0,
-13.0678,-22.4525,4.83167,0,
-13.0678,-22.4600,4.83183,0,
-13.1050,-22.4700,4.83200,0,
-13.1050,-22.4775,4.83217,0,
-13.1050,-22.4875,4.83233,0,
-13.1050,-22.4950,4.83250,0,
-13.1050,-22.5025,4.83267,0,
-13.1050,-22.5125,4.83283,0,
-13.1050,-22.5200,4.83300,0,
-13.1050,-22.5275,4.83317,0,
-13.1422,-22.5375,4.83333,0,
-13.1422,-22.5450,4.83350,0,
-13.1422,-22.5525,4.83367,0,
-13.1422,-22.5625,4.83383,0,
-13.1422,-22.5700,4.83400,0,
-13.1422,-22.5775,4.83417,0,
-13.1422,-22.5850,4.83433,0,
-13.1422,-22.5950,4.83450,0,
-13.1422,-22.6025,4.83467,0,
-13.1794,-22.6100,4.83483,0,
-13.1794,-22.6200,4.83500,0,
-13.1794,-22.6275,4.83517,0,
-13.1794,-22.6350,4.83533,0,
-13.1794,-22.6450,4.83550,0,
-13.2167,-22.6525,4.83567,0,
-13.2167,-22.6600,4.83583,0,
-13.2167,-22.6700,4.83600,0,
-13.2167,-22.6775,4.83617,0,
-13.2167,-22.6875,4.83633,0,
-13.2167,-22.6950,4.83650,0,
-13.2167,-22.7025,4.83667,0,
-13.2167,-22.7100,4.83683,0,
-13.2167,-22.7200,4.83700,0,
-13.2167,-22.7275,4.83717,0,
-13.2167,-22.7350,4.83733,0,
-13.2539,-22.7425,4.83750,0,
-13.2539,-22.7525,4.83767,0,
-13.2539,-22.7600,4.83783,0,
-13.2539,-22.7675,4.83800,0,
-13.2539,-22.7775,4.83817,0,
-13.2539,-22.7850,4.83833,0,
-13.2539,-22.7925,4.83850,0,
-13.2911,-22.8025,4.83867,0,
-13.2911,-22.8100,4.83883,0,
-13.2911,-22.8175,4.83900,0,
-13.2911,-22.8275,4.83917,0,
-13.2911,-22.8350,4.83933,0,
-13.2911,-22.8450,4.83950,0,
-13.3284,-22.8525,4.83967,0,
-13.3284,-22.8625,4.83983,0,
-13.3284,-22.8700,4.84000,0,
-13.3284,-22.8775,4.84017,0,
-13.3284,-22.8875,4.84033,0,
-13.3284,-22.8950,4.84050,0,
-13.3284,-22.9025,4.84067,0,
-13.3656,-22.9125,4.84083,0,
-13.3656,-22.9200,4.84100,0,
-13.3656,-22.9275,4.84117,0,
-13.4028,-22.9375,4.84133,0,
-13.4028,-22.9450,4.84150,0,
-13.4028,-22.9525,4.84167,0,
-13.4028,-22.9625,4.84183,0,
-13.4401,-22.9700,4.84200,0,
-13.4401,-22.9800,4.84217,0,
-13.4773,-22.9875,4.84233,0,
-13.4773,-22.9975,4.84250,0,
-13.4773,-23.0050,4.84267,0,
-13.5145,-23.0150,4.84283,0,
-13.5145,-23.0225,4.84300,0,
-13.5145,-23.0300,4.84317,0,
-13.5145,-23.0400,4.84333,0,
-13.5518,-23.0475,4.84350,0,
-13.5518,-23.0550,4.84367,0,
-13.5518,-23.0650,4.84383,0,
-13.5890,-23.0725,4.84400,0,
-13.5890,-23.0800,4.84417,0,
-13.5890,-23.0875,4.84433,0,
-13.5890,-23.0975,4.84450,0,
-13.6262,-23.1050,4.84467,0,
-13.6262,-23.1150,4.84483,0,
-13.6262,-23.1225,4.84500,0,
-13.6634,-23.1300,4.84517,0,
-13.6634,-23.1400,4.84533,0,
-13.6634,-23.1500,4.84550,0,
-13.6634,-23.1575,4.84567,0,
-13.7007,-23.1650,4.84583,0,
-13.7007,-23.1750,4.84600,0,
-13.7007,-23.1825,4.84617,0,
-13.7007,-23.1900,4.84633,0,
-13.7007,-23.2000,4.84650,0,
-13.7379,-23.2075,4.84667,0,
-13.7379,-23.2150,4.84683,0,
-13.7379,-23.2225,4.84700,0,
-13.7379,-23.2325,4.84717,0,
-13.7379,-23.2400,4.84733,0,
-13.7751,-23.2475,4.84750,0,
-13.7751,-23.2575,4.84767,0,
-13.7751,-23.2650,4.84783,0,
-13.7751,-23.2725,4.84800,0,
-13.8124,-23.2825,4.84817,0,
-13.8124,-23.2900,4.84833,0,
-13.8124,-23.2975,4.84850,0,
-13.8496,-23.3075,4.84867,0,
-13.8496,-23.3150,4.84883,0,
-13.8496,-23.3250,4.84900,0,
-13.8496,-23.3325,4.84917,0,
-13.8868,-23.3425,4.84933,0,
-13.8868,-23.3500,4.84950,0,
-13.8868,-23.3575,4.84967,0,
-13.8868,-23.3675,4.84983,0,
-13.8868,-23.3750,4.85000,0,
-13.9240,-23.3825,4.85017,0,
-13.9240,-23.3900,4.85033,0,
-13.9240,-23.4000,4.85050,0,
-13.9240,-23.4075,4.85067,0,
-13.9613,-23.4150,4.85083,0,
-13.9613,-23.4225,4.85100,0,
-13.9613,-23.4325,4.85117,0,
-13.9985,-23.4400,4.85133,0,
-13.9985,-23.4500,4.85150,0,
-13.9985,-23.4575,4.85167,0,
-13.9985,-23.4675,4.85183,0,
-14.0357,-23.4750,4.85200,0,
-14.0357,-23.4850,4.85217,0,
-14.0730,-23.4925,4.85233,0,
-14.0730,-23.5000,4.85250,0,
-14.0730,-23.5100,4.85267,0,
-14.0730,-23.5175,4.85283,0,
-14.1102,-23.5275,4.85300,0,
-14.1102,-23.5350,4.85317,0,
-14.1102,-23.5450,4.85333,0,
-14.1102,-23.5525,4.85350,0,
-14.1474,-23.5600,4.85367,0,
-14.1474,-23.5700,4.85383,0,
-14.1474,-23.5775,4.85400,0,
-14.1847,-23.5850,4.85417,0,
-14.1847,-23.5950,4.85433,0,
-14.1847,-23.6025,4.85450,0,
-14.1847,-23.6100,4.85467,0,
-14.1847,-23.6200,4.85483,0,
-14.2219,-23.6275,4.85500,0,
-14.2219,-23.6375,4.85517,0,
-14.2219,-23.6450,4.85533,0,
-14.2591,-23.6525,4.85550,0,
-14.2591,-23.6625,4.85567,0,
-14.2591,-23.6700,4.85583,0,
-14.2591,-23.6800,4.85600,0,
-14.2964,-23.6875,4.85617,0,
-14.2964,-23.6975,4.85633,0,
-14.2964,-23.7050,4.85650,0,
-14.3336,-23.7125,4.85667,0,
-14.3336,-23.7200,4.85683,0,
-14.3336,-23.7300,4.85700,0,
-14.3336,-23.7375,4.85717,0,
-14.3708,-23.7450,4.85733,0,
-14.3708,-23.7525,4.85750,0,
-14.3708,-23.7625,4.85767,0,
-14.3708,-23.7700,4.85783,0,
-14.4080,-23.7775,4.85800,0,
-14.4080,-23.7875,4.85817,0,
-14.4080,-23.7950,4.85833,0,
-14.4453,-23.8050,4.85850,0,
-14.4453,-23.8125,4.85867,0,
-14.4453,-23.8200,4.85883,0,
-14.4453,-23.8275,4.85900,0,
-14.4825,-23.8375,4.85917,0,
-14.4825,-23.8450,4.85933,0,
-14.4825,-23.8550,4.85950,0,
-14.5197,-23.8625,4.85967,0,
-14.5197,-23.8700,4.85983,0,
-14.5197,-23.8800,4.86000,0,
-14.5197,-23.8875,4.86017,0,
-14.5197,-23.8950,4.86033,0,
-14.5197,-23.9025,4.86050,0,
-14.5197,-23.9125,4.86067,0,
-14.5197,-23.9200,4.86083,0,
-14.5570,-23.9275,4.86100,0,
-14.5570,-23.9350,4.86117,0,
-14.5570,-23.9450,4.86133,0,
-14.5570,-23.9525,4.86150,0,
-14.5570,-23.9600,4.86167,0,
-14.5942,-23.9700,4.86183,0,
-14.5942,-23.9775,4.86200,0,
-14.5942,-23.9850,4.86217,0,
-14.6314,-23.9950,4.86233,0,
-14.6314,-24.0025,4.86250,0,
-14.6314,-24.0100,4.86267,0,
-14.6687,-24.0200,4.86283,0,
-14.6687,-24.0275,4.86300,0,
-14.6687,-24.0350,4.86317,0,
-14.6687,-24.0425,4.86333,0,
-14.6687,-24.0500,4.86350,0,
-14.7059,-24.0600,4.86367,0,
-14.7059,-24.0675,4.86383,0,
-14.7059,-24.0750,4.86400,0,
-14.7059,-24.0825,4.86417,0,
-14.7431,-24.0925,4.86433,0,
-14.7431,-24.1000,4.86450,0,
-14.7431,-24.1075,4.86467,0,
-14.7431,-24.1175,4.86483,0,
-14.7803,-24.1250,4.86500,0,
-14.7803,-24.1325,4.86517,0,
-14.7803,-24.1425,4.86533,0,
-14.7803,-24.1500,4.86550,0,
-14.8176,-24.1575,4.86567,0,
-14.8176,-24.1675,4.86583,0,
-14.8176,-24.1750,4.86600,0,
-14.8176,-24.1825,4.86617,0,
-14.8176,-24.1925,4.86633,0,
-14.8548,-24.2000,4.86650,0,
-14.8548,-24.2075,4.86667,0,
-14.8548,-24.2150,4.86683,0,
-14.8548,-24.2250,4.86700,0,
-14.8920,-24.2325,4.86717,0,
-14.8920,-24.2400,4.86733,0,
-14.8920,-24.2475,4.86750,0,
-14.8920,-24.2575,4.86767,0,
-14.9293,-24.2650,4.86783,0,
-14.9293,-24.2725,4.86800,0,
-14.9293,-24.2825,4.86817,0,
-14.9293,-24.2900,4.86833,0,
-14.9665,-24.2975,4.86850,0,
-14.9665,-24.3075,4.86867,0,
-14.9665,-24.3150,4.86883,0,
-14.9665,-24.3225,4.86900,0,
-14.9665,-24.3325,4.86917,0,
-15.0037,-24.3400,4.86933,0,
-15.0037,-24.3500,4.86950,0,
-15.0037,-24.3575,4.86967,0,
-15.0410,-24.3650,4.86983,0,
-15.0410,-24.3725,4.87000,0,
-15.0410,-24.3800,4.87017,0,
-15.0410,-24.3900,4.87033,0,
-15.0410,-24.3975,4.87050,0,
-15.0782,-24.4050,4.87067,0,
-15.0782,-24.4125,4.87083,0,
-15.0782,-24.4225,4.87100,0,
-15.0782,-24.4300,4.87117,0,
-15.0782,-24.4375,4.87133,0,
-15.1154,-24.4475,4.87150,0,
-15.1154,-24.4550,4.87167,0,
-15.1154,-24.4625,4.87183,0,
-15.1526,-24.4725,4.87200,0,
-15.1526,-24.4800,4.87217,0,
-15.1899,-24.4875,4.87233,0,
-15.1899,-24.4975,4.87250,0,
-15.1899,-24.5050,4.87267,0,
-15.2271,-24.5125,4.87283,0,
-15.2271,-24.5225,4.87300,0,
-15.2271,-24.5300,4.87317,0,
-15.2271,-24.5400,4.87333,0,
-15.2643,-24.5475,4.87350,0,
-15.2643,-24.5550,4.87367,0,
-15.3016,-24.5625,4.87383,0,
-15.3016,-24.5725,4.87400,0,
-15.3016,-24.5800,4.87417,0,
-15.3388,-24.5875,4.87433,0,
-15.3388,-24.5950,4.87450,0,
-15.3388,-24.6050,4.87467,0,
-15.3760,-24.6125,4.87483,0,
-15.3760,-24.6200,4.87500,0,
-15.3760,-24.6300,4.87517,0,
-15.4133,-24.6375,4.87533,0,
-15.4133,-24.6450,4.87550,0,
-15.4133,-24.6550,4.87567,0,
-15.4505,-24.6625,4.87583,0,
-15.4505,-24.6725,4.87600,0,
-15.4505,-24.6800,4.87617,0,
-15.4877,-24.6875,4.87633,0,
-15.4877,-24.6975,4.87650,0,
-15.4877,-24.7050,4.87667,0,
-15.4877,-24.7125,4.87683,0,
-15.5249,-24.7200,4.87700,0,
-15.5249,-24.7275,4.87717,0,
-15.5249,-24.7375,4.87733,0,
-15.5622,-24.7450,4.87750,0,
-15.5622,-24.7525,4.87767,0,
-15.5622,-24.7625,4.87783,0,
-15.5994,-24.7700,4.87800,0,
-15.5994,-24.7800,4.87817,0,
-15.6366,-24.7875,4.87833,0,
-15.6366,-24.7950,4.87850,0,
-15.6366,-24.8050,4.87867,0,
-15.6366,-24.8125,4.87883,0,
-15.6739,-24.8200,4.87900,0,
-15.6739,-24.8300,4.87917,0,
-15.7111,-24.8375,4.87933,0,
-15.7111,-24.8475,4.87950,0,
-15.7111,-24.8550,4.87967,0,
-15.7483,-24.8650,4.87983,0,
-15.7483,-24.8725,4.88000,0,
-15.7483,-24.8800,4.88017,0,
-15.7856,-24.8900,4.88033,0,
-15.7856,-24.8975,4.88050,0,
-15.8228,-24.9050,4.88067,0,
-15.8228,-24.9125,4.88083,0,
-15.8600,-24.9225,4.88100,0,
-15.8600,-24.9300,4.88117,0,
-15.8600,-24.9375,4.88133,0,
-15.8972,-24.9475,4.88150,0,
-15.9345,-24.9550,4.88167,0,
-15.9345,-24.9625,4.88183,0,
-15.9717,-24.9725,4.88200,0,
-15.9717,-24.9800,4.88217,0,
-16.0089,-24.9900,4.88233,0,
-16.0089,-24.9975,4.88250,0,
-16.0462,-25.0075,4.88267,0,
-16.0462,-25.0150,4.88283,0,
-16.0462,-25.0225,4.88300,0,
-16.0834,-25.0300,4.88317,0,
-16.0834,-25.0400,4.88333,0,
-16.1206,-25.0475,4.88350,0,
-16.1206,-25.0550,4.88367,0,
-16.1579,-25.0625,4.88383,0,
-16.1579,-25.0725,4.88400,0,
-16.1951,-25.0800,4.88417,0,
-16.1951,-25.0875,4.88433,0,
-16.2323,-25.0975,4.88450,0,
-16.2323,-25.1050,4.88467,0,
-16.2695,-25.1150,4.88483,0,
-16.2695,-25.1225,4.88500,0,
-16.3068,-25.1300,4.88517,0,
-16.3068,-25.1400,4.88533,0,
-16.3068,-25.1475,4.88550,0,
-16.3440,-25.1550,4.88567,0,
-16.3440,-25.1650,4.88583,0,
-16.3812,-25.1725,4.88600,0,
-16.3812,-25.1800,4.88617,0,
-16.4185,-25.1900,4.88633,0,
-16.4557,-25.1975,4.88650,0,
-16.4557,-25.2050,4.88667,0,
-16.4557,-25.2150,4.88683,0,
-16.4929,-25.2225,4.88700,0,
-16.4929,-25.2300,4.88717,0,
-16.5302,-25.2375,4.88733,0,
-16.5302,-25.2475,4.88750,0,
-16.5674,-25.2550,4.88767,0,
-16.5674,-25.2625,4.88783,0,
-16.6046,-25.2725,4.88800,0,
-16.6046,-25.2800,4.88817,0,
-16.6418,-25.2875,4.88833,0,
-16.6418,-25.2975,4.88850,0,
-16.6791,-25.3050,4.88867,0,
-16.6791,-25.3125,4.88883,0,
-16.7163,-25.3225,4.88900,0,
-16.7163,-25.3300,4.88917,0,
-16.7163,-25.3375,4.88933,0,
-16.7535,-25.3475,4.88950,0,
-16.7535,-25.3550,4.88967,0,
-16.7908,-25.3625,4.88983,0,
-16.7908,-25.3700,4.89000,0,
-16.8280,-25.3800,4.89017,0,
-16.8280,-25.3875,4.89033,0,
-16.8652,-25.3950,4.89050,0,
-16.8652,-25.4025,4.89067,0,
-16.9025,-25.4125,4.89083,0,
-16.9025,-25.4200,4.89100,0,
-16.9025,-25.4275,4.89117,0,
-16.9397,-25.4375,4.89133,0,
-16.9397,-25.4450,4.89150,0,
-16.9397,-25.4525,4.89167,0,
-16.9769,-25.4625,4.89183,0,
-16.9769,-25.4700,4.89200,0,
-17.0141,-25.4775,4.89217,0,
-17.0514,-25.4875,4.89233,0,
-17.0514,-25.4950,4.89250,0,
-17.0886,-25.5025,4.89267,0,
-17.0886,-25.5125,4.89283,0,
-17.1258,-25.5200,4.89300,0,
-17.1631,-25.5275,4.89317,0,
-17.2003,-25.5375,4.89333,0,
-17.2003,-25.5450,4.89350,0,
-17.2375,-25.5525,4.89367,0,
-17.2748,-25.5625,4.89383,0,
-17.2748,-25.5700,4.89400,0,
-17.3120,-25.5775,4.89417,0,
-17.3492,-25.5850,4.89433,0,
-17.3864,-25.5950,4.89450,0,
-17.3864,-25.6025,4.89467,0,
-17.4237,-25.6100,4.89483,0,
-17.4609,-25.6200,4.89500,0,
-17.4609,-25.6275,4.89517,0,
-17.4981,-25.6375,4.89533,0,
-17.5354,-25.6450,4.89550,0,
-17.5726,-25.6525,4.89567,0,
-17.5726,-25.6625,4.89583,0,
-17.6098,-25.6700,4.89600,0,
-17.6471,-25.6800,4.89617,0,
-17.6471,-25.6875,4.89633,0,
-17.6843,-25.6950,4.89650,0,
-17.7215,-25.7050,4.89667,0,
-17.7215,-25.7125,4.89683,0,
-17.7587,-25.7200,4.89700,0,
-17.7960,-25.7275,4.89717,0,
-17.7960,-25.7375,4.89733,0,
-17.8332,-25.7450,4.89750,0,
-17.8704,-25.7550,4.89767,0,
-17.9077,-25.7625,4.89783,0,
-17.9077,-25.7700,4.89800,0,
-17.9449,-25.7800,4.89817,0,
-17.9821,-25.7875,4.89833,0,
-18.0194,-25.7950,4.89850,0,
-18.0194,-25.8050,4.89867,0,
-18.0566,-25.8125,4.89883,0,
-18.0938,-25.8225,4.89900,0,
-18.0938,-25.8300,4.89917,0,
-18.1311,-25.8375,4.89933,0,
-18.1683,-25.8475,4.89950,0,
-18.1683,-25.8550,4.89967,0,
-18.2055,-25.8625,4.89983,0,
-18.2427,-25.8725,4.90000,0,
-18.2427,-25.8800,4.90017,0,
-18.2800,-25.8875,4.90033,0,
-18.3172,-25.8950,4.90050,0,
-18.3172,-25.9050,4.90067,0,
-18.3544,-25.9125,4.90083,0,
-18.3917,-25.9200,4.90100,0,
-18.3917,-25.9275,4.90117,0,
-18.4289,-25.9350,4.90133,0,
-18.4661,-25.9450,4.90150,0,
-18.5033,-25.9525,4.90167,0,
-18.5033,-25.9600,4.90183,0,
-18.5406,-25.9700,4.90200,0,
-18.5406,-25.9775,4.90217,0,
-18.5778,-25.9875,4.90233,0,
-18.6150,-25.9950,4.90250,0,
-18.6150,-26.0050,4.90267,0,
-18.6523,-26.0125,4.90283,0,
-18.6895,-26.0200,4.90300,0,
-18.6895,-26.0275,4.90317,0,
-18.7267,-26.0375,4.90333,0,
-18.7640,-26.0450,4.90350,0,
-18.8012,-26.0525,4.90367,0,
-18.8012,-26.0600,4.90383,0,
-18.8384,-26.0700,4.90400,0,
-18.8757,-26.0775,4.90417,0,
-18.8757,-26.0850,4.90433,0,
-18.9129,-26.0950,4.90450,0,
-18.9501,-26.1025,4.90467,0,
-18.9873,-26.1100,4.90483,0,
-19.0246,-26.1200,4.90500,0,
-19.0246,-26.1275,4.90517,0,
-19.0618,-26.1350,4.90533,0,
-19.0990,-26.1450,4.90550,0,
-19.0990,-26.1525,4.90567,0,
-19.1363,-26.1625,4.90583,0,
-19.1363,-26.1700,4.90600,0,
-19.1735,-26.1775,4.90617,0,
-19.2107,-26.1875,4.90633,0,
-19.2480,-26.1950,4.90650,0,
-19.2480,-26.2050,4.90667,0,
-19.2852,-26.2125,4.90683,0,
-19.3224,-26.2200,4.90700,0,
-19.3224,-26.2300,4.90717,0,
-19.3224,-26.2375,4.90733,0,
-19.3596,-26.2450,4.90750,0,
-19.3969,-26.2550,4.90767,0,
-19.4341,-26.2625,4.90783,0,
-19.4341,-26.2700,4.90800,0,
-19.4713,-26.2800,4.90817,0,
-19.5086,-26.2875,4.90833,0,
-19.5086,-26.2950,4.90850,0,
-19.5458,-26.3025,4.90867,0,
-19.5458,-26.3125,4.90883,0,
-19.5830,-26.3200,4.90900,0,
-19.6203,-26.3300,4.90917,0,
-19.6203,-26.3375,4.90933,0,
-19.6575,-26.3450,4.90950,0,
-19.6575,-26.3525,4.90967,0,
-19.6947,-26.3625,4.90983,0,
-19.6947,-26.3700,4.91000,0,
-19.7319,-26.3775,4.91017,0,
-19.7692,-26.3875,4.91033,0,
-19.7692,-26.3950,4.91050,0,
-19.8064,-26.4025,4.91067,0,
-19.8064,-26.4100,4.91083,0,
-19.8436,-26.4200,4.91100,0,
-19.8809,-26.4275,4.91117,0,
-19.8809,-26.4350,4.91133,0,
-19.9181,-26.4450,4.91150,0,
-19.9181,-26.4525,4.91167,0,
-19.9553,-26.4600,4.91183,0,
-19.9926,-26.4700,4.91200,0,
-19.9926,-26.4775,4.91217,0,
-20.0298,-26.4850,4.91233,0,
-20.0670,-26.4950,4.91250,0,
-20.0670,-26.5025,4.91267,0,
-20.1042,-26.5100,4.91283,0,
-20.1415,-26.5175,4.91300,0,
-20.1415,-26.5275,4.91317,0,
-20.1787,-26.5350,4.91333,0,
-20.1787,-26.5425,4.91350,0,
-20.2159,-26.5525,4.91367,0,
-20.2532,-26.5600,4.91383,0,
-20.2532,-26.5675,4.91400,0,
-20.2904,-26.5750,4.91417,0,
-20.2904,-26.5850,4.91433,0,
-20.3276,-26.5925,4.91450,0,
-20.3649,-26.6000,4.91467,0,
-20.4021,-26.6100,4.91483,0,
-20.4021,-26.6175,4.91500,0,
-20.4393,-26.6250,4.91517,0,
-20.4765,-26.6350,4.91533,0,
-20.4765,-26.6425,4.91550,0,
-20.5138,-26.6525,4.91567,0,
-20.5138,-26.6600,4.91583,0,
-20.5510,-26.6675,4.91600,0,
-20.5510,-26.6775,4.91617,0,
-20.5882,-26.6850,4.91633,0,
-20.6255,-26.6925,4.91650,0,
-20.6255,-26.7000,4.91667,0,
-20.6627,-26.7100,4.91683,0,
-20.6999,-26.7175,4.91700,0,
-20.6999,-26.7250,4.91717,0,
-20.6999,-26.7325,4.91733,0,
-20.7372,-26.7400,4.91750,0,
-20.7744,-26.7500,4.91767,0,
-20.8116,-26.7575,4.91783,0,
-20.8488,-26.7650,4.91800,0,
-20.8488,-26.7750,4.91817,0,
-20.8861,-26.7825,4.91833,0,
-20.9233,-26.7925,4.91850,0,
-20.9233,-26.8000,4.91867,0,
-20.9605,-26.8100,4.91883,0,
-20.9978,-26.8175,4.91900,0,
-20.9978,-26.8250,4.91917,0,
-21.0350,-26.8350,4.91933,0,
-21.0350,-26.8425,4.91950,0,
-21.0722,-26.8500,4.91967,0,
-21.1095,-26.8600,4.91983,0,
-21.1095,-26.8675,4.92000,0,
-21.1467,-26.8750,4.92017,0,
-21.1467,-26.8825,4.92033,0,
-21.1839,-26.8925,4.92050,0,
-21.1839,-26.9000,4.92067,0,
-21.2211,-26.9075,4.92083,0,
-21.2584,-26.9175,4.92100,0,
-21.2956,-26.9250,4.92117,0,
-21.2956,-26.9325,4.92133,0,
-21.2956,-26.9400,4.92150,0,
-21.3328,-26.9500,4.92167,0,
-21.3701,-26.9575,4.92183,0,
-21.3701,-26.9650,4.92200,0,
-21.4073,-26.9750,4.92217,0,
-21.4073,-26.9825,4.92233,0,
-21.4445,-26.9900,4.92250,0,
-21.4818,-27.0000,4.92267,0,
-21.4818,-27.0075,4.92283,0,
-21.5190,-27.0150,4.92300,0,
-21.5190,-27.0250,4.92317,0,
-21.5562,-27.0325,4.92333,0,
-21.5562,-27.0400,4.92350,0,
-21.5562,-27.0475,4.92367,0,
-21.5934,-27.0575,4.92383,0,
-21.5934,-27.0650,4.92400,0,
-21.6307,-27.0725,4.92417,0,
-21.6679,-27.0800,4.92433,0,
-21.6679,-27.0900,4.92450,0,
-21.7051,-27.0975,4.92467,0,
-21.7051,-27.1050,4.92483,0,
-21.7424,-27.1150,4.92500,0,
-21.7424,-27.1225,4.92517,0,
-21.7796,-27.1325,4.92533,0,
-21.7796,-27.1400,4.92550,0,
-21.8168,-27.1500,4.92567,0,
-21.8168,-27.1575,4.92583,0,
-21.8541,-27.1650,4.92600,0,
-21.8913,-27.1750,4.92617,0,
-21.8913,-27.1825,4.92633,0,
-21.9285,-27.1900,4.92650,0,
-21.9657,-27.2000,4.92667,0,
-21.9657,-27.2075,4.92683,0,
-22.0030,-27.2150,4.92700,0,
-22.0030,-27.2250,4.92717,0,
-22.0402,-27.2325,4.92733,0,
-22.0402,-27.2400,4.92750,0,
-22.0774,-27.2500,4.92767,0,
-22.1147,-27.2575,4.92783,0,
-22.1519,-27.2650,4.92800,0,
-22.1519,-27.2750,4.92817,0,
-22.1891,-27.2825,4.92833,0,
-22.1891,-27.2900,4.92850,0,
-22.2264,-27.3000,4.92867,0,
-22.2264,-27.3075,4.92883,0,
-22.2636,-27.3175,4.92900,0,
-22.3008,-27.3250,4.92917,0,
-22.3008,-27.3350,4.92933,0,
-22.3380,-27.3425,4.92950,0,
-22.3753,-27.3500,4.92967,0,
-22.3753,-27.3600,4.92983,0,
-22.4125,-27.3675,4.93000,0,
-22.4125,-27.3750,4.93017,0,
-22.4497,-27.3825,4.93033,0,
-22.4870,-27.3925,4.93050,0,
-22.4870,-27.4000,4.93067,0,
-22.5242,-27.4075,4.93083,0,
-22.5242,-27.4150,4.93100,0,
-22.5614,-27.4250,4.93117,0,
-22.5614,-27.4325,4.93133,0,
-22.5987,-27.4425,4.93150,0,
-22.6359,-27.4500,4.93167,0,
-22.6359,-27.4600,4.93183,0,
-22.6731,-27.4675,4.93200,0,
-22.6731,-27.4775,4.93217,0,
-22.7104,-27.4850,4.93233,0,
-22.7476,-27.4925,4.93250,0,
-22.7476,-27.5025,4.93267,0,
-22.7848,-27.5100,4.93283,0,
-22.7848,-27.5175,4.93300,0,
-22.8220,-27.5275,4.93317,0,
-22.8220,-27.5350,4.93333,0,
-22.8593,-27.5425,4.93350,0,
-22.8593,-27.5525,4.93367,0,
-22.8965,-27.5600,4.93383,0,
-22.8965,-27.5675,4.93400,0,
-22.9337,-27.5750,4.93417,0,
-22.9710,-27.5850,4.93433,0,
-22.9710,-27.5925,4.93450,0,
-23.0082,-27.6000,4.93467,0,
-23.0082,-27.6100,4.93483,0,
-23.0454,-27.6175,4.93500,0,
-23.0826,-27.6250,4.93517,0,
-23.0826,-27.6350,4.93533,0,
-23.1199,-27.6425,4.93550,0,
-23.1199,-27.6525,4.93567,0,
-23.1571,-27.6600,4.93583,0,
-23.1571,-27.6675,4.93600,0,
-23.1943,-27.6775,4.93617,0,
-23.2316,-27.6850,4.93633,0,
-23.2316,-27.6925,4.93650,0,
-23.2688,-27.7000,4.93667,0,
-23.2688,-27.7075,4.93683,0,
-23.2688,-27.7175,4.93700,0,
-23.3060,-27.7250,4.93717,0,
-23.3060,-27.7325,4.93733,0,
-23.3433,-27.7400,4.93750,0,
-23.3433,-27.7475,4.93767,0,
-23.3805,-27.7575,4.93783,0,
-23.3805,-27.7650,4.93800,0,
-23.4177,-27.7750,4.93817,0,
-23.4550,-27.7825,4.93833,0,
-23.4550,-27.7900,4.93850,0,
-23.4550,-27.8000,4.93867,0,
-23.4922,-27.8075,4.93883,0,
-23.4922,-27.8175,4.93900,0,
-23.5294,-27.8250,4.93917,0,
-23.5666,-27.8325,4.93933,0,
-23.5666,-27.8425,4.93950,0,
-23.6039,-27.8500,4.93967,0,
-23.6039,-27.8600,4.93983,0,
-23.6411,-27.8675,4.94000,0,
-23.6411,-27.8750,4.94017,0,
-23.6783,-27.8850,4.94033,0,
-23.6783,-27.8925,4.94050,0,
-23.7156,-27.9000,4.94067,0,
-23.7156,-27.9100,4.94083,0,
-23.7156,-27.9175,4.94100,0,
-23.7528,-27.9275,4.94117,0,
-23.7900,-27.9350,4.94133,0,
-23.7900,-27.9425,4.94150,0,
-23.8273,-27.9525,4.94167,0,
-23.8273,-27.9600,4.94183,0,
-23.8273,-27.9675,4.94200,0,
-23.8645,-27.9775,4.94217,0,
-23.9017,-27.9850,4.94233,0,
-23.9017,-27.9950,4.94250,0,
-23.9389,-28.0025,4.94267,0,
-23.9389,-28.0100,4.94283,0,
-23.9762,-28.0200,4.94300,0,
-23.9762,-28.0275,4.94317,0,
-24.0134,-28.0350,4.94333,0,
-24.0134,-28.0450,4.94350,0,
-24.0506,-28.0525,4.94367,0,
-24.0506,-28.0600,4.94383,0,
-24.0879,-28.0700,4.94400,0,
-24.0879,-28.0775,4.94417,0,
-24.0879,-28.0850,4.94433,0,
-24.1251,-28.0950,4.94450,0,
-24.1251,-28.1025,4.94467,0,
-24.1623,-28.1125,4.94483,0,
-24.1996,-28.1200,4.94500,0,
-24.1996,-28.1300,4.94517,0,
-24.2368,-28.1375,4.94533,0,
-24.2740,-28.1450,4.94550,0,
-24.2740,-28.1550,4.94567,0,
-24.2740,-28.1625,4.94583,0,
-24.3112,-28.1725,4.94600,0,
-24.3485,-28.1800,4.94617,0,
-24.3485,-28.1875,4.94633,0,
-24.3857,-28.1975,4.94650,0,
-24.3857,-28.2050,4.94667,0,
-24.4229,-28.2125,4.94683,0,
-24.4229,-28.2225,4.94700,0,
-24.4602,-28.2300,4.94717,0,
-24.4602,-28.2375,4.94733,0,
-24.4974,-28.2475,4.94750,0,
-24.4974,-28.2550,4.94767,0,
-24.5346,-28.2625,4.94783,0,
-24.5719,-28.2725,4.94800,0,
-24.5719,-28.2800,4.94817,0,
-24.6091,-28.2875,4.94833,0,
-24.6091,-28.2975,4.94850,0,
-24.6463,-28.3050,4.94867,0,
-24.6463,-28.3150,4.94883,0,
-24.6835,-28.3225,4.94900,0,
-24.6835,-28.3325,4.94917,0,
-24.7208,-28.3400,4.94933,0,
-24.7208,-28.3475,4.94950,0,
-24.7580,-28.3575,4.94967,0,
-24.7580,-28.3650,4.94983,0,
-24.7580,-28.3725,4.95000,0,
-24.7952,-28.3825,4.95017,0,
-24.7952,-28.3900,4.95033,0,
-24.8325,-28.3975,4.95050,0,
-24.8325,-28.4050,4.95067,0,
-24.8697,-28.4150,4.95083,0,
-24.8697,-28.4225,4.95100,0,
-24.9069,-28.4325,4.95117,0,
-24.9069,-28.4400,4.95133,0,
-24.9442,-28.4500,4.95150,0,
-24.9814,-28.4575,4.95167,0,
-24.9814,-28.4650,4.95183,0,
-24.9814,-28.4750,4.95200,0,
-25.0186,-28.4825,4.95217,0,
-25.0186,-28.4925,4.95233,0,
-25.0558,-28.5000,4.95250,0,
-25.0558,-28.5100,4.95267,0,
-25.0931,-28.5175,4.95283,0,
-25.0931,-28.5275,4.95300,0,
-25.0931,-28.5350,4.95317,0,
-25.1303,-28.5425,4.95333,0,
-25.1303,-28.5525,4.95350,0,
-25.1675,-28.5600,4.95367,0,
-25.1675,-28.5675,4.95383,0,
-25.1675,-28.5750,4.95400,0,
-25.1675,-28.5825,4.95417,0,
-25.2048,-28.5925,4.95433,0,
-25.2048,-28.6000,4.95450,0,
-25.2420,-28.6075,4.95467,0,
-25.2420,-28.6175,4.95483,0,
-25.2420,-28.6250,4.95500,0,
-25.2792,-28.6325,4.95517,0,
-25.2792,-28.6425,4.95533,0,
-25.2792,-28.6500,4.95550,0,
-25.3165,-28.6600,4.95567,0,
-25.3537,-28.6675,4.95583,0,
-25.3537,-28.6775,4.95600,0,
-25.3537,-28.6850,4.95617,0,
-25.3909,-28.6925,4.95633,0,
-25.3909,-28.7025,4.95650,0,
-25.4281,-28.7100,4.95667,0,
-25.4281,-28.7175,4.95683,0,
-25.4654,-28.7250,4.95700,0,
-25.4654,-28.7325,4.95717,0,
-25.4654,-28.7425,4.95733,0,
-25.5026,-28.7500,4.95750,0,
-25.5026,-28.7575,4.95767,0,
-25.5398,-28.7675,4.95783,0,
-25.5771,-28.7750,4.95800,0,
-25.5771,-28.7850,4.95817,0,
-25.5771,-28.7925,4.95833,0,
-25.6143,-28.8000,4.95850,0,
-25.6143,-28.8100,4.95867,0,
-25.6515,-28.8175,4.95883,0,
-25.6515,-28.8250,4.95900,0,
-25.6888,-28.8350,4.95917,0,
-25.6888,-28.8425,4.95933,0,
-25.7260,-28.8500,4.95950,0,
-25.7260,-28.8600,4.95967,0,
-25.7632,-28.8675,4.95983,0,
-25.7632,-28.8775,4.96000,0,
-25.7632,-28.8850,4.96017,0,
-25.8004,-28.8925,4.96033,0,
-25.8004,-28.9000,4.96050,0,
-25.8377,-28.9075,4.96067,0,
-25.8377,-28.9175,4.96083,0,
-25.8377,-28.9250,4.96100,0,
-25.8749,-28.9325,4.96117,0,
-25.8749,-28.9425,4.96133,0,
-25.9121,-28.9500,4.96150,0,
-25.9121,-28.9575,4.96167,0,
-25.9494,-28.9675,4.96183,0,
-25.9494,-28.9750,4.96200,0,
-25.9866,-28.9825,4.96217,0,
-25.9866,-28.9925,4.96233,0,
-26.0238,-29.0000,4.96250,0,
-26.0238,-29.0100,4.96267,0,
-26.0611,-29.0175,4.96283,0,
-26.0611,-29.0250,4.96300,0,
-26.0983,-29.0325,4.96317,0,
-26.0983,-29.0400,4.96333,0,
-26.0983,-29.0500,4.96350,0,
-26.1355,-29.0575,4.96367,0,
-26.1355,-29.0650,4.96383,0,
-26.1727,-29.0750,4.96400,0,
-26.1727,-29.0825,4.96417,0,
-26.2100,-29.0900,4.96433,0,
-26.2100,-29.1000,4.96450,0,
-26.2472,-29.1075,4.96467,0,
-26.2472,-29.1150,4.96483,0,
-26.2844,-29.1250,4.96500,0,
-26.2844,-29.1325,4.96517,0,
-26.3217,-29.1425,4.96533,0,
-26.3217,-29.1500,4.96550,0,
-26.3589,-29.1575,4.96567,0,
-26.3589,-29.1675,4.96583,0,
-26.3589,-29.1750,4.96600,0,
-26.3961,-29.1825,4.96617,0,
-26.4334,-29.1900,4.96633,0,
-26.4334,-29.2000,4.96650,0,
-26.4334,-29.2075,4.96667,0,
-26.4706,-29.2150,4.96683,0,
-26.4706,-29.2225,4.96700,0,
-26.4706,-29.2325,4.96717,0,
-26.4706,-29.2400,4.96733,0,
-26.5078,-29.2475,4.96750,0,
-26.5078,-29.2550,4.96767,0,
-26.5450,-29.2650,4.96783,0,
-26.5450,-29.2725,4.96800,0,
-26.5823,-29.2800,4.96817,0,
-26.5823,-29.2900,4.96833,0,
-26.5823,-29.2975,4.96850,0,
-26.6195,-29.3050,4.96867,0,
-26.6195,-29.3150,4.96883,0,
-26.6567,-29.3225,4.96900,0,
-26.6567,-29.3325,4.96917,0,
-26.6567,-29.3400,4.96933,0,
-26.6940,-29.3475,4.96950,0,
-26.6940,-29.3575,4.96967,0,
-26.7312,-29.3650,4.96983,0,
-26.7312,-29.3725,4.97000,0,
-26.7312,-29.3800,4.97017,0,
-26.7684,-29.3900,4.97033,0,
-26.7684,-29.3975,4.97050,0,
-26.8057,-29.4050,4.97067,0,
-26.8057,-29.4125,4.97083,0,
-26.8057,-29.4225,4.97100,0,
-26.8429,-29.4300,4.97117,0,
-26.8429,-29.4400,4.97133,0,
-26.8801,-29.4475,4.97150,0,
-26.8801,-29.4550,4.97167,0,
-26.9173,-29.4650,4.97183,0,
-26.9173,-29.4725,4.97200,0,
-26.9173,-29.4825,4.97217,0,
-26.9546,-29.4900,4.97233,0,
-26.9546,-29.4975,4.97250,0,
-26.9546,-29.5075,4.97267,0,
-26.9918,-29.5150,4.97283,0,
-26.9918,-29.5225,4.97300,0,
-27.0290,-29.5325,4.97317,0,
-27.0290,-29.5400,4.97333,0,
-27.0290,-29.5475,4.97350,0,
-27.0663,-29.5575,4.97367,0,
-27.0663,-29.5650,4.97383,0,
-27.0663,-29.5725,4.97400,0,
-27.1035,-29.5800,4.97417,0,
-27.1035,-29.5900,4.97433,0,
-27.1035,-29.5975,4.97450,0,
-27.1407,-29.6050,4.97467,0,
-27.1407,-29.6150,4.97483,0,
-27.1780,-29.6225,4.97500,0,
-27.1780,-29.6300,4.97517,0,
-27.1780,-29.6400,4.97533,0,
-27.2152,-29.6475,4.97550,0,
-27.2152,-29.6550,4.97567,0,
-27.2524,-29.6650,4.97583,0,
-27.2524,-29.6725,4.97600,0,
-27.2896,-29.6800,4.97617,0,
-27.2896,-29.6875,4.97633,0,
-27.3269,-29.6975,4.97650,0,
-27.3269,-29.7050,4.97667,0,
-27.3269,-29.7125,4.97683,0,
-27.3641,-29.7225,4.97700,0,
-27.3641,-29.7300,4.97717,0,
-27.4013,-29.7375,4.97733,0,
-27.4013,-29.7450,4.97750,0,
-27.4386,-29.7550,4.97767,0,
-27.4386,-29.7625,4.97783,0,
-27.4758,-29.7700,4.97800,0,
-27.4758,-29.7800,4.97817,0,
-27.5130,-29.7875,4.97833,0,
-27.5130,-29.7975,4.97850,0,
-27.5130,-29.8050,4.97867,0,
-27.5503,-29.8125,4.97883,0,
-27.5503,-29.8225,4.97900,0,
-27.5875,-29.8300,4.97917,0,
-27.5875,-29.8400,4.97933,0,
-27.6247,-29.8475,4.97950,0,
-27.6247,-29.8550,4.97967,0,
-27.6247,-29.8650,4.97983,0,
-27.6619,-29.8725,4.98000,0,
-27.6992,-29.8800,4.98017,0,
-27.6992,-29.8900,4.98033,0,
-27.6992,-29.8975,4.98050,0,
-27.6992,-29.9050,4.98067,0,
-27.7364,-29.9125,4.98083,0,
-27.7364,-29.9200,4.98100,0,
-27.7736,-29.9300,4.98117,0,
-27.7736,-29.9375,4.98133,0,
-27.8109,-29.9450,4.98150,0,
-27.8109,-29.9550,4.98167,0,
-27.8481,-29.9625,4.98183,0,
-27.8481,-29.9725,4.98200,0,
-27.8853,-29.9800,4.98217,0,
-27.8853,-29.9875,4.98233,0,
-27.9226,-29.9975,4.98250,0,
-27.9226,-30.0050,4.98267,0,
-27.9226,-30.0150,4.98283,0,
-27.9598,-30.0225,4.98300,0,
-27.9598,-30.0300,4.98317,0,
-27.9970,-30.0375,4.98333,0,
-27.9970,-30.0475,4.98350,0,
-27.9970,-30.0550,4.98367,0,
-28.0343,-30.0625,4.98383,0,
-28.0343,-30.0700,4.98400,0,
-28.0715,-30.0800,4.98417,0,
-28.0715,-30.0875,4.98433,0,
-28.1087,-30.0950,4.98450,0,
-28.1087,-30.1050,4.98467,0,
-28.1087,-30.1125,4.98483,0,
-28.1459,-30.1225,4.98500,0,
-28.1459,-30.1300,4.98517,0,
-28.1459,-30.1375,4.98533,0,
-28.1832,-30.1475,4.98550,0,
-28.1832,-30.1550,4.98567,0,
-28.2204,-30.1625,4.98583,0,
-28.2204,-30.1725,4.98600,0,
-28.2204,-30.1800,4.98617,0,
-28.2576,-30.1900,4.98633,0,
-28.2576,-30.1975,4.98650,0,
-28.2949,-30.2050,4.98667,0,
-28.2949,-30.2125,4.98683,0,
-28.2949,-30.2225,4.98700,0,
-28.3321,-30.2300,4.98717,0,
-28.3321,-30.2375,4.98733,0,
-28.3321,-30.2475,4.98750,0,
-28.3693,-30.2550,4.98767,0,
-28.3693,-30.2625,4.98783,0,
-28.4066,-30.2700,4.98800,0,
-28.4066,-30.2800,4.98817,0,
-28.4066,-30.2875,4.98833,0,
-28.4066,-30.2950,4.98850,0,
-28.4438,-30.3050,4.98867,0,
-28.4438,-30.3125,4.98883,0,
-28.4810,-30.3200,4.98900,0,
-28.4810,-30.3300,4.98917,0,
-28.5182,-30.3375,4.98933,0,
-28.5182,-30.3450,4.98950,0,
-28.5182,-30.3550,4.98967,0,
-28.5555,-30.3625,4.98983,0,
-28.5555,-30.3700,4.99000,0,
-28.5927,-30.3775,4.99017,0,
-28.5927,-30.3875,4.99033,0,
-28.5927,-30.3950,4.99050,0,
-28.6299,-30.4025,4.99067,0,
-28.6299,-30.4100,4.99083,0,
-28.6299,-30.4200,4.99100,0,
-28.6672,-30.4275,4.99117,0,
-28.6672,-30.4350,4.99133,0,
-28.7044,-30.4450,4.99150,0,
-28.7044,-30.4525,4.99167,0,
-28.7416,-30.4600,4.99183,0,
-28.7416,-30.4700,4.99200,0,
-28.7789,-30.4775,4.99217,0,
-28.7789,-30.4850,4.99233,0,
-28.7789,-30.4950,4.99250,0,
-28.7789,-30.5025,4.99267,0,
-28.8161,-30.5100,4.99283,0,
-28.8161,-30.5200,4.99300,0,
-28.8533,-30.5275,4.99317,0,
-28.8905,-30.5350,4.99333,0,
-28.8905,-30.5450,4.99350,0,
-28.8905,-30.5525,4.99367,0,
-28.8905,-30.5600,4.99383,0,
-28.9278,-30.5675,4.99400,0,
-28.9278,-30.5775,4.99417,0,
-28.9650,-30.5850,4.99433,0,
-28.9650,-30.5925,4.99450,0,
-29.0022,-30.6000,4.99467,0,
-29.0022,-30.6100,4.99483,0,
-29.0395,-30.6175,4.99500,0,
-29.0395,-30.6250,4.99517,0,
-29.0395,-30.6350,4.99533,0,
-29.0767,-30.6425,4.99550,0,
-29.0767,-30.6525,4.99567,0,
-29.1139,-30.6600,4.99583,0,
-29.1139,-30.6675,4.99600,0,
-29.1139,-30.6750,4.99617,0,
-29.1512,-30.6825,4.99633,0,
-29.1512,-30.6900,4.99650,0,
-29.1139,-30.6925,4.99667,0,
-29.0767,-30.6925,4.99683,0,
-29.0767,-30.6950,4.99700,0,
-29.0767,-30.7025,4.99717,0,
-29.0767,-30.7100,4.99733,0,
-29.1139,-30.7150,4.99750,0,
-29.1139,-30.7200,4.99767,0,
-29.0767,-30.7200,4.99783,0,
-29.0767,-30.7225,4.99800,0,
-29.0395,-30.7275,4.99817,0,
-29.0767,-30.7350,4.99833,0,
-29.0767,-30.7375,4.99850,0,
-29.0395,-30.7350,4.99867,0,
-29.0022,-30.7325,4.99883,0,
-28.9650,-30.7325,4.99900,0,
-28.9278,-30.7325,4.99917,0,
-28.8905,-30.7325,4.99933,0,
-28.8905,-30.7325,4.99950,0,
-28.8533,-30.7350,4.99967,0,
-28.8533,-30.7350,4.99983,0,
-28.8161,-30.7350,5.00000,0,
-28.8161,-30.7350,5.00017,0,
-28.7789,-30.7325,5.00033,0,
-28.7789,-30.7325,5.00050,0,
-28.7416,-30.7325,5.00067,0,
-28.7416,-30.7300,5.00083,0,
-28.7044,-30.7275,5.00100,0,
-28.6672,-30.7250,5.00117,0,
-28.6299,-30.7225,5.00133,0,
-28.5927,-30.7200,5.00150,0,
-28.5555,-30.7175,5.00167,0,
-28.5182,-30.7175,5.00183,0,
-28.5182,-30.7150,5.00200,0,
-28.4810,-30.7125,5.00217,0,
-28.4810,-30.7125,5.00233,0,
-28.4438,-30.7100,5.00250,0,
-28.4066,-30.7075,5.00267,0,
-28.4066,-30.7050,5.00283,0,
-28.3693,-30.7025,5.00300,0,
-28.3321,-30.7000,5.00317,0,
-28.2949,-30.6975,5.00333,0,
-28.2576,-30.6925,5.00350,0,
-28.2204,-30.6900,5.00367,0,
-28.1832,-30.6850,5.00383,0,
-28.1459,-30.6825,5.00400,0,
-28.1087,-30.6775,5.00417,0,
-28.0715,-30.6750,5.00433,0,
-28.0343,-30.6700,5.00450,0,
-27.9970,-30.6650,5.00467,0,
-27.9598,-30.6600,5.00483,0,
-27.9226,-30.6575,5.00500,0,
-27.8853,-30.6525,5.00517,0,
-27.8481,-30.6500,5.00533,0,
-27.8109,-30.6450,5.00550,0,
-27.7736,-30.6400,5.00567,0,
-27.7364,-30.6350,5.00583,0,
-27.6619,-30.6300,5.00600,0,
-27.6247,-30.6250,5.00617,0,
-27.5875,-30.6200,5.00633,0,
-27.5503,-30.6125,5.00650,0,
-27.5130,-30.6075,5.00667,0,
-27.4758,-30.6025,5.00683,0,
-27.4386,-30.5975,5.00700,0,
-27.4013,-30.5925,5.00717,0,
-27.3269,-30.5850,5.00733,0,
-27.2896,-30.5800,5.00750,0,
-27.2524,-30.5750,5.00767,0,
-27.2152,-30.5675,5.00783,0,
-27.1780,-30.5625,5.00800,0,
-27.1035,-30.5575,5.00817,0,
-27.0663,-30.5500,5.00833,0,
-27.0290,-30.5450,5.00850,0,
-26.9918,-30.5375,5.00867,0,
-26.9546,-30.5325,5.00883,0,
-26.8801,-30.5250,5.00900,0,
-26.8429,-30.5200,5.00917,0,
-26.8057,-30.5125,5.00933,0,
-26.7684,-30.5075,5.00950,0,
-26.7312,-30.5025,5.00967,0,
-26.6940,-30.4950,5.00983,0,
-26.6195,-30.4875,5.01000,0,
-26.5823,-30.4825,5.01017,0,
-26.5450,-30.4750,5.01033,0,
-26.5078,-30.4700,5.01050,0,
-26.4706,-30.4625,5.01067,0,
-26.4334,-30.4550,5.01083,0,
-26.3961,-30.4500,5.01100,0,
-26.3589,-30.4425,5.01117,0,
-26.3217,-30.4350,5.01133,0,
-26.2844,-30.4300,5.01150,0,
-26.2472,-30.4225,5.01167,0,
-26.1727,-30.4150,5.01183,0,
-26.1355,-30.4075,5.01200,0,
-26.0983,-30.4025,5.01217,0,
-26.0611,-30.3950,5.01233,0,
-25.9866,-30.3875,5.01250,0,
-25.9494,-30.3775,5.01267,0,
-25.9121,-30.3725,5.01283,0,
-25.8377,-30.3650,5.01300,0,
-25.8004,-30.3550,5.01317,0,
-25.7632,-30.3500,5.01333,0,
-25.7260,-30.3425,5.01350,0,
-25.6888,-30.3350,5.01367,0,
-25.6515,-30.3275,5.01383,0,
-25.6143,-30.3200,5.01400,0,
-25.5398,-30.3125,5.01417,0,
-25.5398,-30.3050,5.01433,0,
-25.5026,-30.2975,5.01450,0,
-25.4654,-30.2925,5.01467,0,
-25.3909,-30.2850,5.01483,0,
-25.3537,-30.2775,5.01500,0,
-25.3165,-30.2700,5.01517,0,
-25.2792,-30.2625,5.01533,0,
-25.2420,-30.2550,5.01550,0,
-25.2048,-30.2475,5.01567,0,
-25.1675,-30.2400,5.01583,0,
-25.1303,-30.2325,5.01600,0,
-25.0931,-30.2250,5.01617,0,
-25.0558,-30.2150,5.01633,0,
-25.0186,-30.2075,5.01650,0,
-24.9814,-30.2000,5.01667,0,
-24.9442,-30.1925,5.01683,0,
-24.9069,-30.1850,5.01700,0,
-24.8697,-30.1775,5.01717,0,
-24.8325,-30.1700,5.01733,0,
-24.7952,-30.1625,5.01750,0,
-24.7580,-30.1550,5.01767,0,
-24.7208,-30.1475,5.01783,0,
-24.6835,-30.1375,5.01800,0,
-24.6463,-30.1300,5.01817,0,
-24.6091,-30.1225,5.01833,0,
-24.5719,-30.1150,5.01850,0,
-24.5346,-30.1075,5.01867,0,
-24.4974,-30.0975,5.01883,0,
-24.4602,-30.0900,5.01900,0,
-24.4229,-30.0825,5.01917,0,
-24.3857,-30.0750,5.01933,0,
-24.3857,-30.0675,5.01950,0,
-24.3485,-30.0600,5.01967,0,
-24.3112,-30.0500,5.01983,0,
-24.2740,-30.0425,5.02000,0,
-24.2368,-30.0325,5.02017,0,
-24.1996,-30.0250,5.02033,0,
-24.1623,-30.0150,5.02050,0,
-24.1251,-30.0075,5.02067,0,
-24.0879,-30.0000,5.02083,0,
-24.0879,-29.9925,5.02100,0,
-24.0506,-29.9850,5.02117,0,
-24.0134,-29.9750,5.02133,0,
-23.9762,-29.9675,5.02150,0,
-23.9762,-29.9600,5.02167,0,
-23.9389,-29.9525,5.02183,0,
-23.9017,-29.9425,5.02200,0,
-23.8645,-29.9350,5.02217,0,
-23.8273,-29.9275,5.02233,0,
-23.7900,-29.9200,5.02250,0,
-23.7900,-29.9100,5.02267,0,
-23.7528,-29.9025,5.02283,0,
-23.7156,-29.8950,5.02300,0,
-23.6783,-29.8850,5.02317,0,
-23.6411,-29.8775,5.02333,0,
-23.6039,-29.8700,5.02350,0,
-23.5666,-29.8625,5.02367,0,
-23.5666,-29.8525,5.02383,0,
-23.5294,-29.8450,5.02400,0,
-23.4922,-29.8375,5.02417,0,
-23.4550,-29.8275,5.02433,0,
-23.4177,-29.8200,5.02450,0,
-23.4177,-29.8125,5.02467,0,
-23.3805,-29.8025,5.02483,0,
-23.3433,-29.7950,5.02500,0,
-23.3060,-29.7875,5.02517,0,
-23.2688,-29.7800,5.02533,0,
-23.2316,-29.7700,5.02550,0,
-23.2316,-29.7625,5.02567,0,
-23.1943,-29.7550,5.02583,0,
-23.1571,-29.7450,5.02600,0,
-23.1199,-29.7375,5.02617,0,
-23.0826,-29.7300,5.02633,0,
-23.0454,-29.7200,5.02650,0,
-23.0082,-29.7125,5.02667,0,
-22.9710,-29.7025,5.02683,0,
-22.9710,-29.6950,5.02700,0,
-22.9337,-29.6850,5.02717,0,
-22.8965,-29.6775,5.02733,0,
-22.8593,-29.6700,5.02750,0,
-22.8220,-29.6600,5.02767,0,
-22.8220,-29.6525,5.02783,0,
-22.7848,-29.6450,5.02800,0,
-22.7476,-29.6350,5.02817,0,
-22.7476,-29.6275,5.02833,0,
-22.7104,-29.6200,5.02850,0,
-22.6731,-29.6100,5.02867,0,
-22.6359,-29.6025,5.02883,0,
-22.6359,-29.5950,5.02900,0,
-22.5987,-29.5850,5.02917,0,
-22.5614,-29.5775,5.02933,0,
-22.5242,-29.5700,5.02950,0,
-22.5242,-29.5625,5.02967,0,
-22.4870,-29.5525,5.02983,0,
-22.4497,-29.5450,5.03000,0,
-22.4497,-29.5350,5.03017,0,
-22.4125,-29.5275,5.03033,0,
-22.3753,-29.5175,5.03050,0,
-22.3753,-29.5100,5.03067,0,
-22.3380,-29.5025,5.03083,0,
-22.3008,-29.4925,5.03100,0,
-22.2636,-29.4850,5.03117,0,
-22.2636,-29.4775,5.03133,0,
-22.2264,-29.4675,5.03150,0,
-22.1891,-29.4600,5.03167,0,
-22.1519,-29.4525,5.03183,0,
-22.1519,-29.4425,5.03200,0,
-22.1147,-29.4350,5.03217,0,
-22.0774,-29.4275,5.03233,0,
-22.0774,-29.4200,5.03250,0,
-22.0402,-29.4100,5.03267,0,
-22.0030,-29.4025,5.03283,0,
-22.0030,-29.3925,5.03300,0,
-21.9657,-29.3850,5.03317,0,
-21.9285,-29.3775,5.03333,0,
-21.9285,-29.3675,5.03350,0,
-21.8913,-29.3600,5.03367,0,
-21.8541,-29.3500,5.03383,0,
-21.8168,-29.3425,5.03400,0,
-21.8168,-29.3325,5.03417,0,
-21.7796,-29.3250,5.03433,0,
-21.7424,-29.3175,5.03450,0,
-21.7051,-29.3075,5.03467,0,
-21.7051,-29.3000,5.03483,0,
-21.6679,-29.2925,5.03500,0,
-21.6679,-29.2850,5.03517,0,
-21.6307,-29.2750,5.03533,0,
-21.5934,-29.2675,5.03550,0,
-21.5934,-29.2600,5.03567,0,
-21.5562,-29.2500,5.03583,0,
-21.5190,-29.2425,5.03600,0,
-21.4818,-29.2350,5.03617,0,
-21.4818,-29.2275,5.03633,0,
-21.4818,-29.2175,5.03650,0,
-21.4445,-29.2100,5.03667,0,
-21.4073,-29.2025,5.03683,0,
-21.4073,-29.1925,5.03700,0,
-21.3701,-29.1850,5.03717,0,
-21.3328,-29.1750,5.03733,0,
-21.2956,-29.1675,5.03750,0,
-21.2956,-29.1600,5.03767,0,
-21.2584,-29.1500,5.03783,0,
-21.2584,-29.1425,5.03800,0,
-21.2211,-29.1350,5.03817,0,
-21.1839,-29.1275,5.03833,0,
-21.1467,-29.1200,5.03850,0,
-21.1095,-29.1100,5.03867,0,
-21.1095,-29.1025,5.03883,0,
-21.0722,-29.0950,5.03900,0,
-21.0722,-29.0850,5.03917,0,
-21.0350,-29.0775,5.03933,0,
-20.9978,-29.0700,5.03950,0,
-20.9605,-29.0600,5.03967,0,
-20.9605,-29.0525,5.03983,0,
-20.9233,-29.0425,5.04000,0,
-20.8861,-29.0350,5.04017,0,
-20.8488,-29.0275,5.04033,0,
-20.8116,-29.0175,5.04050,0,
-20.8116,-29.0100,5.04067,0,
-20.7744,-29.0000,5.04083,0,
-20.7372,-28.9925,5.04100,0,
-20.7372,-28.9850,5.04117,0,
-20.6999,-28.9775,5.04133,0,
-20.6627,-28.9675,5.04150,0,
-20.6627,-28.9600,5.04167,0,
-20.6255,-28.9525,5.04183,0,
-20.5882,-28.9425,5.04200,0,
-20.5882,-28.9350,5.04217,0,
-20.5510,-28.9275,5.04233,0,
-20.5138,-28.9200,5.04250,0,
-20.5138,-28.9100,5.04267,0,
-20.4765,-28.9025,5.04283,0,
-20.4765,-28.8950,5.04300,0,
-20.4393,-28.8875,5.04317,0,
-20.4021,-28.8775,5.04333,0,
-20.3649,-28.8700,5.04350,0,
-20.3649,-28.8600,5.04367,0,
-20.3276,-28.8525,5.04383,0,
-20.2904,-28.8450,5.04400,0,
-20.2904,-28.8350,5.04417,0,
-20.2532,-28.8275,5.04433,0,
-20.2532,-28.8200,5.04450,0,
-20.2159,-28.8125,5.04467,0,
-20.1787,-28.8050,5.04483,0,
-20.1415,-28.7950,5.04500,0,
-20.1415,-28.7875,5.04517,0,
-20.1042,-28.7800,5.04533,0,
-20.0670,-28.7700,5.04550,0,
-20.0670,-28.7625,5.04567,0,
-20.0298,-28.7550,5.04583,0,
-19.9926,-28.7450,5.04600,0,
-19.9926,-28.7375,5.04617,0,
-19.9553,-28.7300,5.04633,0,
-19.9553,-28.7200,5.04650,0,
-19.9181,-28.7125,5.04667,0,
-19.8809,-28.7025,5.04683,0,
-19.8809,-28.6950,5.04700,0,
-19.8436,-28.6850,5.04717,0,
-19.8064,-28.6775,5.04733,0,
-19.8064,-28.6700,5.04750,0,
-19.7692,-28.6600,5.04767,0,
-19.7319,-28.6525,5.04783,0,
-19.7319,-28.6425,5.04800,0,
-19.6947,-28.6350,5.04817,0,
-19.6575,-28.6275,5.04833,0,
-19.6575,-28.6175,5.04850,0,
-19.6203,-28.6100,5.04867,0,
-19.6203,-28.6000,5.04883,0,
-19.5830,-28.5925,5.04900,0,
-19.5830,-28.5850,5.04917,0,
-19.5458,-28.5750,5.04933,0,
-19.5086,-28.5675,5.04950,0,
-19.5086,-28.5600,5.04967,0,
-19.4713,-28.5500,5.04983,0,
-19.4713,-28.5425,5.05000,0,
-19.4341,-28.5350,5.05017,0,
-19.3969,-28.5250,5.05033,0,
-19.3969,-28.5175,5.05050,0,
-19.3596,-28.5075,5.05067,0,
-19.3596,-28.5000,5.05083,0,
-19.3224,-28.4925,5.05100,0,
-19.2852,-28.4825,5.05117,0,
-19.2852,-28.4750,5.05133,0,
-19.2480,-28.4675,5.05150,0,
-19.2107,-28.4575,5.05167,0,
-19.2107,-28.4500,5.05183,0,
-19.1735,-28.4425,5.05200,0,
-19.1363,-28.4325,5.05217,0,
-19.0990,-28.4250,5.05233,0,
-19.0618,-28.4150,5.05250,0,
-19.0618,-28.4075,5.05267,0,
-19.0246,-28.4000,5.05283,0,
-18.9873,-28.3900,5.05300,0,
-18.9873,-28.3825,5.05317,0,
-18.9501,-28.3725,5.05333,0,
-18.9129,-28.3650,5.05350,0,
-18.9129,-28.3550,5.05367,0,
-18.8757,-28.3475,5.05383,0,
-18.8384,-28.3400,5.05400,0,
-18.8012,-28.3300,5.05417,0,
-18.7640,-28.3225,5.05433,0,
-18.7640,-28.3150,5.05450,0,
-18.7267,-28.3075,5.05467,0,
-18.6895,-28.2975,5.05483,0,
-18.6895,-28.2900,5.05500,0,
-18.6523,-28.2800,5.05517,0,
-18.6150,-28.2725,5.05533,0,
-18.6150,-28.2650,5.05550,0,
-18.5778,-28.2550,5.05567,0,
-18.5778,-28.2475,5.05583,0,
-18.5406,-28.2400,5.05600,0,
-18.5033,-28.2300,5.05617,0,
-18.4661,-28.2225,5.05633,0,
-18.4289,-28.2125,5.05650,0,
-18.4289,-28.2050,5.05667,0,
-18.3917,-28.1975,5.05683,0,
-18.3544,-28.1875,5.05700,0,
-18.3172,-28.1800,5.05717,0,
-18.3172,-28.1725,5.05733,0,
-18.2800,-28.1625,5.05750,0,
-18.2427,-28.1550,5.05767,0,
-18.2055,-28.1475,5.05783,0,
-18.2055,-28.1375,5.05800,0,
-18.1683,-28.1300,5.05817,0,
-18.1311,-28.1225,5.05833,0,
-18.0938,-28.1150,5.05850,0,
-18.0938,-28.1050,5.05867,0,
-18.0566,-28.0975,5.05883,0,
-18.0194,-28.0900,5.05900,0,
-18.0194,-28.0800,5.05917,0,
-17.9821,-28.0725,5.05933,0,
-17.9449,-28.0625,5.05950,0,
-17.9449,-28.0550,5.05967,0,
-17.9077,-28.0475,5.05983,0,
-17.8704,-28.0375,5.06000,0,
-17.8704,-28.0300,5.06017,0,
-17.7960,-28.0200,5.06033,0,
-17.7960,-28.0125,5.06050,0,
-17.7587,-28.0050,5.06067,0,
-17.7215,-27.9950,5.06083,0,
-17.6843,-27.9875,5.06100,0,
-17.6843,-27.9800,5.06117,0,
-17.6471,-27.9725,5.06133,0,
-17.6098,-27.9625,5.06150,0,
-17.5726,-27.9550,5.06167,0,
-17.5726,-27.9475,5.06183,0,
-17.5354,-27.9375,5.06200,0,
-17.4981,-27.9300,5.06217,0,
-17.4609,-27.9225,5.06233,0,
-17.4609,-27.9125,5.06250,0,
-17.4237,-27.9050,5.06267,0,
-17.4237,-27.8975,5.06283,0,
-17.3864,-27.8875,5.06300,0,
-17.3864,-27.8800,5.06317,0,
-17.3492,-27.8725,5.06333,0,
-17.3120,-27.8625,5.06350,0,
-17.3120,-27.8550,5.06367,0,
-17.2748,-27.8475,5.06383,0,
-17.2375,-27.8375,5.06400,0,
-17.2375,-27.8300,5.06417,0,
-17.2003,-27.8225,5.06433,0,
-17.1631,-27.8150,5.06450,0,
-17.1631,-27.8075,5.06467,0,
-17.1258,-27.7975,5.06483,0,
-17.0886,-27.7900,5.06500,0,
-17.0514,-27.7825,5.06517,0,
-17.0514,-27.7725,5.06533,0,
-17.0141,-27.7650,5.06550,0,
-16.9769,-27.7575,5.06567,0,
-16.9769,-27.7475,5.06583,0,
-16.9397,-27.7400,5.06600,0,
-16.9397,-27.7325,5.06617,0,
-16.9025,-27.7225,5.06633,0,
-16.8652,-27.7150,5.06650,0,
-16.8652,-27.7050,5.06667,0,
-16.8280,-27.6975,5.06683,0,
-16.7908,-27.6875,5.06700,0,
-16.7908,-27.6800,5.06717,0,
-16.7535,-27.6700,5.06733,0,
-16.7163,-27.6625,5.06750,0,
-16.7163,-27.6550,5.06767,0,
-16.6791,-27.6475,5.06783,0,
-16.6791,-27.6375,5.06800,0,
-16.6418,-27.6300,5.06817,0,
-16.6046,-27.6225,5.06833,0,
-16.6046,-27.6125,5.06850,0,
-16.5674,-27.6050,5.06867,0,
-16.5302,-27.5975,5.06883,0,
-16.5302,-27.5875,5.06900,0,
-16.4929,-27.5800,5.06917,0,
-16.4557,-27.5725,5.06933,0,
-16.4185,-27.5625,5.06950,0,
-16.4185,-27.5550,5.06967,0,
-16.3812,-27.5450,5.06983,0,
-16.3440,-27.5375,5.07000,0,
-16.3068,-27.5300,5.07017,0,
-16.3068,-27.5200,5.07033,0,
-16.2695,-27.5125,5.07050,0,
-16.2323,-27.5050,5.07067,0,
-16.1951,-27.4950,5.07083,0,
-16.1951,-27.4875,5.07100,0,
-16.1579,-27.4800,5.07117,0,
-16.1206,-27.4700,5.07133,0,
-16.0834,-27.4625,5.07150,0,
-16.0834,-27.4550,5.07167,0,
-16.0462,-27.4450,5.07183,0,
-16.0089,-27.4375,5.07200,0,
-15.9717,-27.4300,5.07217,0,
-15.9717,-27.4200,5.07233,0,
-15.9345,-27.4125,5.07250,0,
-15.8972,-27.4050,5.07267,0,
-15.8600,-27.3950,5.07283,0,
-15.8600,-27.3875,5.07300,0,
-15.8228,-27.3800,5.07317,0,
-15.7856,-27.3700,5.07333,0,
-15.7483,-27.3625,5.07350,0,
-15.7483,-27.3525,5.07367,0,
-15.7111,-27.3450,5.07383,0,
-15.6739,-27.3375,5.07400,0,
-15.6739,-27.3275,5.07417,0,
-15.6366,-27.3200,5.07433,0,
-15.6366,-27.3125,5.07450,0,
-15.5994,-27.3025,5.07467,0,
-15.5994,-27.2950,5.07483,0,
-15.5622,-27.2875,5.07500,0,
-15.5249,-27.2775,5.07517,0,
-15.5249,-27.2700,5.07533,0,
-15.4877,-27.2625,5.07550,0,
-15.4877,-27.2525,5.07567,0,
-15.4505,-27.2450,5.07583,0,
-15.4133,-27.2375,5.07600,0,
-15.4133,-27.2275,5.07617,0,
-15.3760,-27.2200,5.07633,0,
-15.3760,-27.2125,5.07650,0,
-15.3388,-27.2025,5.07667,0,
-15.3016,-27.1950,5.07683,0,
-15.2643,-27.1850,5.07700,0,
-15.2643,-27.1775,5.07717,0,
-15.2271,-27.1700,5.07733,0,
-15.2271,-27.1600,5.07750,0,
-15.1899,-27.1525,5.07767,0,
-15.1526,-27.1450,5.07783,0,
-15.1526,-27.1375,5.07800,0,
-15.1154,-27.1275,5.07817,0,
-15.1154,-27.1200,5.07833,0,
-15.0782,-27.1100,5.07850,0,
-15.0782,-27.1025,5.07867,0,
-15.0410,-27.0950,5.07883,0,
-15.0410,-27.0850,5.07900,0,
-15.0037,-27.0775,5.07917,0,
-15.0037,-27.0700,5.07933,0,
-14.9665,-27.0600,5.07950,0,
-14.9665,-27.0525,5.07967,0,
-14.9293,-27.0425,5.07983,0,
-14.9293,-27.0350,5.08000,0,
-14.8920,-27.0250,5.08017,0,
-14.8548,-27.0175,5.08033,0,
-14.8548,-27.0100,5.08050,0,
-14.8176,-27.0000,5.08067,0,
-14.8176,-26.9925,5.08083,0,
-14.7803,-26.9825,5.08100,0,
-14.7803,-26.9750,5.08117,0,
-14.7431,-26.9675,5.08133,0,
-14.7431,-26.9575,5.08150,0,
-14.7059,-26.9500,5.08167,0,
-14.6687,-26.9425,5.08183,0,
-14.6314,-26.9325,5.08200,0,
-14.6314,-26.9250,5.08217,0,
-14.5942,-26.9175,5.08233,0,
-14.5942,-26.9075,5.08250,0,
-14.5570,-26.9000,5.08267,0,
-14.5570,-26.8925,5.08283,0,
-14.5197,-26.8825,5.08300,0,
-14.5197,-26.8750,5.08317,0,
-14.4825,-26.8675,5.08333,0,
-14.4825,-26.8575,5.08350,0,
-14.4453,-26.8500,5.08367,0,
-14.4080,-26.8425,5.08383,0,
-14.4080,-26.8350,5.08400,0,
-14.3708,-26.8250,5.08417,0,
-14.3708,-26.8175,5.08433,0,
-14.3336,-26.8100,5.08450,0,
-14.2964,-26.8025,5.08467,0,
-14.2591,-26.7925,5.08483,0,
-14.2591,-26.7850,5.08500,0,
-14.2219,-26.7775,5.08517,0,
-14.1847,-26.7675,5.08533,0,
-14.1847,-26.7600,5.08550,0,
-14.1474,-26.7525,5.08567,0,
-14.1102,-26.7450,5.08583,0,
-14.1102,-26.7350,5.08600,0,
-14.0730,-26.7275,5.08617,0,
-14.0357,-26.7200,5.08633,0,
-13.9985,-26.7100,5.08650,0,
-13.9613,-26.7025,5.08667,0,
-13.9613,-26.6925,5.08683,0,
-13.9240,-26.6850,5.08700,0,
-13.8868,-26.6775,5.08717,0,
-13.8868,-26.6675,5.08733,0,
-13.8496,-26.6600,5.08750,0,
-13.8496,-26.6525,5.08767,0,
-13.8496,-26.6450,5.08783,0,
-13.8124,-26.6350,5.08800,0,
-13.7751,-26.6275,5.08817,0,
-13.7751,-26.6200,5.08833,0,
-13.7379,-26.6125,5.08850,0,
-13.7007,-26.6025,5.08867,0,
-13.7007,-26.5950,5.08883,0,
-13.7007,-26.5875,5.08900,0,
-13.6634,-26.5800,5.08917,0,
-13.6262,-26.5700,5.08933,0,
-13.6262,-26.5625,5.08950,0,
-13.5890,-26.5550,5.08967,0,
-13.5518,-26.5450,5.08983,0,
-13.5145,-26.5375,5.09000,0,
-13.5145,-26.5300,5.09017,0,
-13.4773,-26.5200,5.09033,0,
-13.4401,-26.5125,5.09050,0,
-13.4401,-26.5050,5.09067,0,
-13.4028,-26.4950,5.09083,0,
-13.3656,-26.4875,5.09100,0,
-13.3656,-26.4800,5.09117,0,
-13.3284,-26.4725,5.09133,0,
-13.2911,-26.4625,5.09150,0,
-13.2911,-26.4550,5.09167,0,
-13.2539,-26.4475,5.09183,0,
-13.2539,-26.4400,5.09200,0,
-13.2167,-26.4300,5.09217,0,
-13.2167,-26.4225,5.09233,0,
-13.1794,-26.4150,5.09250,0,
-13.1422,-26.4050,5.09267,0,
-13.1422,-26.3975,5.09283,0,
-13.1050,-26.3900,5.09300,0,
-13.0678,-26.3800,5.09317,0,
-13.0678,-26.3725,5.09333,0,
-13.0305,-26.3650,5.09350,0,
-13.0305,-26.3550,5.09367,0,
-12.9933,-26.3475,5.09383,0,
-12.9561,-26.3400,5.09400,0,
-12.9561,-26.3300,5.09417,0,
-12.9561,-26.3225,5.09433,0,
-12.9188,-26.3150,5.09450,0,
-12.8816,-26.3075,5.09467,0,
-12.8816,-26.2975,5.09483,0,
-12.8444,-26.2900,5.09500,0,
-12.8071,-26.2825,5.09517,0,
-12.8071,-26.2725,5.09533,0,
-12.7699,-26.2650,5.09550,0,
-12.7699,-26.2575,5.09567,0,
-12.7327,-26.2500,5.09583,0,
-12.7327,-26.2400,5.09600,0,
-12.6955,-26.2325,5.09617,0,
-12.6955,-26.2250,5.09633,0,
-12.6582,-26.2175,5.09650,0,
-12.6582,-26.2075,5.09667,0,
-12.6582,-26.2000,5.09683,0,
-12.6210,-26.1925,5.09700,0,
-12.5838,-26.1825,5.09717,0,
-12.5838,-26.1750,5.09733,0,
-12.5465,-26.1675,5.09750,0,
-12.5465,-26.1575,5.09767,0,
-12.5465,-26.1500,5.09783,0,
-12.5093,-26.1425,5.09800,0,
-12.4721,-26.1350,5.09817,0,
-12.4721,-26.1275,5.09833,0,
-12.4721,-26.1175,5.09850,0,
-12.4348,-26.1100,5.09867,0,
-12.3976,-26.1000,5.09883,0,
-12.3976,-26.0925,5.09900,0,
-12.3976,-26.0850,5.09917,0,
-12.3976,-26.0750,5.09933,0,
-12.3976,-26.0675,5.09950,0,
-12.3604,-26.0600,5.09967,0,
-12.3604,-26.0525,5.09983,0,
-12.3604,-26.0425,5.10000,0,
-12.3232,-26.0350,5.10017,0,
-12.2859,-26.0250,5.10033,0,
-12.2859,-26.0175,5.10050,0,
-12.2859,-26.0075,5.10067,0,
-12.2487,-26.0000,5.10083,0,
-12.2487,-25.9925,5.10100,0,
-12.2487,-25.9825,5.10117,0,
-12.2115,-25.9750,5.10133,0,
-12.2115,-25.9675,5.10150,0,
-12.1742,-25.9575,5.10167,0,
-12.1742,-25.9500,5.10183,0,
-12.1370,-25.9425,5.10200,0,
-12.1370,-25.9325,5.10217,0,
-12.1370,-25.9250,5.10233,0,
-12.1370,-25.9175,5.10250,0,
-12.1370,-25.9100,5.10267,0,
-12.0998,-25.9000,5.10283,0,
-12.0998,-25.8925,5.10300,0,
-12.0625,-25.8850,5.10317,0,
-12.0625,-25.8750,5.10333,0,
-12.0625,-25.8675,5.10350,0,
-12.0625,-25.8600,5.10367,0,
-12.0253,-25.8500,5.10383,0,
-12.0253,-25.8425,5.10400,0,
-11.9881,-25.8350,5.10417,0,
-11.9881,-25.8250,5.10433,0,
-11.9881,-25.8175,5.10450,0,
-11.9881,-25.8100,5.10467,0,
-11.9509,-25.8025,5.10483,0,
-11.9509,-25.7925,5.10500,0,
-11.9509,-25.7850,5.10517,0,
-11.9136,-25.7775,5.10533,0,
-11.9136,-25.7675,5.10550,0,
-11.8764,-25.7600,5.10567,0,
-11.8764,-25.7525,5.10583,0,
-11.8392,-25.7425,5.10600,0,
-11.8392,-25.7350,5.10617,0,
-11.8392,-25.7275,5.10633,0,
-11.8019,-25.7175,5.10650,0,
-11.8019,-25.7100,5.10667,0,
-11.7647,-25.7000,5.10683,0,
-11.7647,-25.6925,5.10700,0,
-11.7275,-25.6825,5.10717,0,
-11.7275,-25.6750,5.10733,0,
-11.6902,-25.6675,5.10750,0,
-11.6902,-25.6575,5.10767,0,
-11.6902,-25.6500,5.10783,0,
-11.6530,-25.6425,5.10800,0,
-11.6530,-25.6325,5.10817,0,
-11.6158,-25.6250,5.10833,0,
-11.6158,-25.6175,5.10850,0,
-11.5786,-25.6075,5.10867,0,
-11.5786,-25.6000,5.10883,0,
-11.5413,-25.5925,5.10900,0,
-11.5413,-25.5850,5.10917,0,
-11.5041,-25.5750,5.10933,0,
-11.5041,-25.5675,5.10950,0,
-11.4669,-25.5600,5.10967,0,
-11.4669,-25.5525,5.10983,0,
-11.4669,-25.5425,5.11000,0,
-11.4296,-25.5350,5.11017,0,
-11.4296,-25.5250,5.11033,0,
-11.4296,-25.5175,5.11050,0,
-11.3924,-25.5100,5.11067,0,
-11.3924,-25.5000,5.11083,0,
-11.3924,-25.4925,5.11100,0,
-11.3552,-25.4850,5.11117,0,
-11.3552,-25.4775,5.11133,0,
-11.3552,-25.4675,5.11150,0,
-11.3552,-25.4600,5.11167,0,
-11.3552,-25.4525,5.11183,0,
-11.3179,-25.4450,5.11200,0,
-11.3179,-25.4350,5.11217,0,
-11.3179,-25.4275,5.11233,0,
-11.3179,-25.4175,5.11250,0,
-11.3179,-25.4100,5.11267,0,
-11.2807,-25.4025,5.11283,0,
-11.2807,-25.3925,5.11300,0,
-11.2807,-25.3850,5.11317,0,
-11.2807,-25.3750,5.11333,0,
-11.2435,-25.3675,5.11350,0,
-11.2435,-25.3575,5.11367,0,
-11.2435,-25.3500,5.11383,0,
-11.2435,-25.3425,5.11400,0,
-11.2063,-25.3325,5.11417,0,
-11.2063,-25.3250,5.11433,0,
-11.2063,-25.3175,5.11450,0,
-11.1690,-25.3075,5.11467,0,
-11.1690,-25.3000,5.11483,0,
-11.1690,-25.2925,5.11500,0,
-11.1690,-25.2825,5.11517,0,
-11.1690,-25.2750,5.11533,0,
-11.1318,-25.2675,5.11550,0,
-11.1318,-25.2600,5.11567,0,
-11.1318,-25.2500,5.11583,0,
-11.1318,-25.2425,5.11600,0,
-11.1318,-25.2350,5.11617,0,
-11.0946,-25.2250,5.11633,0,
-11.0946,-25.2175,5.11650,0,
-11.0946,-25.2100,5.11667,0,
-11.0946,-25.2000,5.11683,0,
-11.0946,-25.1925,5.11700,0,
-11.0573,-25.1825,5.11717,0,
-11.0573,-25.1750,5.11733,0,
-11.0573,-25.1675,5.11750,0,
-11.0573,-25.1575,5.11767,0,
-11.0201,-25.1500,5.11783,0,
-11.0201,-25.1425,5.11800,0,
-11.0201,-25.1325,5.11817,0,
-11.0201,-25.1250,5.11833,0,
-11.0201,-25.1175,5.11850,0,
-10.9829,-25.1075,5.11867,0,
-10.9829,-25.1000,5.11883,0,
-10.9829,-25.0925,5.11900,0,
-10.9456,-25.0825,5.11917,0,
-10.9456,-25.0750,5.11933,0,
-10.9456,-25.0650,5.11950,0,
-10.9456,-25.0575,5.11967,0,
-10.9084,-25.0475,5.11983,0,
-10.9084,-25.0400,5.12000,0,
-10.9084,-25.0300,5.12017,0,
-10.8712,-25.0225,5.12033,0,
-10.8712,-25.0125,5.12050,0,
-10.8712,-25.0050,5.12067,0,
-10.8340,-24.9950,5.12083,0,
-10.8340,-24.9875,5.12100,0,
-10.8340,-24.9800,5.12117,0,
-10.7967,-24.9725,5.12133,0,
-10.7967,-24.9625,5.12150,0,
-10.7967,-24.9550,5.12167,0,
-10.7967,-24.9475,5.12183,0,
-10.7595,-24.9375,5.12200,0,
-10.7595,-24.9300,5.12217,0,
-10.7595,-24.9225,5.12233,0,
-10.7595,-24.9125,5.12250,0,
-10.7223,-24.9050,5.12267,0,
-10.7223,-24.8975,5.12283,0,
-10.7223,-24.8875,5.12300,0,
-10.7223,-24.8800,5.12317,0,
-10.6850,-24.8725,5.12333,0,
-10.6850,-24.8625,5.12350,0,
-10.6478,-24.8550,5.12367,0,
-10.6478,-24.8450,5.12383,0,
-10.6478,-24.8375,5.12400,0,
-10.6106,-24.8300,5.12417,0,
-10.6106,-24.8200,5.12433,0,
-10.6106,-24.8125,5.12450,0,
-10.6106,-24.8050,5.12467,0,
-10.6106,-24.7950,5.12483,0,
-10.5733,-24.7875,5.12500,0,
-10.5733,-24.7800,5.12517,0,
-10.5733,-24.7700,5.12533,0,
-10.5733,-24.7625,5.12550,0,
-10.5733,-24.7550,5.12567,0,
-10.5361,-24.7450,5.12583,0,
-10.5361,-24.7375,5.12600,0,
-10.5361,-24.7275,5.12617,0,
-10.5361,-24.7200,5.12633,0,
-10.5361,-24.7100,5.12650,0,
-10.4989,-24.7025,5.12667,0,
-10.4989,-24.6925,5.12683,0,
-10.4989,-24.6850,5.12700,0,
-10.4617,-24.6750,5.12717,0,
-10.4617,-24.6675,5.12733,0,
-10.4617,-24.6575,5.12750,0,
-10.4617,-24.6500,5.12767,0,
-10.4244,-24.6425,5.12783,0,
-10.4244,-24.6325,5.12800,0,
-10.3872,-24.6250,5.12817,0,
-10.3872,-24.6175,5.12833,0,
-10.3872,-24.6075,5.12850,0,
-10.3500,-24.6000,5.12867,0,
-10.3500,-24.5900,5.12883,0,
-10.3500,-24.5825,5.12900,0,
-10.3500,-24.5750,5.12917,0,
-10.3500,-24.5650,5.12933,0,
-10.3127,-24.5575,5.12950,0,
-10.3127,-24.5500,5.12967,0,
-10.3127,-24.5400,5.12983,0,
-10.3127,-24.5325,5.13000,0,
-10.2755,-24.5225,5.13017,0,
-10.2755,-24.5150,5.13033,0,
-10.2755,-24.5075,5.13050,0,
-10.2383,-24.4975,5.13067,0,
-10.2383,-24.4900,5.13083,0,
-10.2383,-24.4800,5.13100,0,
-10.2383,-24.4725,5.13117,0,
-10.2383,-24.4650,5.13133,0,
-10.2010,-24.4550,5.13150,0,
-10.2010,-24.4475,5.13167,0,
-10.2010,-24.4375,5.13183,0,
-10.2010,-24.4300,5.13200,0,
-10.1638,-24.4225,5.13217,0,
-10.1638,-24.4125,5.13233,0,
-10.1638,-24.4050,5.13250,0,
-10.1266,-24.3975,5.13267,0,
-10.1266,-24.3875,5.13283,0,
-10.1266,-24.3800,5.13300,0,
-10.1266,-24.3700,5.13317,0,
-10.0894,-24.3625,5.13333,0,
-10.0894,-24.3525,5.13350,0,
-10.0894,-24.3450,5.13367,0,
-10.0894,-24.3350,5.13383,0,
-10.0521,-24.3275,5.13400,0,
-10.0521,-24.3175,5.13417,0,
-10.0521,-24.3100,5.13433,0,
-10.0521,-24.3025,5.13450,0,
-10.0149,-24.2925,5.13467,0,
-10.0149,-24.2850,5.13483,0,
-10.0149,-24.2775,5.13500,0,
-10.0149,-24.2675,5.13517,0,
-9.9777,-24.2600,5.13533,0,
-9.9777,-24.2525,5.13550,0,
-9.9777,-24.2425,5.13567,0,
-9.9777,-24.2350,5.13583,0,
-9.9777,-24.2275,5.13600,0,
-9.9404,-24.2200,5.13617,0,
-9.9404,-24.2100,5.13633,0,
-9.9404,-24.2025,5.13650,0,
-9.9404,-24.1925,5.13667,0,
-9.9404,-24.1850,5.13683,0,
-9.9032,-24.1775,5.13700,0,
-9.9032,-24.1675,5.13717,0,
-9.9032,-24.1600,5.13733,0,
-9.9032,-24.1525,5.13750,0,
-9.9032,-24.1425,5.13767,0,
-9.8660,-24.1350,5.13783,0,
-9.8660,-24.1275,5.13800,0,
-9.8660,-24.1200,5.13817,0,
-9.8660,-24.1100,5.13833,0,
-9.8660,-24.1025,5.13850,0,
-9.8660,-24.0925,5.13867,0,
-9.8660,-24.0850,5.13883,0,
-9.8287,-24.0775,5.13900,0,
-9.8287,-24.0675,5.13917,0,
-9.8287,-24.0600,5.13933,0,
-9.8287,-24.0525,5.13950,0,
-9.8287,-24.0425,5.13967,0,
-9.8287,-24.0350,5.13983,0,
-9.7915,-24.0250,5.14000,0,
-9.7915,-24.0175,5.14017,0,
-9.7915,-24.0075,5.14033,0,
-9.7915,-24.0000,5.14050,0,
-9.7915,-23.9925,5.14067,0,
-9.7915,-23.9850,5.14083,0,
-9.7915,-23.9750,5.14100,0,
-9.7543,-23.9675,5.14117,0,
-9.7543,-23.9600,5.14133,0,
-9.7543,-23.9525,5.14150,0,
-9.7543,-23.9425,5.14167,0,
-9.7543,-23.9350,5.14183,0,
-9.7543,-23.9275,5.14200,0,
-9.7543,-23.9175,5.14217,0,
-9.7543,-23.9100,5.14233,0,
-9.7543,-23.9025,5.14250,0,
-9.7543,-23.8925,5.14267,0,
-9.7171,-23.8850,5.14283,0,
-9.7171,-23.8775,5.14300,0,
-9.7171,-23.8675,5.14317,0,
-9.7171,-23.8600,5.14333,0,
-9.7171,-23.8500,5.14350,0,
-9.7171,-23.8425,5.14367,0,
-9.6798,-23.8350,5.14383,0,
-9.6798,-23.8250,5.14400,0,
-9.6798,-23.8175,5.14417,0,
-9.6798,-23.8100,5.14433,0,
-9.6798,-23.8025,5.14450,0,
-9.6798,-23.7950,5.14467,0,
-9.6798,-23.7850,5.14483,0,
-9.6798,-23.7775,5.14500,0,
-9.6426,-23.7700,5.14517,0,
-9.6426,-23.7600,5.14533,0,
-9.6426,-23.7525,5.14550,0,
-9.6426,-23.7450,5.14567,0,
-9.6426,-23.7375,5.14583,0,
-9.6426,-23.7275,5.14600,0,
-9.6426,-23.7200,5.14617,0,
-9.6054,-23.7100,5.14633,0,
-9.6054,-23.7025,5.14650,0,
-9.6054,-23.6950,5.14667,0,
-9.6054,-23.6850,5.14683,0,
-9.6054,-23.6775,5.14700,0,
-9.6054,-23.6675,5.14717,0,
-9.5681,-23.6600,5.14733,0,
-9.5681,-23.6525,5.14750,0,
-9.5681,-23.6425,5.14767,0,
-9.5681,-23.6350,5.14783,0,
-9.5681,-23.6275,5.14800,0,
-9.5681,-23.6175,5.14817,0,
-9.5309,-23.6100,5.14833,0,
-9.5309,-23.6025,5.14850,0,
-9.5309,-23.5925,5.14867,0,
-9.5309,-23.5850,5.14883,0,
-9.5309,-23.5775,5.14900,0,
-9.4937,-23.5675,5.14917,0,
-9.5309,-23.5600,5.14933,0,
-9.4937,-23.5525,5.14950,0,
-9.4937,-23.5425,5.14967,0,
-9.4937,-23.5350,5.14983,0,
-9.4937,-23.5275,5.15000,0,
-9.4564,-23.5175,5.15017,0,
-9.4937,-23.5100,5.15033,0,
-9.4564,-23.5025,5.15050,0,
-9.4564,-23.4925,5.15067,0,
-9.4564,-23.4850,5.15083,0,
-9.4564,-23.4775,5.15100,0,
-9.4564,-23.4700,5.15117,0,
-9.4192,-23.4600,5.15133,0,
-9.4192,-23.4525,5.15150,0,
-9.4192,-23.4450,5.15167,0,
-9.4192,-23.4350,5.15183,0,
-9.4192,-23.4275,5.15200,0,
-9.4192,-23.4200,5.15217,0,
-9.4192,-23.4100,5.15233,0,
-9.4192,-23.4025,5.15250,0,
-9.3820,-23.3950,5.15267,0,
-9.3820,-23.3850,5.15283,0,
-9.3820,-23.3775,5.15300,0,
-9.3820,-23.3700,5.15317,0,
-9.3447,-23.3600,5.15333,0,
-9.3447,-23.3500,5.15350,0,
-9.3447,-23.3425,5.15367,0,
-9.3447,-23.3350,5.15383,0,
-9.3447,-23.3250,5.15400,0,
-9.3447,-23.3175,5.15417,0,
-9.3447,-23.3100,5.15433,0,
-9.3075,-23.3000,5.15450,0,
-9.3075,-23.2925,5.15467,0,
-9.3075,-23.2850,5.15483,0,
-9.3075,-23.2750,5.15500,0,
-9.3075,-23.2675,5.15517,0,
-9.3075,-23.2600,5.15533,0,
-9.2703,-23.2500,5.15550,0,
-9.2703,-23.2425,5.15567,0,
-9.2703,-23.2350,5.15583,0,
-9.2703,-23.2250,5.15600,0,
-9.2703,-23.2175,5.15617,0,
-9.2703,-23.2100,5.15633,0,
-9.2331,-23.2000,5.15650,0,
-9.2331,-23.1925,5.15667,0,
-9.2331,-23.1825,5.15683,0,
-9.2331,-23.1750,5.15700,0,
-9.2331,-23.1650,5.15717,0,
-9.2331,-23.1575,5.15733,0,
-9.1958,-23.1500,5.15750,0,
-9.1958,-23.1400,5.15767,0,
-9.1958,-23.1325,5.15783,0,
-9.1958,-23.1250,5.15800,0,
-9.1958,-23.1175,5.15817,0,
-9.1958,-23.1075,5.15833,0,
-9.1958,-23.1000,5.15850,0,
-9.1586,-23.0925,5.15867,0,
-9.1586,-23.0825,5.15883,0,
-9.1586,-23.0750,5.15900,0,
-9.1586,-23.0675,5.15917,0,
-9.1586,-23.0575,5.15933,0,
-9.1586,-23.0500,5.15950,0,
-9.1214,-23.0400,5.15967,0,
-9.1214,-23.0325,5.15983,0,
-9.1214,-23.0250,5.16000,0,
-9.1214,-23.0150,5.16017,0,
-9.1214,-23.0075,5.16033,0,
-9.1214,-22.9975,5.16050,0,
-9.0841,-22.9900,5.16067,0,
-9.1214,-22.9825,5.16083,0,
-9.0841,-22.9725,5.16100,0,
-9.0841,-22.9650,5.16117,0,
-9.0841,-22.9575,5.16133,0,
-9.0841,-22.9475,5.16150,0,
-9.0841,-22.9400,5.16167,0,
-9.0841,-22.9325,5.16183,0,
-9.0841,-22.9225,5.16200,0,
-9.0841,-22.9150,5.16217,0,
-9.0841,-22.9075,5.16233,0,
-9.0841,-22.8975,5.16250,0,
-9.0841,-22.8900,5.16267,0,
-9.0841,-22.8800,5.16283,0,
-9.0841,-22.8725,5.16300,0,
-9.0841,-22.8650,5.16317,0,
-9.0841,-22.8550,5.16333,0,
-9.0841,-22.8475,5.16350,0,
-9.0841,-22.8375,5.16367,0,
-9.0469,-22.8300,5.16383,0,
-9.0469,-22.8225,5.16400,0,
-9.0469,-22.8125,5.16417,0,
-9.0469,-22.8050,5.16433,0,
-9.0469,-22.7975,5.16450,0,
-9.0469,-22.7900,5.16467,0,
-9.0097,-22.7800,5.16483,0,
-9.0097,-22.7725,5.16500,0,
-9.0097,-22.7650,5.16517,0,
-9.0097,-22.7550,5.16533,0,
-9.0097,-22.7475,5.16550,0,
-9.0097,-22.7400,5.16567,0,
-9.0097,-22.7300,5.16583,0,
-8.9725,-22.7225,5.16600,0,
-8.9725,-22.7125,5.16617,0,
-8.9725,-22.7050,5.16633,0,
-8.9725,-22.6975,5.16650,0,
-8.9352,-22.6875,5.16667,0,
-8.9352,-22.6800,5.16683,0,
-8.9352,-22.6700,5.16700,0,
-8.9352,-22.6625,5.16717,0,
-8.9352,-22.6550,5.16733,0,
-8.9352,-22.6450,5.16750,0,
-8.9352,-22.6375,5.16767,0,
-8.8980,-22.6300,5.16783,0,
-8.8980,-22.6200,5.16800,0,
-8.8980,-22.6125,5.16817,0,
-8.8980,-22.6050,5.16833,0,
-8.8980,-22.5950,5.16850,0,
-8.8980,-22.5875,5.16867,0,
-8.8608,-22.5800,5.16883,0,
-8.8608,-22.5700,5.16900,0,
-8.8980,-22.5625,5.16917,0,
-8.8608,-22.5550,5.16933,0,
-8.8608,-22.5450,5.16950,0,
-8.8608,-22.5375,5.16967,0,
-8.8608,-22.5300,5.16983,0,
-8.8608,-22.5200,5.17000,0,
-8.8608,-22.5125,5.17017,0,
-8.8608,-22.5025,5.17033,0,
-8.8608,-22.4950,5.17050,0,
-8.8608,-22.4875,5.17067,0,
-8.8608,-22.4775,5.17083,0,
-8.8235,-22.4700,5.17100,0,
-8.8235,-22.4625,5.17117,0,
-8.8235,-22.4550,5.17133,0,
-8.8235,-22.4450,5.17150,0,
-8.8235,-22.4375,5.17167,0,
-8.7863,-22.4300,5.17183,0,
-8.7863,-22.4200,5.17200,0,
-8.7863,-22.4125,5.17217,0,
-8.7863,-22.4025,5.17233,0,
-8.7863,-22.3950,5.17250,0,
-8.7863,-22.3875,5.17267,0,
-8.7491,-22.3775,5.17283,0,
-8.7491,-22.3700,5.17300,0,
-8.7491,-22.3625,5.17317,0,
-8.7491,-22.3525,5.17333,0,
-8.7491,-22.3450,5.17350,0,
-8.7491,-22.3375,5.17367,0,
-8.7118,-22.3275,5.17383,0,
-8.7118,-22.3200,5.17400,0,
-8.7118,-22.3125,5.17417,0,
-8.7118,-22.3050,5.17433,0,
-8.7118,-22.2950,5.17450,0,
-8.6746,-22.2875,5.17467,0,
-8.6746,-22.2800,5.17483,0,
-8.6746,-22.2700,5.17500,0,
-8.6746,-22.2625,5.17517,0,
-8.6746,-22.2550,5.17533,0,
-8.6746,-22.2475,5.17550,0,
-8.6746,-22.2375,5.17567,0,
-8.6374,-22.2300,5.17583,0,
-8.6374,-22.2225,5.17600,0,
-8.6374,-22.2125,5.17617,0,
-8.6374,-22.2050,5.17633,0,
-8.6374,-22.1975,5.17650,0,
-8.6001,-22.1875,5.17667,0,
-8.6001,-22.1800,5.17683,0,
-8.6001,-22.1725,5.17700,0,
-8.6001,-22.1625,5.17717,0,
-8.6001,-22.1550,5.17733,0,
-8.6001,-22.1475,5.17750,0,
-8.6001,-22.1400,5.17767,0,
-8.6001,-22.1300,5.17783,0,
-8.6001,-22.1225,5.17800,0,
-8.6001,-22.1150,5.17817,0,
-8.6001,-22.1050,5.17833,0,
-8.6001,-22.0975,5.17850,0,
-8.6001,-22.0900,5.17867,0,
-8.5629,-22.0825,5.17883,0,
-8.5629,-22.0725,5.17900,0,
-8.5629,-22.0650,5.17917,0,
-8.6001,-22.0575,5.17933,0,
-8.6001,-22.0475,5.17950,0,
-8.5629,-22.0400,5.17967,0,
-8.5629,-22.0300,5.17983,0,
-8.5629,-22.0225,5.18000,0,
-8.5629,-22.0150,5.18017,0,
-8.5629,-22.0050,5.18033,0,
-8.5629,-21.9975,5.18050,0,
-8.5629,-21.9875,5.18067,0,
-8.5629,-21.9800,5.18083,0,
-8.5257,-21.9725,5.18100,0,
-8.5257,-21.9625,5.18117,0,
-8.5257,-21.9550,5.18133,0,
-8.5257,-21.9475,5.18150,0,
-8.5257,-21.9375,5.18167,0,
-8.4885,-21.9300,5.18183,0,
-8.4885,-21.9225,5.18200,0,
-8.4885,-21.9125,5.18217,0,
-8.4885,-21.9050,5.18233,0,
-8.4885,-21.8975,5.18250,0,
-8.4512,-21.8900,5.18267,0,
-8.4512,-21.8800,5.18283,0,
-8.4512,-21.8725,5.18300,0,
-8.4512,-21.8650,5.18317,0,
-8.4140,-21.8550,5.18333,0,
-8.4140,-21.8475,5.18350,0,
-8.4140,-21.8400,5.18367,0,
-8.4140,-21.8325,5.18383,0,
-8.3768,-21.8225,5.18400,0,
-8.3768,-21.8150,5.18417,0,
-8.3768,-21.8075,5.18433,0,
-8.3768,-21.8000,5.18450,0,
-8.3768,-21.7925,5.18467,0,
-8.3768,-21.7850,5.18483,0,
-8.3768,-21.7750,5.18500,0,
-8.3395,-21.7675,5.18517,0,
-8.3395,-21.7600,5.18533,0,
-8.3395,-21.7500,5.18550,0,
-8.3395,-21.7425,5.18567,0,
-8.3395,-21.7350,5.18583,0,
-8.3395,-21.7275,5.18600,0,
-8.3023,-21.7175,5.18617,0,
-8.3023,-21.7100,5.18633,0,
-8.3023,-21.7000,5.18650,0,
-8.3023,-21.6925,5.18667,0,
-8.3023,-21.6825,5.18683,0,
-8.3023,-21.6750,5.18700,0,
-8.3023,-21.6675,5.18717,0,
-8.2651,-21.6575,5.18733,0,
-8.3023,-21.6500,5.18750,0,
-8.2651,-21.6425,5.18767,0,
-8.2651,-21.6350,5.18783,0,
-8.2651,-21.6250,5.18800,0,
-8.2651,-21.6175,5.18817,0,
-8.2278,-21.6100,5.18833,0,
-8.2278,-21.6025,5.18850,0,
-8.2278,-21.5925,5.18867,0,
-8.2278,-21.5850,5.18883,0,
-8.2278,-21.5775,5.18900,0,
-8.2278,-21.5700,5.18917,0,
-8.2278,-21.5600,5.18933,0,
-8.2278,-21.5525,5.18950,0,
-8.2278,-21.5450,5.18967,0,
-8.2278,-21.5350,5.18983,0,
-8.2278,-21.5275,5.19000,0,
-8.1906,-21.5200,5.19017,0,
-8.2278,-21.5100,5.19033,0,
-8.1906,-21.5025,5.19050,0,
-8.1906,-21.4925,5.19067,0,
-8.1906,-21.4850,5.19083,0,
-8.1906,-21.4775,5.19100,0,
-8.1906,-21.4700,5.19117,0,
-8.1906,-21.4625,5.19133,0,
-8.1906,-21.4525,5.19150,0,
-8.1534,-21.4450,5.19167,0,
-8.1534,-21.4375,5.19183,0,
-8.1906,-21.4275,5.19200,0,
-8.1534,-21.4200,5.19217,0,
-8.1534,-21.4125,5.19233,0,
-8.1534,-21.4025,5.19250,0,
-8.1534,-21.3950,5.19267,0,
-8.1162,-21.3875,5.19283,0,
-8.1162,-21.3775,5.19300,0,
-8.1162,-21.3700,5.19317,0,
-8.1162,-21.3625,5.19333,0,
-8.1162,-21.3525,5.19350,0,
-8.1162,-21.3450,5.19367,0,
-8.0789,-21.3350,5.19383,0,
-8.0789,-21.3275,5.19400,0,
-8.0789,-21.3200,5.19417,0,
-8.0789,-21.3125,5.19433,0,
-8.0789,-21.3025,5.19450,0,
-8.0417,-21.2950,5.19467,0,
-8.0417,-21.2875,5.19483,0,
-8.0417,-21.2775,5.19500,0,
-8.0417,-21.2700,5.19517,0,
-8.0417,-21.2625,5.19533,0,
-8.0417,-21.2550,5.19550,0,
-8.0417,-21.2450,5.19567,0,
-8.0417,-21.2375,5.19583,0,
-8.0417,-21.2300,5.19600,0,
-8.0417,-21.2225,5.19617,0,
-8.0417,-21.2125,5.19633,0,
-8.0417,-21.2050,5.19650,0,
-8.0417,-21.1975,5.19667,0,
-8.0417,-21.1900,5.19683,0,
-8.0417,-21.1800,5.19700,0,
-8.0417,-21.1725,5.19717,0,
-8.0417,-21.1650,5.19733,0,
-8.0417,-21.1575,5.19750,0,
-8.0417,-21.1500,5.19767,0,
-8.0045,-21.1400,5.19783,0,
-8.0045,-21.1325,5.19800,0,
-8.0045,-21.1250,5.19817,0,
-8.0417,-21.1175,5.19833,0,
-8.0045,-21.1075,5.19850,0,
-8.0045,-21.1000,5.19867,0,
-8.0045,-21.0900,5.19883,0,
-8.0045,-21.0825,5.19900,0,
-8.0045,-21.0750,5.19917,0,
-8.0045,-21.0650,5.19933,0,
-8.0045,-21.0575,5.19950,0,
-8.0045,-21.0500,5.19967,0,
-8.0045,-21.0400,5.19983,0,
-7.9672,-21.0325,5.20000,0,
-7.9672,-21.0250,5.20017,0,
-7.9672,-21.0150,5.20033,0,
-7.9672,-21.0075,5.20050,0,
-7.9672,-21.0000,5.20067,0,
-7.9672,-20.9900,5.20083,0,
-7.9300,-20.9825,5.20100,0,
-7.9300,-20.9750,5.20117,0,
-7.9300,-20.9650,5.20133,0,
-7.9300,-20.9575,5.20150,0,
-7.9300,-20.9500,5.20167,0,
-7.9300,-20.9425,5.20183,0,
-7.9300,-20.9350,5.20200,0,
-7.9300,-20.9250,5.20217,0,
-7.8928,-20.9175,5.20233,0,
-7.8928,-20.9100,5.20250,0,
-7.8928,-20.9025,5.20267,0,
-7.8928,-20.8950,5.20283,0,
-7.8928,-20.8850,5.20300,0,
-7.8928,-20.8775,5.20317,0,
-7.8928,-20.8700,5.20333,0,
-7.8928,-20.8600,5.20350,0,
-7.8928,-20.8525,5.20367,0,
-7.8928,-20.8450,5.20383,0,
-7.8555,-20.8375,5.20400,0,
-7.8928,-20.8275,5.20417,0,
-7.8555,-20.8200,5.20433,0,
-7.8555,-20.8125,5.20450,0,
-7.8555,-20.8050,5.20467,0,
-7.8555,-20.7950,5.20483,0,
-7.8555,-20.7875,5.20500,0,
-7.8183,-20.7800,5.20517,0,
-7.8183,-20.7700,5.20533,0,
-7.8183,-20.7625,5.20550,0,
-7.8183,-20.7550,5.20567,0,
-7.8183,-20.7450,5.20583,0,
-7.8183,-20.7375,5.20600,0,
-7.8183,-20.7300,5.20617,0,
-7.7811,-20.7200,5.20633,0,
-7.7811,-20.7125,5.20650,0,
-7.7811,-20.7050,5.20667,0,
-7.7811,-20.6950,5.20683,0,
-7.7811,-20.6875,5.20700,0,
-7.7811,-20.6775,5.20717,0,
-7.7811,-20.6700,5.20733,0,
-7.7811,-20.6625,5.20750,0,
-7.7811,-20.6525,5.20767,0,
-7.7811,-20.6450,5.20783,0,
-7.7811,-20.6375,5.20800,0,
-7.7811,-20.6275,5.20817,0,
-7.7439,-20.6200,5.20833,0,
-7.7439,-20.6125,5.20850,0,
-7.7439,-20.6025,5.20867,0,
-7.7439,-20.5950,5.20883,0,
-7.7439,-20.5875,5.20900,0,
-7.7439,-20.5775,5.20917,0,
-7.7439,-20.5700,5.20933,0,
-7.7439,-20.5625,5.20950,0,
-7.7066,-20.5550,5.20967,0,
-7.7066,-20.5450,5.20983,0,
-7.7066,-20.5375,5.21000,0,
-7.7066,-20.5300,5.21017,0,
-7.7066,-20.5200,5.21033,0,
-7.7066,-20.5125,5.21050,0,
-7.7066,-20.5050,5.21067,0,
-7.6694,-20.4950,5.21083,0,
-7.6694,-20.4875,5.21100,0,
-7.6694,-20.4800,5.21117,0,
-7.6694,-20.4725,5.21133,0,
-7.6694,-20.4625,5.21150,0,
-7.6322,-20.4550,5.21167,0,
-7.6322,-20.4475,5.21183,0,
-7.6322,-20.4375,5.21200,0,
-7.6322,-20.4300,5.21217,0,
-7.6322,-20.4225,5.21233,0,
-7.5949,-20.4125,5.21250,0,
-7.5949,-20.4025,5.21267,0,
-7.5949,-20.3950,5.21283,0,
-7.5949,-20.3850,5.21300,0,
-7.5949,-20.3775,5.21317,0,
-7.5949,-20.3700,5.21333,0,
-7.5577,-20.3600,5.21350,0,
-7.5577,-20.3525,5.21367,0,
-7.5577,-20.3425,5.21383,0,
-7.5577,-20.3350,5.21400,0,
-7.5577,-20.3275,5.21417,0,
-7.5577,-20.3175,5.21433,0,
-7.5577,-20.3100,5.21450,0,
-7.5577,-20.3025,5.21467,0,
-7.5577,-20.2950,5.21483,0,
-7.5577,-20.2875,5.21500,0,
-7.5205,-20.2775,5.21517,0,
-7.5205,-20.2700,5.21533,0,
-7.5205,-20.2625,5.21550,0,
-7.5205,-20.2550,5.21567,0,
-7.5205,-20.2450,5.21583,0,
-7.5205,-20.2375,5.21600,0,
-7.5205,-20.2300,5.21617,0,
-7.4832,-20.2225,5.21633,0,
-7.4832,-20.2125,5.21650,0,
-7.4832,-20.2050,5.21667,0,
-7.4832,-20.1975,5.21683,0,
-7.4832,-20.1875,5.21700,0,
-7.4832,-20.1800,5.21717,0,
-7.4832,-20.1700,5.21733,0,
-7.4832,-20.1625,5.21750,0,
-7.4832,-20.1550,5.21767,0,
-7.4832,-20.1475,5.21783,0,
-7.4832,-20.1400,5.21800,0,
-7.4832,-20.1300,5.21817,0,
-7.4832,-20.1225,5.21833,0,
-7.4460,-20.1150,5.21850,0,
-7.4460,-20.1050,5.21867,0,
-7.4460,-20.0975,5.21883,0,
-7.4460,-20.0900,5.21900,0,
-7.4460,-20.0800,5.21917,0,
-7.4460,-20.0725,5.21933,0,
-7.4460,-20.0650,5.21950,0,
-7.4460,-20.0550,5.21967,0,
-7.4460,-20.0475,5.21983,0,
-7.4460,-20.0375,5.22000,0,
-7.4460,-20.0300,5.22017,0,
-7.4460,-20.0200,5.22033,0,
-7.4460,-20.0125,5.22050,0,
-7.4460,-20.0050,5.22067,0,
-7.4460,-19.9975,5.22083,0,
-7.4460,-19.9875,5.22100,0,
-7.4460,-19.9800,5.22117,0,
-7.4460,-19.9725,5.22133,0,
-7.4088,-19.9625,5.22150,0,
-7.4088,-19.9550,5.22167,0,
-7.4088,-19.9475,5.22183,0,
-7.4088,-19.9400,5.22200,0,
-7.4088,-19.9300,5.22217,0,
-7.4088,-19.9225,5.22233,0,
-7.4088,-19.9150,5.22250,0,
-7.4088,-19.9075,5.22267,0,
-7.4088,-19.8975,5.22283,0,
-7.4088,-19.8900,5.22300,0,
-7.3716,-19.8825,5.22317,0,
-7.4088,-19.8725,5.22333,0,
-7.3716,-19.8650,5.22350,0,
-7.3716,-19.8575,5.22367,0,
-7.3716,-19.8475,5.22383,0,
-7.3716,-19.8400,5.22400,0,
-7.3716,-19.8325,5.22417,0,
-7.3716,-19.8225,5.22433,0,
-7.3716,-19.8150,5.22450,0,
-7.3716,-19.8075,5.22467,0,
-7.3716,-19.8000,5.22483,0,
-7.3716,-19.7900,5.22500,0,
-7.3343,-19.7825,5.22517,0,
-7.3343,-19.7750,5.22533,0,
-7.3343,-19.7650,5.22550,0,
-7.3343,-19.7575,5.22567,0,
-7.2971,-19.7500,5.22583,0,
-7.2971,-19.7400,5.22600,0,
-7.2971,-19.7325,5.22617,0,
-7.2971,-19.7225,5.22633,0,
-7.2971,-19.7150,5.22650,0,
-7.2971,-19.7075,5.22667,0,
-7.2971,-19.6975,5.22683,0,
-7.2971,-19.6900,5.22700,0,
-7.2971,-19.6800,5.22717,0,
-7.2971,-19.6725,5.22733,0,
-7.2599,-19.6650,5.22750,0,
-7.2599,-19.6550,5.22767,0,
-7.2599,-19.6475,5.22783,0,
-7.2599,-19.6400,5.22800,0,
-7.2599,-19.6300,5.22817,0,
-7.2599,-19.6225,5.22833,0,
-7.2226,-19.6150,5.22850,0,
-7.2226,-19.6050,5.22867,0,
-7.2226,-19.5975,5.22883,0,
-7.2226,-19.5900,5.22900,0,
-7.2226,-19.5825,5.22917,0,
-7.2226,-19.5725,5.22933,0,
-7.1854,-19.5650,5.22950,0,
-7.1854,-19.5575,5.22967,0,
-7.1854,-19.5475,5.22983,0,
-7.1854,-19.5400,5.23000,0,
-7.1854,-19.5300,5.23017,0,
-7.1482,-19.5225,5.23033,0,
-7.1482,-19.5125,5.23050,0,
-7.1482,-19.5050,5.23067,0,
-7.1482,-19.4975,5.23083,0,
-7.1482,-19.4875,5.23100,0,
-7.1482,-19.4800,5.23117,0,
-7.1482,-19.4725,5.23133,0,
-7.1109,-19.4650,5.23150,0,
-7.1482,-19.4550,5.23167,0,
-7.1109,-19.4475,5.23183,0,
-7.1109,-19.4375,5.23200,0,
-7.1109,-19.4300,5.23217,0,
-7.1109,-19.4225,5.23233,0,
-7.1109,-19.4125,5.23250,0,
-7.1109,-19.4050,5.23267,0,
-7.1109,-19.3975,5.23283,0,
-7.1109,-19.3875,5.23300,0,
-7.0737,-19.3800,5.23317,0,
-7.0737,-19.3700,5.23333,0,
-7.0737,-19.3625,5.23350,0,
-7.0737,-19.3525,5.23367,0,
-7.0737,-19.3450,5.23383,0,
-7.0737,-19.3375,5.23400,0,
-7.0737,-19.3275,5.23417,0,
-7.0737,-19.3200,5.23433,0,
-7.0365,-19.3125,5.23450,0,
-7.0365,-19.3025,5.23467,0,
-7.0365,-19.2950,5.23483,0,
-7.0365,-19.2875,5.23500,0,
-7.0365,-19.2775,5.23517,0,
-7.0365,-19.2700,5.23533,0,
-7.0365,-19.2625,5.23550,0,
-7.0365,-19.2550,5.23567,0,
-7.0365,-19.2450,5.23583,0,
-6.9993,-19.2375,5.23600,0,
-6.9993,-19.2300,5.23617,0,
-6.9993,-19.2200,5.23633,0,
-6.9993,-19.2125,5.23650,0,
-6.9993,-19.2025,5.23667,0,
-6.9993,-19.1950,5.23683,0,
-6.9993,-19.1850,5.23700,0,
-6.9993,-19.1775,5.23717,0,
-6.9993,-19.1700,5.23733,0,
-6.9620,-19.1600,5.23750,0,
-6.9993,-19.1525,5.23767,0,
-6.9620,-19.1450,5.23783,0,
-6.9620,-19.1375,5.23800,0,
-6.9620,-19.1275,5.23817,0,
-6.9620,-19.1200,5.23833,0,
-6.9620,-19.1125,5.23850,0,
-6.9620,-19.1025,5.23867,0,
-6.9620,-19.0950,5.23883,0,
-6.9620,-19.0875,5.23900,0,
-6.9248,-19.0775,5.23917,0,
-6.9248,-19.0700,5.23933,0,
-6.9248,-19.0625,5.23950,0,
-6.9248,-19.0525,5.23967,0,
-6.9248,-19.0450,5.23983,0,
-6.9248,-19.0375,5.24000,0,
-6.9248,-19.0275,5.24017,0,
-6.9248,-19.0175,5.24033,0,
-6.8876,-19.0100,5.24050,0,
-6.8876,-19.0025,5.24067,0,
-6.8876,-18.9925,5.24083,0,
-6.8876,-18.9850,5.24100,0,
-6.8876,-18.9775,5.24117,0,
-6.8876,-18.9700,5.24133,0,
-6.8876,-18.9600,5.24150,0,
-6.8876,-18.9525,5.24167,0,
-6.8876,-18.9450,5.24183,0,
-6.8876,-18.9350,5.24200,0,
-6.8876,-18.9275,5.24217,0,
-6.8876,-18.9200,5.24233,0,
-6.8876,-18.9125,5.24250,0,
-6.8876,-18.9025,5.24267,0,
-6.8876,-18.8950,5.24283,0,
-6.8876,-18.8875,5.24300,0,
-6.8503,-18.8775,5.24317,0,
-6.8503,-18.8700,5.24333,0,
-6.8503,-18.8625,5.24350,0,
-6.8503,-18.8525,5.24367,0,
-6.8503,-18.8450,5.24383,0,
-6.8503,-18.8375,5.24400,0,
-6.8503,-18.8300,5.24417,0,
-6.8503,-18.8200,5.24433,0,
-6.8503,-18.8125,5.24450,0,
-6.8503,-18.8050,5.24467,0,
-6.8503,-18.7975,5.24483,0,
-6.8503,-18.7900,5.24500,0,
-6.8503,-18.7800,5.24517,0,
-6.8503,-18.7725,5.24533,0,
-6.8503,-18.7625,5.24550,0,
-6.8503,-18.7550,5.24567,0,
-6.8503,-18.7475,5.24583,0,
-6.8503,-18.7400,5.24600,0,
-6.8503,-18.7300,5.24617,0,
-6.8503,-18.7225,5.24633,0,
-6.8503,-18.7125,5.24650,0,
-6.8503,-18.7050,5.24667,0,
-6.8131,-18.6975,5.24683,0,
-6.8131,-18.6875,5.24700,0,
-6.8131,-18.6800,5.24717,0,
-6.8131,-18.6725,5.24733,0,
-6.8131,-18.6625,5.24750,0,
-6.8131,-18.6550,5.24767,0,
-6.8131,-18.6475,5.24783,0,
-6.8131,-18.6375,5.24800,0,
-6.8131,-18.6300,5.24817,0,
-6.8131,-18.6225,5.24833,0,
-6.8131,-18.6125,5.24850,0,
-6.7759,-18.6050,5.24867,0,
-6.7759,-18.5975,5.24883,0,
-6.7759,-18.5875,5.24900,0,
-6.7759,-18.5800,5.24917,0,
-6.7759,-18.5725,5.24933,0,
-6.7759,-18.5650,5.24950,0,
-6.7759,-18.5550,5.24967,0,
-6.7759,-18.5475,5.24983,0,
-6.7759,-18.5375,5.25000,0,
-6.7386,-18.5300,5.25017,0,
-6.7386,-18.5225,5.25033,0,
-6.7386,-18.5125,5.25050,0,
-6.7386,-18.5050,5.25067,0,
-6.7386,-18.4950,5.25083,0,
-6.7386,-18.4875,5.25100,0,
-6.7386,-18.4800,5.25117,0,
-6.7386,-18.4725,5.25133,0,
-6.7386,-18.4625,5.25150,0,
-6.7386,-18.4550,5.25167,0,
-6.7014,-18.4475,5.25183,0,
-6.7014,-18.4375,5.25200,0,
-6.7014,-18.4300,5.25217,0,
-6.7014,-18.4225,5.25233,0,
-6.7014,-18.4125,5.25250,0,
-6.7014,-18.4050,5.25267,0,
-6.7014,-18.3950,5.25283,0,
-6.7014,-18.3875,5.25300,0,
-6.6642,-18.3800,5.25317,0,
-6.6642,-18.3700,5.25333,0,
-6.6642,-18.3625,5.25350,0,
-6.6642,-18.3525,5.25367,0,
-6.6642,-18.3450,5.25383,0,
-6.6642,-18.3375,5.25400,0,
-6.6642,-18.3275,5.25417,0,
-6.6642,-18.3200,5.25433,0,
-6.6642,-18.3125,5.25450,0,
-6.6642,-18.3050,5.25467,0,
-6.6270,-18.2950,5.25483,0,
-6.6270,-18.2875,5.25500,0,
-6.6270,-18.2800,5.25517,0,
-6.6270,-18.2700,5.25533,0,
-6.6270,-18.2625,5.25550,0,
-6.6270,-18.2550,5.25567,0,
-6.6270,-18.2450,5.25583,0,
-6.6270,-18.2375,5.25600,0,
-6.6270,-18.2300,5.25617,0,
-6.6270,-18.2200,5.25633,0,
-6.6270,-18.2125,5.25650,0,
-6.6270,-18.2025,5.25667,0,
-6.6270,-18.1950,5.25683,0,
-6.6270,-18.1875,5.25700,0,
-6.6270,-18.1775,5.25717,0,
-6.6270,-18.1700,5.25733,0,
-6.6270,-18.1625,5.25750,0,
-6.6270,-18.1525,5.25767,0,
-6.6270,-18.1450,5.25783,0,
-6.6270,-18.1375,5.25800,0,
-6.6270,-18.1300,5.25817,0,
-6.6270,-18.1200,5.25833,0,
-6.6270,-18.1125,5.25850,0,
-6.6270,-18.1025,5.25867,0,
-6.6270,-18.0950,5.25883,0,
-6.6270,-18.0875,5.25900,0,
-6.6270,-18.0775,5.25917,0,
-6.6270,-18.0700,5.25933,0,
-6.6270,-18.0625,5.25950,0,
-6.6270,-18.0525,5.25967,0,
-6.6270,-18.0450,5.25983,0,
-6.6270,-18.0350,5.26000,0,
-6.6270,-18.0275,5.26017,0,
-6.6270,-18.0175,5.26033,0,
-6.6270,-18.0100,5.26050,0,
-6.5897,-18.0000,5.26067,0,
-6.5897,-17.9925,5.26083,0,
-6.5897,-17.9850,5.26100,0,
-6.5897,-17.9750,5.26117,0,
-6.5897,-17.9675,5.26133,0,
-6.5897,-17.9600,5.26150,0,
-6.5897,-17.9500,5.26167,0,
-6.5897,-17.9425,5.26183,0,
-6.5897,-17.9350,5.26200,0,
-6.5897,-17.9250,5.26217,0,
-6.5525,-17.9175,5.26233,0,
-6.5525,-17.9075,5.26250,0,
-6.5525,-17.9000,5.26267,0,
-6.5525,-17.8925,5.26283,0,
-6.5525,-17.8825,5.26300,0,
-6.5525,-17.8750,5.26317,0,
-6.5525,-17.8650,5.26333,0,
-6.5525,-17.8575,5.26350,0,
-6.5153,-17.8475,5.26367,0,
-6.5153,-17.8400,5.26383,0,
-6.5153,-17.8325,5.26400,0,
-6.5153,-17.8225,5.26417,0,
-6.5153,-17.8150,5.26433,0,
-6.5153,-17.8075,5.26450,0,
-6.5153,-17.7975,5.26467,0,
-6.5153,-17.7900,5.26483,0,
-6.4780,-17.7825,5.26500,0,
-6.4780,-17.7725,5.26517,0,
-6.4780,-17.7650,5.26533,0,
-6.4780,-17.7575,5.26550,0,
-6.4780,-17.7475,5.26567,0,
-6.4780,-17.7400,5.26583,0,
-6.4780,-17.7300,5.26600,0,
-6.4780,-17.7225,5.26617,0,
-6.4780,-17.7150,5.26633,0,
-6.4780,-17.7050,5.26650,0,
-6.4780,-17.6975,5.26667,0,
-6.4408,-17.6875,5.26683,0,
-6.4780,-17.6800,5.26700,0,
-6.4408,-17.6700,5.26717,0,
-6.4408,-17.6625,5.26733,0,
-6.4408,-17.6550,5.26750,0,
-6.4408,-17.6450,5.26767,0,
-6.4408,-17.6375,5.26783,0,
-6.4408,-17.6300,5.26800,0,
-6.4408,-17.6200,5.26817,0,
-6.4408,-17.6125,5.26833,0,
-6.4408,-17.6025,5.26850,0,
-6.4408,-17.5950,5.26867,0,
-6.4408,-17.5875,5.26883,0,
-6.4036,-17.5775,5.26900,0,
-6.4036,-17.5700,5.26917,0,
-6.4036,-17.5625,5.26933,0,
-6.4036,-17.5525,5.26950,0,
-6.4036,-17.5450,5.26967,0,
-6.3663,-17.5375,5.26983,0,
-6.4036,-17.5275,5.27000,0,
-6.3663,-17.5200,5.27017,0,
-6.4036,-17.5125,5.27033,0,
-6.4036,-17.5025,5.27050,0,
-6.4036,-17.4950,5.27067,0,
-6.4036,-17.4875,5.27083,0,
-6.4036,-17.4775,5.27100,0,
-6.4036,-17.4700,5.27117,0,
-6.4036,-17.4625,5.27133,0,
-6.4036,-17.4550,5.27150,0,
-6.4036,-17.4450,5.27167,0,
-6.4036,-17.4375,5.27183,0,
-6.4036,-17.4300,5.27200,0,
-6.3663,-17.4200,5.27217,0,
-6.3663,-17.4125,5.27233,0,
-6.3663,-17.4025,5.27250,0,
-6.3663,-17.3950,5.27267,0,
-6.3663,-17.3875,5.27283,0,
-6.3663,-17.3775,5.27300,0,
-6.3663,-17.3700,5.27317,0,
-6.3663,-17.3625,5.27333,0,
-6.3663,-17.3525,5.27350,0,
-6.3663,-17.3450,5.27367,0,
-6.3663,-17.3375,5.27383,0,
-6.3663,-17.3275,5.27400,0,
-6.3291,-17.3200,5.27417,0,
-6.3663,-17.3125,5.27433,0,
-6.3291,-17.3050,5.27450,0,
-6.3291,-17.2950,5.27467,0,
-6.3291,-17.2875,5.27483,0,
-6.3291,-17.2800,5.27500,0,
-6.3291,-17.2700,5.27517,0,
-6.3291,-17.2625,5.27533,0,
-6.3291,-17.2550,5.27550,0,
-6.3291,-17.2450,5.27567,0,
-6.3291,-17.2375,5.27583,0,
-6.3291,-17.2300,5.27600,0,
-6.3291,-17.2200,5.27617,0,
-6.3291,-17.2125,5.27633,0,
-6.3291,-17.2025,5.27650,0,
-6.3291,-17.1950,5.27667,0,
-6.3291,-17.1875,5.27683,0,
-6.3291,-17.1775,5.27700,0,
-6.3291,-17.1700,5.27717,0,
-6.3291,-17.1625,5.27733,0,
-6.3291,-17.1525,5.27750,0,
-6.3291,-17.1450,5.27767,0,
-6.2919,-17.1375,5.27783,0,
-6.2919,-17.1275,5.27800,0,
-6.3291,-17.1200,5.27817,0,
-6.2919,-17.1125,5.27833,0,
-6.2919,-17.1025,5.27850,0,
-6.2919,-17.0950,5.27867,0,
-6.2919,-17.0875,5.27883,0,
-6.2919,-17.0775,5.27900,0,
-6.2919,-17.0700,5.27917,0,
-6.2919,-17.0625,5.27933,0,
-6.2919,-17.0525,5.27950,0,
-6.2919,-17.0450,5.27967,0,
-6.2547,-17.0350,5.27983,0,
-6.2547,-17.0275,5.28000,0,
-6.2547,-17.0175,5.28017,0,
-6.2547,-17.0100,5.28033,0,
-6.2547,-17.0025,5.28050,0,
-6.2547,-16.9925,5.28067,0,
-6.2547,-16.9850,5.28083,0,
-6.2547,-16.9775,5.28100,0,
-6.2547,-16.9675,5.28117,0,
-6.2547,-16.9600,5.28133,0,
-6.2547,-16.9525,5.28150,0,
-6.2547,-16.9425,5.28167,0,
-6.2547,-16.9350,5.28183,0,
-6.2547,-16.9275,5.28200,0,
-6.2547,-16.9175,5.28217,0,
-6.2547,-16.9100,5.28233,0,
-6.2547,-16.9000,5.28250,0,
-6.2547,-16.8925,5.28267,0,
-6.2547,-16.8850,5.28283,0,
-6.2547,-16.8750,5.28300,0,
-6.2547,-16.8675,5.28317,0,
-6.2547,-16.8600,5.28333,0,
-6.2547,-16.8500,5.28350,0,
-6.2547,-16.8425,5.28367,0,
-6.2547,-16.8350,5.28383,0,
-6.2547,-16.8250,5.28400,0,
-6.2547,-16.8175,5.28417,0,
-6.2547,-16.8100,5.28433,0,
-6.2547,-16.8025,5.28450,0,
-6.2547,-16.7925,5.28467,0,
-6.2547,-16.7850,5.28483,0,
-6.2547,-16.7775,5.28500,0,
-6.2547,-16.7675,5.28517,0,
-6.2547,-16.7600,5.28533,0,
-6.2174,-16.7525,5.28550,0,
-6.2174,-16.7425,5.28567,0,
-6.2174,-16.7350,5.28583,0,
-6.2174,-16.7275,5.28600,0,
-6.2174,-16.7175,5.28617,0,
-6.2174,-16.7100,5.28633,0,
-6.2174,-16.7000,5.28650,0,
-6.2174,-16.6925,5.28667,0,
-6.1802,-16.6825,5.28683,0,
-6.2174,-16.6750,5.28700,0,
-6.1802,-16.6675,5.28717,0,
-6.1802,-16.6575,5.28733,0,
-6.1802,-16.6500,5.28750,0,
-6.1802,-16.6425,5.28767,0,
-6.1802,-16.6350,5.28783,0,
-6.1802,-16.6275,5.28800,0,
-6.1802,-16.6175,5.28817,0,
-6.1802,-16.6100,5.28833,0,
-6.1802,-16.6025,5.28850,0,
-6.1802,-16.5925,5.28867,0,
-6.1802,-16.5850,5.28883,0,
-6.1802,-16.5775,5.28900,0,
-6.1802,-16.5700,5.28917,0,
-6.1802,-16.5600,5.28933,0,
-6.1802,-16.5525,5.28950,0,
-6.1802,-16.5450,5.28967,0,
-6.1802,-16.5350,5.28983,0,
-6.1430,-16.5275,5.29000,0,
-6.1802,-16.5200,5.29017,0,
-6.1802,-16.5100,5.29033,0,
-6.1802,-16.5025,5.29050,0,
-6.1430,-16.4950,5.29067,0,
-6.1802,-16.4850,5.29083,0,
-6.1802,-16.4775,5.29100,0,
-6.1430,-16.4700,5.29117,0,
-6.1430,-16.4625,5.29133,0,
-6.1430,-16.4525,5.29150,0,
-6.1430,-16.4450,5.29167,0,
-6.1430,-16.4375,5.29183,0,
-6.1430,-16.4275,5.29200,0,
-6.1430,-16.4200,5.29217,0,
-6.1430,-16.4125,5.29233,0,
-6.1430,-16.4025,5.29250,0,
-6.1430,-16.3950,5.29267,0,
-6.1430,-16.3875,5.29283,0,
-6.1430,-16.3775,5.29300,0,
-6.1057,-16.3700,5.29317,0,
-6.1430,-16.3600,5.29333,0,
-6.1430,-16.3525,5.29350,0,
-6.1430,-16.3450,5.29367,0,
-6.1430,-16.3350,5.29383,0,
-6.1430,-16.3275,5.29400,0,
-6.1430,-16.3200,5.29417,0,
-6.1430,-16.3100,5.29433,0,
-6.1430,-16.3025,5.29450,0,
-6.1430,-16.2950,5.29467,0,
-6.1430,-16.2850,5.29483,0,
-6.1430,-16.2775,5.29500,0,
-6.1430,-16.2700,5.29517,0,
-6.1430,-16.2625,5.29533,0,
-6.1430,-16.2525,5.29550,0,
-6.1430,-16.2450,5.29567,0,
-6.1430,-16.2375,5.29583,0,
-6.1430,-16.2300,5.29600,0,
-6.1430,-16.2200,5.29617,0,
-6.1430,-16.2125,5.29633,0,
-6.1430,-16.2050,5.29650,0,
-6.1430,-16.1950,5.29667,0,
-6.1430,-16.1875,5.29683,0,
-6.1430,-16.1800,5.29700,0,
-6.1430,-16.1700,5.29717,0,
-6.1430,-16.1625,5.29733,0,
-6.1430,-16.1550,5.29750,0,
-6.1430,-16.1475,5.29767,0,
-6.1430,-16.1400,5.29783,0,
-6.1430,-16.1300,5.29800,0,
-6.1430,-16.1225,5.29817,0,
-6.1430,-16.1150,5.29833,0,
-6.1430,-16.1050,5.29850,0,
-6.1430,-16.0975,5.29867,0,
-6.1057,-16.0900,5.29883,0,
-6.1057,-16.0800,5.29900,0,
-6.1057,-16.0725,5.29917,0,
-6.1430,-16.0650,5.29933,0,
-6.1430,-16.0550,5.29950,0,
-6.1057,-16.0475,5.29967,0,
-6.1430,-16.0400,5.29983,0,
-6.1057,-16.0300,5.30000,0,
-6.1430,-16.0225,5.30017,0,
-6.1057,-16.0125,5.30033,0,
-6.1057,-16.0050,5.30050,0,
-6.1057,-15.9975,5.30067,0,
-6.1057,-15.9875,5.30083,0,
-6.1057,-15.9800,5.30100,0,
-6.1057,-15.9725,5.30117,0,
-6.1057,-15.9625,5.30133,0,
-6.1057,-15.9550,5.30150,0,
-6.1057,-15.9475,5.30167,0,
-6.1057,-15.9400,5.30183,0,
-6.1057,-15.9300,5.30200,0,
-6.1057,-15.9225,5.30217,0,
-6.1057,-15.9150,5.30233,0,
-6.1057,-15.9075,5.30250,0,
-6.1057,-15.8975,5.30267,0,
-6.1057,-15.8900,5.30283,0,
-6.1057,-15.8825,5.30300,0,
-6.1057,-15.8725,5.30317,0,
-6.1057,-15.8650,5.30333,0,
-6.1057,-15.8575,5.30350,0,
-6.1057,-15.8475,5.30367,0,
-6.1057,-15.8400,5.30383,0,
-6.1057,-15.8325,5.30400,0,
-6.1430,-15.8225,5.30417,0,
-6.1057,-15.8150,5.30433,0,
-6.1057,-15.8075,5.30450,0,
-6.1057,-15.8000,5.30467,0,
-6.1057,-15.7900,5.30483,0,
-6.1057,-15.7825,5.30500,0,
-6.1430,-15.7750,5.30517,0,
-6.1057,-15.7650,5.30533,0,
-6.1430,-15.7575,5.30550,0,
-6.1057,-15.7500,5.30567,0,
-6.1057,-15.7400,5.30583,0,
-6.1430,-15.7325,5.30600,0,
-6.1057,-15.7250,5.30617,0,
-6.1057,-15.7150,5.30633,0,
-6.1430,-15.7075,5.30650,0,
-6.1430,-15.7000,5.30667,0,
-6.1430,-15.6900,5.30683,0,
-6.1057,-15.6825,5.30700,0,
-6.1430,-15.6725,5.30717,0,
-6.1057,-15.6650,5.30733,0,
-6.1057,-15.6575,5.30750,0,
-6.1057,-15.6475,5.30767,0,
-6.1057,-15.6400,5.30783,0,
-6.1430,-15.6325,5.30800,0,
-6.1430,-15.6225,5.30817,0,
-6.1430,-15.6150,5.30833,0,
-6.1430,-15.6075,5.30850,0,
-6.1430,-15.5975,5.30867,0,
-6.1430,-15.5900,5.30883,0,
-6.1057,-15.5825,5.30900,0,
-6.1430,-15.5750,5.30917,0,
-6.1430,-15.5650,5.30933,0,
-6.1057,-15.5575,5.30950,0,
-6.1057,-15.5500,5.30967,0,
-6.1057,-15.5400,5.30983,0,
-6.1057,-15.5325,5.31000,0,
-6.1430,-15.5225,5.31017,0,
-6.1057,-15.5150,5.31033,0,
-6.1057,-15.5075,5.31050,0,
-6.1057,-15.4975,5.31067,0,
-6.1057,-15.4900,5.31083,0,
-6.1057,-15.4825,5.31100,0,
-6.1057,-15.4725,5.31117,0,
-6.1057,-15.4650,5.31133,0,
-6.1057,-15.4575,5.31150,0,
-6.1057,-15.4500,5.31167,0,
-6.1057,-15.4400,5.31183,0,
-6.1057,-15.4325,5.31200,0,
-6.1057,-15.4225,5.31217,0,
-6.1057,-15.4175,5.31233,0,
-6.1057,-15.4075,5.31250,0,
-6.0685,-15.4000,5.31267,0,
-6.0685,-15.3900,5.31283,0,
-6.0685,-15.3825,5.31300,0,
-6.0685,-15.3725,5.31317,0,
-6.0685,-15.3650,5.31333,0,
-6.1057,-15.3550,5.31350,0,
-6.1057,-15.3475,5.31367,0,
-6.0685,-15.3400,5.31383,0,
-6.0685,-15.3300,5.31400,0,
-6.0685,-15.3225,5.31417,0,
-6.0685,-15.3150,5.31433,0,
-6.0685,-15.3050,5.31450,0,
-6.0685,-15.2975,5.31467,0,
-6.0685,-15.2900,5.31483,0,
-6.0685,-15.2800,5.31500,0,
-6.0685,-15.2725,5.31517,0,
-6.0685,-15.2625,5.31533,0,
-6.0685,-15.2550,5.31550,0,
-6.0685,-15.2475,5.31567,0,
-6.0685,-15.2375,5.31583,0,
-6.0685,-15.2300,5.31600,0,
-6.0685,-15.2225,5.31617,0,
-6.0685,-15.2125,5.31633,0,
-6.0685,-15.2050,5.31650,0,
-6.0313,-15.1975,5.31667,0,
-6.0313,-15.1875,5.31683,0,
-6.0313,-15.1800,5.31700,0,
-6.0313,-15.1725,5.31717,0,
-6.0313,-15.1625,5.31733,0,
-6.0313,-15.1550,5.31750,0,
-6.0313,-15.1475,5.31767,0,
-6.0313,-15.1400,5.31783,0,
-5.9940,-15.1300,5.31800,0,
-5.9940,-15.1225,5.31817,0,
-5.9940,-15.1125,5.31833,0,
-5.9940,-15.1050,5.31850,0,
-5.9940,-15.0975,5.31867,0,
-5.9940,-15.0875,5.31883,0,
-5.9940,-15.0800,5.31900,0,
-5.9940,-15.0700,5.31917,0,
-5.9940,-15.0625,5.31933,0,
-5.9940,-15.0525,5.31950,0,
-5.9940,-15.0450,5.31967,0,
-5.9940,-15.0350,5.31983,0,
-5.9940,-15.0275,5.32000,0,
-5.9940,-15.0175,5.32017,0,
-5.9940,-15.0100,5.32033,0,
-5.9940,-15.0000,5.32050,0,
-5.9940,-14.9925,5.32067,0,
-5.9940,-14.9850,5.32083,0,
-6.0313,-14.9750,5.32100,0,
-6.0313,-14.9675,5.32117,0,
-6.0313,-14.9600,5.32133,0,
-6.0313,-14.9500,5.32150,0,
-6.0313,-14.9425,5.32167,0,
-6.0685,-14.9350,5.32183,0,
-6.0685,-14.9275,5.32200,0,
-6.0685,-14.9175,5.32217,0,
-6.0685,-14.9100,5.32233,0,
-6.0685,-14.9025,5.32250,0,
-6.0685,-14.8950,5.32267,0,
-6.0685,-14.8850,5.32283,0,
-6.0685,-14.8775,5.32300,0,
-6.0685,-14.8700,5.32317,0,
-6.0685,-14.8600,5.32333,0,
-6.0685,-14.8525,5.32350,0,
-6.0685,-14.8450,5.32367,0,
-6.0685,-14.8350,5.32383,0,
-6.0685,-14.8275,5.32400,0,
-6.1057,-14.8200,5.32417,0,
-6.0685,-14.8125,5.32433,0,
-6.1057,-14.8025,5.32450,0,
-6.0685,-14.7950,5.32467,0,
-6.0685,-14.7875,5.32483,0,
-6.0685,-14.7775,5.32500,0,
-6.1057,-14.7700,5.32517,0,
-6.1057,-14.7600,5.32533,0,
-6.0685,-14.7525,5.32550,0,
-6.0685,-14.7425,5.32567,0,
-6.1057,-14.7350,5.32583,0,
-6.1057,-14.7275,5.32600,0,
-6.1057,-14.7175,5.32617,0,
-6.0685,-14.7100,5.32633,0,
-6.1057,-14.7025,5.32650,0,
-6.0685,-14.6925,5.32667,0,
-6.1057,-14.6850,5.32683,0,
-6.1057,-14.6750,5.32700,0,
-6.1057,-14.6675,5.32717,0,
-6.1057,-14.6575,5.32733,0,
-6.1057,-14.6500,5.32750,0,
-6.1057,-14.6425,5.32767,0,
-6.0685,-14.6350,5.32783,0,
-6.1057,-14.6250,5.32800,0,
-6.1057,-14.6175,5.32817,0,
-6.0685,-14.6075,5.32833,0,
-6.1057,-14.6000,5.32850,0,
-6.0685,-14.5925,5.32867,0,
-6.0685,-14.5825,5.32883,0,
-6.0685,-14.5750,5.32900,0,
-6.0685,-14.5675,5.32917,0,
-6.0685,-14.5575,5.32933,0,
-6.0685,-14.5500,5.32950,0,
-6.0685,-14.5425,5.32967,0,
-6.0685,-14.5325,5.32983,0,
-6.0685,-14.5250,5.33000,0,
-6.0685,-14.5150,5.33017,0,
-6.0685,-14.5075,5.33033,0,
-6.0313,-14.4975,5.33050,0,
-6.0685,-14.4900,5.33067,0,
-6.0685,-14.4825,5.33083,0,
-6.0685,-14.4725,5.33100,0,
-6.0685,-14.4650,5.33117,0,
-6.0685,-14.4575,5.33133,0,
-6.0685,-14.4475,5.33150,0,
-6.0685,-14.4400,5.33167,0,
-6.1057,-14.4300,5.33183,0,
-6.0685,-14.4225,5.33200,0,
-6.0685,-14.4150,5.33217,0,
-6.0685,-14.4050,5.33233,0,
-6.0685,-14.3975,5.33250,0,
-6.0685,-14.3900,5.33267,0,
-6.0685,-14.3800,5.33283,0,
-6.0685,-14.3725,5.33300,0,
-6.1057,-14.3625,5.33317,0,
-6.1057,-14.3550,5.33333,0,
-6.1057,-14.3450,5.33350,0,
-6.1057,-14.3375,5.33367,0,
-6.1057,-14.3275,5.33383,0,
-6.1057,-14.3200,5.33400,0,
-6.1057,-14.3125,5.33417,0,
-6.1057,-14.3050,5.33433,0,
-6.1057,-14.2950,5.33450,0,
-6.1057,-14.2875,5.33467,0,
-6.1057,-14.2800,5.33483,0,
-6.1057,-14.2700,5.33500,0,
-6.1430,-14.2625,5.33517,0,
-6.1057,-14.2550,5.33533,0,
-6.1057,-14.2450,5.33550,0,
-6.1430,-14.2375,5.33567,0,
-6.1430,-14.2300,5.33583,0,
-6.1430,-14.2200,5.33600,0,
-6.1430,-14.2125,5.33617,0,
-6.1430,-14.2050,5.33633,0,
-6.1430,-14.1950,5.33650,0,
-6.1430,-14.1875,5.33667,0,
-6.1430,-14.1800,5.33683,0,
-6.1430,-14.1700,5.33700,0,
-6.1802,-14.1625,5.33717,0,
-6.1802,-14.1525,5.33733,0,
-6.1802,-14.1450,5.33750,0,
-6.1802,-14.1375,5.33767,0,
-6.1802,-14.1300,5.33783,0,
-6.1802,-14.1200,5.33800,0,
-6.1802,-14.1125,5.33817,0,
-6.1802,-14.1025,5.33833,0,
-6.2174,-14.0950,5.33850,0,
-6.1802,-14.0875,5.33867,0,
-6.2174,-14.0775,5.33883,0,
-6.2174,-14.0700,5.33900,0,
-6.2174,-14.0600,5.33917,0,
-6.2174,-14.0525,5.33933,0,
-6.2174,-14.0425,5.33950,0,
-6.2174,-14.0350,5.33967,0,
-6.2174,-14.0275,5.33983,0,
-6.2174,-14.0175,5.34000,0,
-6.2174,-14.0100,5.34017,0,
-6.2174,-14.0000,5.34033,0,
-6.2174,-13.9925,5.34050,0,
-6.2174,-13.9850,5.34067,0,
-6.2174,-13.9750,5.34083,0,
-6.2174,-13.9675,5.34100,0,
-6.2174,-13.9600,5.34117,0,
-6.2174,-13.9500,5.34133,0,
-6.2174,-13.9425,5.34150,0,
-6.2174,-13.9325,5.34167,0,
-6.2547,-13.9250,5.34183,0,
-6.2547,-13.9175,5.34200,0,
-6.2547,-13.9075,5.34217,0,
-6.2547,-13.9000,5.34233,0,
-6.2547,-13.8925,5.34250,0,
-6.2547,-13.8825,5.34267,0,
-6.2547,-13.8750,5.34283,0,
-6.2547,-13.8675,5.34300,0,
-6.2547,-13.8575,5.34317,0,
-6.2547,-13.8500,5.34333,0,
-6.2919,-13.8425,5.34350,0,
-6.2547,-13.8325,5.34367,0,
-6.2919,-13.8250,5.34383,0,
-6.2919,-13.8175,5.34400,0,
-6.2919,-13.8075,5.34417,0,
-6.2919,-13.8000,5.34433,0,
-6.2919,-13.7925,5.34450,0,
-6.2919,-13.7850,5.34467,0,
-6.2919,-13.7750,5.34483,0,
-6.2919,-13.7675,5.34500,0,
-6.2919,-13.7600,5.34517,0,
-6.2919,-13.7500,5.34533,0,
-6.2919,-13.7425,5.34550,0,
-6.2919,-13.7350,5.34567,0,
-6.2919,-13.7250,5.34583,0,
-6.3291,-13.7175,5.34600,0,
-6.3291,-13.7075,5.34617,0,
-6.3291,-13.7000,5.34633,0,
-6.3291,-13.6900,5.34650,0,
-6.3291,-13.6825,5.34667,0,
-6.3663,-13.6725,5.34683,0,
-6.3663,-13.6650,5.34700,0,
-6.3663,-13.6575,5.34717,0,
-6.3663,-13.6475,5.34733,0,
-6.3663,-13.6400,5.34750,0,
-6.3663,-13.6325,5.34767,0,
-6.3663,-13.6225,5.34783,0,
-6.3663,-13.6150,5.34800,0,
-6.3663,-13.6075,5.34817,0,
-6.4036,-13.5975,5.34833,0,
-6.4036,-13.5900,5.34850,0,
-6.4036,-13.5825,5.34867,0,
-6.4036,-13.5725,5.34883,0,
-6.4036,-13.5650,5.34900,0,
-6.4036,-13.5575,5.34917,0,
-6.4036,-13.5475,5.34933,0,
-6.4036,-13.5400,5.34950,0,
-6.4036,-13.5325,5.34967,0,
-6.4036,-13.5225,5.34983,0,
-6.4036,-13.5150,5.35000,0,
-6.4036,-13.5075,5.35017,0,
-6.4408,-13.4975,5.35033,0,
-6.4408,-13.4900,5.35050,0,
-6.4036,-13.4825,5.35067,0,
-6.4036,-13.4750,5.35083,0,
-6.4408,-13.4675,5.35100,0,
-6.4408,-13.4575,5.35117,0,
-6.4408,-13.4500,5.35133,0,
-6.4408,-13.4425,5.35150,0,
-6.4408,-13.4325,5.35167,0,
-6.4408,-13.4250,5.35183,0,
-6.4408,-13.4175,5.35200,0,
-6.4408,-13.4100,5.35217,0,
-6.4408,-13.4000,5.35233,0,
-6.4408,-13.3925,5.35250,0,
-6.4408,-13.3850,5.35267,0,
-6.4408,-13.3750,5.35283,0,
-6.4408,-13.3675,5.35300,0,
-6.4408,-13.3575,5.35317,0,
-6.4408,-13.3500,5.35333,0,
-6.4408,-13.3425,5.35350,0,
-6.4408,-13.3325,5.35367,0,
-6.4780,-13.3250,5.35383,0,
-6.4780,-13.3175,5.35400,0,
-6.4408,-13.3075,5.35417,0,
-6.4780,-13.3000,5.35433,0,
-6.4780,-13.2925,5.35450,0,
-6.4780,-13.2850,5.35467,0,
-6.4780,-13.2750,5.35483,0,
-6.4780,-13.2675,5.35500,0,
-6.4780,-13.2600,5.35517,0,
-6.4780,-13.2500,5.35533,0,
-6.4780,-13.2425,5.35550,0,
-6.4780,-13.2350,5.35567,0,
-6.4780,-13.2250,5.35583,0,
-6.4780,-13.2175,5.35600,0,
-6.5153,-13.2100,5.35617,0,
-6.5153,-13.2000,5.35633,0,
-6.5153,-13.1925,5.35650,0,
-6.5153,-13.1825,5.35667,0,
-6.5153,-13.1750,5.35683,0,
-6.5153,-13.1675,5.35700,0,
-6.5153,-13.1575,5.35717,0,
-6.5153,-13.1500,5.35733,0,
-6.5153,-13.1425,5.35750,0,
-6.5153,-13.1350,5.35767,0,
-6.5153,-13.1250,5.35783,0,
-6.5153,-13.1175,5.35800,0,
-6.5153,-13.1100,5.35817,0,
-6.5153,-13.1000,5.35833,0,
-6.5153,-13.0925,5.35850,0,
-6.5153,-13.0850,5.35867,0,
-6.5525,-13.0750,5.35883,0,
-6.5525,-13.0675,5.35900,0,
-6.5525,-13.0600,5.35917,0,
-6.5525,-13.0500,5.35933,0,
-6.5525,-13.0425,5.35950,0,
-6.5525,-13.0350,5.35967,0,
-6.5525,-13.0250,5.35983,0,
-6.5897,-13.0175,5.36000,0,
-6.5897,-13.0075,5.36017,0,
-6.5897,-13.0000,5.36033,0,
-6.5897,-12.9925,5.36050,0,
-6.6270,-12.9850,5.36067,0,
-6.6270,-12.9750,5.36083,0,
-6.6270,-12.9675,5.36100,0,
-6.6270,-12.9600,5.36117,0,
-6.6270,-12.9500,5.36133,0,
-6.6270,-12.9425,5.36150,0,
-6.6270,-12.9350,5.36167,0,
-6.6642,-12.9250,5.36183,0,
-6.6642,-12.9175,5.36200,0,
-6.6642,-12.9075,5.36217,0,
-6.6642,-12.9000,5.36233,0,
-6.6642,-12.8925,5.36250,0,
-6.6642,-12.8825,5.36267,0,
-6.7014,-12.8750,5.36283,0,
-6.7014,-12.8650,5.36300,0,
-6.7014,-12.8575,5.36317,0,
-6.7014,-12.8475,5.36333,0,
-6.7014,-12.8400,5.36350,0,
-6.7014,-12.8325,5.36367,0,
-6.7014,-12.8225,5.36383,0,
-6.7386,-12.8150,5.36400,0,
-6.7386,-12.8075,5.36417,0,
-6.7386,-12.7975,5.36433,0,
-6.7386,-12.7900,5.36450,0,
-6.7386,-12.7825,5.36467,0,
-6.7386,-12.7725,5.36483,0,
-6.7386,-12.7650,5.36500,0,
-6.7386,-12.7575,5.36517,0,
-6.7386,-12.7475,5.36533,0,
-6.7759,-12.7400,5.36550,0,
-6.7386,-12.7325,5.36567,0,
-6.7386,-12.7225,5.36583,0,
-6.7386,-12.7150,5.36600,0,
-6.7386,-12.7050,5.36617,0,
-6.7759,-12.6975,5.36633,0,
-6.7759,-12.6875,5.36650,0,
-6.7759,-12.6800,5.36667,0,
-6.7759,-12.6725,5.36683,0,
-6.7759,-12.6625,5.36700,0,
-6.7759,-12.6550,5.36717,0,
-6.7759,-12.6475,5.36733,0,
-6.8131,-12.6375,5.36750,0,
-6.8131,-12.6300,5.36767,0,
-6.8131,-12.6225,5.36783,0,
-6.8131,-12.6150,5.36800,0,
-6.8131,-12.6050,5.36817,0,
-6.8131,-12.5975,5.36833,0,
-6.8131,-12.5900,5.36850,0,
-6.8131,-12.5800,5.36867,0,
-6.8131,-12.5725,5.36883,0,
-6.8131,-12.5650,5.36900,0,
-6.8131,-12.5550,5.36917,0,
-6.8503,-12.5475,5.36933,0,
-6.8503,-12.5375,5.36950,0,
-6.8503,-12.5300,5.36967,0,
-6.8503,-12.5200,5.36983,0,
-6.8503,-12.5125,5.37000,0,
-6.8503,-12.5050,5.37017,0,
-6.8876,-12.4950,5.37033,0,
-6.8503,-12.4875,5.37050,0,
-6.8876,-12.4800,5.37067,0,
-6.8876,-12.4700,5.37083,0,
-6.8876,-12.4625,5.37100,0,
-6.8876,-12.4550,5.37117,0,
-6.8876,-12.4450,5.37133,0,
-6.8876,-12.4375,5.37150,0,
-6.8876,-12.4300,5.37167,0,
-6.8876,-12.4200,5.37183,0,
-6.9248,-12.4125,5.37200,0,
-6.9248,-12.4025,5.37217,0,
-6.8876,-12.3950,5.37233,0,
-6.9248,-12.3875,5.37250,0,
-6.9248,-12.3775,5.37267,0,
-6.9248,-12.3700,5.37283,0,
-6.9248,-12.3625,5.37300,0,
-6.9248,-12.3525,5.37317,0,
-6.9248,-12.3450,5.37333,0,
-6.9620,-12.3375,5.37350,0,
-6.9620,-12.3275,5.37367,0,
-6.9620,-12.3200,5.37383,0,
-6.9620,-12.3125,5.37400,0,
-6.9620,-12.3050,5.37417,0,
-6.9620,-12.2950,5.37433,0,
-6.9993,-12.2875,5.37450,0,
-6.9993,-12.2800,5.37467,0,
-6.9993,-12.2700,5.37483,0,
-6.9993,-12.2625,5.37500,0,
-6.9993,-12.2550,5.37517,0,
-6.9993,-12.2450,5.37533,0,
-7.0365,-12.2375,5.37550,0,
-7.0365,-12.2300,5.37567,0,
-7.0365,-12.2200,5.37583,0,
-7.0365,-12.2125,5.37600,0,
-7.0365,-12.2050,5.37617,0,
-7.0737,-12.1975,5.37633,0,
-7.0737,-12.1875,5.37650,0,
-7.0737,-12.1800,5.37667,0,
-7.0737,-12.1725,5.37683,0,
-7.0737,-12.1625,5.37700,0,
-7.0737,-12.1550,5.37717,0,
-7.0737,-12.1475,5.37733,0,
-7.0737,-12.1400,5.37750,0,
-7.0737,-12.1325,5.37767,0,
-7.0737,-12.1225,5.37783,0,
-7.0737,-12.1150,5.37800,0,
-7.1109,-12.1075,5.37817,0,
-7.1109,-12.0975,5.37833,0,
-7.1109,-12.0900,5.37850,0,
-7.1109,-12.0825,5.37867,0,
-7.1109,-12.0725,5.37883,0,
-7.1109,-12.0650,5.37900,0,
-7.1109,-12.0575,5.37917,0,
-7.1109,-12.0475,5.37933,0,
-7.1109,-12.0400,5.37950,0,
-7.1109,-12.0300,5.37967,0,
-7.1482,-12.0225,5.37983,0,
-7.1482,-12.0150,5.38000,0,
-7.1482,-12.0050,5.38017,0,
-7.1482,-11.9975,5.38033,0,
-7.1482,-11.9900,5.38050,0,
-7.1482,-11.9825,5.38067,0,
-7.1482,-11.9725,5.38083,0,
-7.1854,-11.9650,5.38100,0,
-7.1854,-11.9575,5.38117,0,
-7.1854,-11.9475,5.38133,0,
-7.1854,-11.9400,5.38150,0,
-7.1854,-11.9300,5.38167,0,
-7.2226,-11.9225,5.38183,0,
-7.2226,-11.9150,5.38200,0,
-7.2226,-11.9050,5.38217,0,
-7.2599,-11.8975,5.38233,0,
-7.2599,-11.8900,5.38250,0,
-7.2599,-11.8800,5.38267,0,
-7.2599,-11.8725,5.38283,0,
-7.2599,-11.8650,5.38300,0,
-7.2971,-11.8550,5.38317,0,
-7.2971,-11.8475,5.38333,0,
-7.2971,-11.8400,5.38350,0,
-7.2971,-11.8300,5.38367,0,
-7.3343,-11.8225,5.38383,0,
-7.3343,-11.8150,5.38400,0,
-7.3343,-11.8050,5.38417,0,
-7.3343,-11.7975,5.38433,0,
-7.3343,-11.7900,5.38450,0,
-7.3343,-11.7825,5.38467,0,
-7.3343,-11.7725,5.38483,0,
-7.3343,-11.7650,5.38500,0,
-7.3343,-11.7575,5.38517,0,
-7.3343,-11.7475,5.38533,0,
-7.3716,-11.7400,5.38550,0,
-7.3716,-11.7325,5.38567,0,
-7.3716,-11.7225,5.38583,0,
-7.3716,-11.7150,5.38600,0,
-7.3716,-11.7075,5.38617,0,
-7.3716,-11.6975,5.38633,0,
-7.3716,-11.6900,5.38650,0,
-7.4088,-11.6825,5.38667,0,
-7.4088,-11.6725,5.38683,0,
-7.4088,-11.6650,5.38700,0,
-7.4088,-11.6575,5.38717,0,
-7.4460,-11.6500,5.38733,0,
-7.4460,-11.6425,5.38750,0,
-7.4460,-11.6325,5.38767,0,
-7.4460,-11.6250,5.38783,0,
-7.4460,-11.6175,5.38800,0,
-7.4460,-11.6100,5.38817,0,
-7.4832,-11.6000,5.38833,0,
-7.4832,-11.5925,5.38850,0,
-7.4832,-11.5850,5.38867,0,
-7.5205,-11.5775,5.38883,0,
-7.5205,-11.5675,5.38900,0,
-7.5205,-11.5600,5.38917,0,
-7.5205,-11.5525,5.38933,0,
-7.5205,-11.5425,5.38950,0,
-7.5577,-11.5350,5.38967,0,
-7.5577,-11.5275,5.38983,0,
-7.5577,-11.5175,5.39000,0,
-7.5949,-11.5100,5.39017,0,
-7.5949,-11.5000,5.39033,0,
-7.5949,-11.4925,5.39050,0,
-7.5949,-11.4850,5.39067,0,
-7.5949,-11.4775,5.39083,0,
-7.5949,-11.4675,5.39100,0,
-7.6322,-11.4600,5.39117,0,
-7.6322,-11.4525,5.39133,0,
-7.6322,-11.4450,5.39150,0,
-7.6694,-11.4350,5.39167,0,
-7.6694,-11.4275,5.39183,0,
-7.6694,-11.4200,5.39200,0,
-7.6694,-11.4100,5.39217,0,
-7.6694,-11.4025,5.39233,0,
-7.6694,-11.3950,5.39250,0,
-7.6694,-11.3850,5.39267,0,
-7.6694,-11.3775,5.39283,0,
-7.6322,-11.3700,5.39300,0,
-7.6694,-11.3600,5.39317,0,
-7.6694,-11.3525,5.39333,0,
-7.6694,-11.3450,5.39350,0,
-7.6694,-11.3350,5.39367,0,
-7.6694,-11.3275,5.39383,0,
-7.6694,-11.3200,5.39400,0,
-7.6694,-11.3125,5.39417,0,
-7.6694,-11.3025,5.39433,0,
-7.6694,-11.2950,5.39450,0,
-7.6694,-11.2875,5.39467,0,
-7.6322,-11.2775,5.39483,0,
-7.6694,-11.2700,5.39500,0,
-7.6322,-11.2625,5.39517,0,
-7.6322,-11.2550,5.39533,0,
-7.6322,-11.2475,5.39550,0,
-7.6322,-11.2375,5.39567,0,
-7.6322,-11.2300,5.39583,0,
-7.6322,-11.2225,5.39600,0,
-7.6322,-11.2125,5.39617,0,
-7.6694,-11.2050,5.39633,0,
-7.6694,-11.1975,5.39650,0,
-7.6694,-11.1875,5.39667,0,
-7.6694,-11.1800,5.39683,0,
-7.6694,-11.1725,5.39700,0,
-7.6694,-11.1650,5.39717,0,
-7.6694,-11.1550,5.39733,0,
-7.7066,-11.1475,5.39750,0,
-7.7066,-11.1400,5.39767,0,
-7.7066,-11.1325,5.39783,0,
-7.7066,-11.1250,5.39800,0,
-7.7066,-11.1150,5.39817,0,
-7.7439,-11.1075,5.39833,0,
-7.7439,-11.0975,5.39850,0,
-7.7439,-11.0900,5.39867,0,
-7.7439,-11.0825,5.39883,0,
-7.7439,-11.0725,5.39900,0,
-7.7811,-11.0650,5.39917,0,
-7.7811,-11.0575,5.39933,0,
-7.7811,-11.0500,5.39950,0,
-7.8183,-11.0400,5.39967,0,
-7.8183,-11.0325,5.39983,0,
-7.8183,-11.0225,5.40000,0,
-7.8555,-11.0150,5.40017,0,
-7.8555,-11.0075,5.40033,0,
-7.8928,-10.9975,5.40050,0,
-7.8928,-10.9900,5.40067,0,
-7.8928,-10.9825,5.40083,0,
-7.9300,-10.9750,5.40100,0,
-7.9300,-10.9650,5.40117,0,
-7.9300,-10.9575,5.40133,0,
-7.9300,-10.9500,5.40150,0,
-7.9672,-10.9400,5.40167,0,
-7.9672,-10.9325,5.40183,0,
-8.0045,-10.9250,5.40200,0,
-8.0045,-10.9175,5.40217,0,
-8.0045,-10.9075,5.40233,0,
-8.0045,-10.9000,5.40250,0,
-8.0417,-10.8925,5.40267,0,
-8.0417,-10.8825,5.40283,0,
-8.0417,-10.8750,5.40300,0,
-8.0417,-10.8675,5.40317,0,
-8.0417,-10.8575,5.40333,0,
-8.0417,-10.8500,5.40350,0,
-8.0417,-10.8425,5.40367,0,
-8.0417,-10.8325,5.40383,0,
-8.0417,-10.8250,5.40400,0,
-8.0789,-10.8175,5.40417,0,
-8.0417,-10.8075,5.40433,0,
-8.0789,-10.8000,5.40450,0,
-8.1162,-10.7925,5.40467,0,
-8.1162,-10.7850,5.40483,0,
-8.1162,-10.7750,5.40500,0,
-8.1162,-10.7675,5.40517,0,
-8.1534,-10.7600,5.40533,0,
-8.1534,-10.7500,5.40550,0,
-8.1534,-10.7425,5.40567,0,
-8.1534,-10.7350,5.40583,0,
-8.1534,-10.7275,5.40600,0,
-8.1534,-10.7175,5.40617,0,
-8.1534,-10.7100,5.40633,0,
-8.1534,-10.7000,5.40650,0,
-8.1534,-10.6925,5.40667,0,
-8.1534,-10.6850,5.40683,0,
-8.1534,-10.6750,5.40700,0,
-8.1534,-10.6675,5.40717,0,
-8.1906,-10.6600,5.40733,0,
-8.1906,-10.6525,5.40750,0,
-8.1906,-10.6425,5.40767,0,
-8.1906,-10.6350,5.40783,0,
-8.1906,-10.6275,5.40800,0,
-8.2278,-10.6175,5.40817,0,
-8.2278,-10.6100,5.40833,0,
-8.2278,-10.6025,5.40850,0,
-8.2278,-10.5950,5.40867,0,
-8.2278,-10.5875,5.40883,0,
-8.2278,-10.5775,5.40900,0,
-8.2651,-10.5700,5.40917,0,
-8.2278,-10.5625,5.40933,0,
-8.2651,-10.5525,5.40950,0,
-8.2651,-10.5450,5.40967,0,
-8.2651,-10.5375,5.40983,0,
-8.3023,-10.5300,5.41000,0,
-8.3023,-10.5200,5.41017,0,
-8.3395,-10.5125,5.41033,0,
-8.3395,-10.5050,5.41050,0,
-8.3768,-10.4950,5.41067,0,
-8.3768,-10.4875,5.41083,0,
-8.4140,-10.4800,5.41100,0,
-8.4140,-10.4725,5.41117,0,
-8.4512,-10.4650,5.41133,0,
-8.4140,-10.4550,5.41150,0,
-8.4512,-10.4475,5.41167,0,
-8.4512,-10.4400,5.41183,0,
-8.4885,-10.4300,5.41200,0,
-8.4885,-10.4225,5.41217,0,
-8.4885,-10.4150,5.41233,0,
-8.5257,-10.4050,5.41250,0,
-8.5257,-10.3975,5.41267,0,
-8.5257,-10.3900,5.41283,0,
-8.5629,-10.3800,5.41300,0,
-8.5629,-10.3725,5.41317,0,
-8.5629,-10.3625,5.41333,0,
-8.5629,-10.3550,5.41350,0,
-8.6001,-10.3450,5.41367,0,
-8.6001,-10.3375,5.41383,0,
-8.6001,-10.3300,5.41400,0,
-8.6001,-10.3225,5.41417,0,
-8.6001,-10.3150,5.41433,0,
-8.6374,-10.3050,5.41450,0,
-8.6374,-10.2975,5.41467,0,
-8.6374,-10.2900,5.41483,0,
-8.6374,-10.2800,5.41500,0,
-8.6746,-10.2725,5.41517,0,
-8.6746,-10.2650,5.41533,0,
-8.6746,-10.2575,5.41550,0,
-8.6746,-10.2475,5.41567,0,
-8.7118,-10.2400,5.41583,0,
-8.7118,-10.2325,5.41600,0,
-8.7118,-10.2225,5.41617,0,
-8.7118,-10.2150,5.41633,0,
-8.7118,-10.2075,5.41650,0,
-8.7118,-10.2000,5.41667,0,
-8.7491,-10.1900,5.41683,0,
-8.7491,-10.1825,5.41700,0,
-8.7491,-10.1750,5.41717,0,
-8.7491,-10.1650,5.41733,0,
-8.7491,-10.1575,5.41750,0,
-8.7863,-10.1500,5.41767,0,
-8.7863,-10.1400,5.41783,0,
-8.8235,-10.1325,5.41800,0,
-8.8235,-10.1250,5.41817,0,
-8.8235,-10.1150,5.41833,0,
-8.8608,-10.1075,5.41850,0,
-8.8608,-10.0975,5.41867,0,
-8.8608,-10.0900,5.41883,0,
-8.8980,-10.0825,5.41900,0,
-8.8980,-10.0725,5.41917,0,
-8.9352,-10.0650,5.41933,0,
-8.9352,-10.0550,5.41950,0,
-8.9725,-10.0475,5.41967,0,
-8.9725,-10.0400,5.41983,0,
-8.9725,-10.0300,5.42000,0,
-8.9725,-10.0225,5.42017,0,
-9.0097,-10.0125,5.42033,0,
-9.0097,-10.0050,5.42050,0,
-9.0097,-9.9950,5.42067,0,
-9.0469,-9.9875,5.42083,0,
-9.0469,-9.9800,5.42100,0,
-9.0469,-9.9725,5.42117,0,
-9.0841,-9.9625,5.42133,0,
-9.0841,-9.9550,5.42150,0,
-9.0841,-9.9475,5.42167,0,
-9.0469,-9.9375,5.42183,0,
-9.0841,-9.9300,5.42200,0,
-9.0841,-9.9225,5.42217,0,
-9.0469,-9.9125,5.42233,0,
-9.0469,-9.9050,5.42250,0,
-9.0469,-9.8975,5.42267,0,
-9.0469,-9.8875,5.42283,0,
-9.0469,-9.8800,5.42300,0,
-9.0469,-9.8700,5.42317,0,
-9.0841,-9.8625,5.42333,0,
-9.0841,-9.8550,5.42350,0,
-9.0841,-9.8450,5.42367,0,
-9.0841,-9.8375,5.42383,0,
-9.1214,-9.8300,5.42400,0,
-9.1214,-9.8200,5.42417,0,
-9.1214,-9.8125,5.42433,0,
-9.1214,-9.8050,5.42450,0,
-9.1586,-9.7975,5.42467,0,
-9.1586,-9.7875,5.42483,0,
-9.1586,-9.7800,5.42500,0,
-9.1958,-9.7700,5.42517,0,
-9.1958,-9.7625,5.42533,0,
-9.1958,-9.7550,5.42550,0,
-9.2331,-9.7450,5.42567,0,
-9.2331,-9.7375,5.42583,0,
-9.2331,-9.7300,5.42600,0,
-9.2331,-9.7200,5.42617,0,
-9.2703,-9.7125,5.42633,0,
-9.3075,-9.7050,5.42650,0,
-9.3075,-9.6950,5.42667,0,
-9.3075,-9.6875,5.42683,0,
-9.3447,-9.6775,5.42700,0,
-9.3447,-9.6700,5.42717,0,
-9.3820,-9.6625,5.42733,0,
-9.3820,-9.6525,5.42750,0,
-9.3820,-9.6450,5.42767,0,
-9.3820,-9.6375,5.42783,0,
-9.4192,-9.6300,5.42800,0,
-9.4192,-9.6200,5.42817,0,
-9.4192,-9.6125,5.42833,0,
-9.4192,-9.6050,5.42850,0,
-9.4564,-9.5950,5.42867,0,
-9.4564,-9.5875,5.42883,0,
-9.4564,-9.5800,5.42900,0,
-9.4937,-9.5725,5.42917,0,
-9.4937,-9.5625,5.42933,0,
-9.4937,-9.5550,5.42950,0,
-9.5309,-9.5450,5.42967,0,
-9.5309,-9.5375,5.42983,0,
-9.5309,-9.5300,5.43000,0,
-9.5681,-9.5200,5.43017,0,
-9.5681,-9.5125,5.43033,0,
-9.5681,-9.5050,5.43050,0,
-9.5681,-9.4950,5.43067,0,
-9.5681,-9.4875,5.43083,0,
-9.5681,-9.4800,5.43100,0,
-9.5681,-9.4700,5.43117,0,
-9.6054,-9.4625,5.43133,0,
-9.6054,-9.4550,5.43150,0,
-9.6054,-9.4475,5.43167,0,
-9.6054,-9.4375,5.43183,0,
-9.6054,-9.4300,5.43200,0,
-9.6054,-9.4225,5.43217,0,
-9.6054,-9.4125,5.43233,0,
-9.6054,-9.4050,5.43250,0,
-9.6426,-9.3975,5.43267,0,
-9.6426,-9.3875,5.43283,0,
-9.6426,-9.3800,5.43300,0,
-9.6426,-9.3700,5.43317,0,
-9.6426,-9.3625,5.43333,0,
-9.6426,-9.3550,5.43350,0,
-9.6426,-9.3450,5.43367,0,
-9.6426,-9.3375,5.43383,0,
-9.6798,-9.3300,5.43400,0,
-9.6798,-9.3225,5.43417,0,
-9.6798,-9.3125,5.43433,0,
-9.6798,-9.3050,5.43450,0,
-9.6798,-9.2975,5.43467,0,
-9.6798,-9.2900,5.43483,0,
-9.6798,-9.2800,5.43500,0,
-9.6798,-9.2725,5.43517,0,
-9.7171,-9.2650,5.43533,0,
-9.7171,-9.2550,5.43550,0,
-9.7543,-9.2475,5.43567,0,
-9.7543,-9.2400,5.43583,0,
-9.7915,-9.2300,5.43600,0,
-9.7915,-9.2225,5.43617,0,
-9.7915,-9.2125,5.43633,0,
-9.8287,-9.2050,5.43650,0,
-9.8287,-9.1975,5.43667,0,
-9.8660,-9.1875,5.43683,0,
-9.8660,-9.1800,5.43700,0,
-9.8660,-9.1725,5.43717,0,
-9.8660,-9.1625,5.43733,0,
-9.9032,-9.1550,5.43750,0,
-9.9032,-9.1475,5.43767,0,
-9.9032,-9.1400,5.43783,0,
-9.9404,-9.1300,5.43800,0,
-9.9404,-9.1225,5.43817,0,
-9.9404,-9.1150,5.43833,0,
-9.9404,-9.1050,5.43850,0,
-9.9404,-9.0975,5.43867,0,
-9.9404,-9.0900,5.43883,0,
-9.9404,-9.0800,5.43900,0,
-9.9404,-9.0725,5.43917,0,
-9.9777,-9.0650,5.43933,0,
-9.9777,-9.0550,5.43950,0,
-9.9777,-9.0475,5.43967,0,
-10.0149,-9.0375,5.43983,0,
-10.0149,-9.0300,5.44000,0,
-10.0149,-9.0200,5.44017,0,
-10.0149,-9.0125,5.44033,0,
-10.0521,-9.0025,5.44050,0,
-10.0521,-8.9950,5.44067,0,
-10.0894,-8.9875,5.44083,0,
-10.0894,-8.9800,5.44100,0,
-10.0894,-8.9700,5.44117,0,
-10.0894,-8.9625,5.44133,0,
-10.1266,-8.9550,5.44150,0,
-10.1266,-8.9450,5.44167,0,
-10.1266,-8.9375,5.44183,0,
-10.1638,-8.9300,5.44200,0,
-10.1638,-8.9200,5.44217,0,
-10.2010,-8.9125,5.44233,0,
-10.2010,-8.9025,5.44250,0,
-10.2010,-8.8950,5.44267,0,
-10.2010,-8.8875,5.44283,0,
-10.2010,-8.8775,5.44300,0,
-10.2010,-8.8700,5.44317,0,
-10.2010,-8.8600,5.44333,0,
-10.2010,-8.8525,5.44350,0,
-10.2010,-8.8450,5.44367,0,
-10.2010,-8.8350,5.44383,0,
-10.2383,-8.8275,5.44400,0,
-10.2383,-8.8200,5.44417,0,
-10.2383,-8.8100,5.44433,0,
-10.2755,-8.8025,5.44450,0,
-10.2755,-8.7950,5.44467,0,
-10.2755,-8.7850,5.44483,0,
-10.2755,-8.7775,5.44500,0,
-10.3127,-8.7700,5.44517,0,
-10.3127,-8.7625,5.44533,0,
-10.3127,-8.7525,5.44550,0,
-10.3127,-8.7450,5.44567,0,
-10.3127,-8.7350,5.44583,0,
-10.3127,-8.7275,5.44600,0,
-10.2755,-8.7200,5.44617,0,
-10.2755,-8.7100,5.44633,0,
-10.2755,-8.7025,5.44650,0,
-10.2755,-8.6925,5.44667,0,
-10.2755,-8.6850,5.44683,0,
-10.2755,-8.6775,5.44700,0,
-10.2755,-8.6675,5.44717,0,
-10.2755,-8.6600,5.44733,0,
-10.2755,-8.6525,5.44750,0,
-10.2755,-8.6425,5.44767,0,
-10.3127,-8.6350,5.44783,0,
-10.3127,-8.6275,5.44800,0,
-10.3500,-8.6175,5.44817,0,
-10.3500,-8.6100,5.44833,0,
-10.3872,-8.6025,5.44850,0,
-10.3872,-8.5950,5.44867,0,
-10.3872,-8.5850,5.44883,0,
-10.4244,-8.5775,5.44900,0,
-10.4244,-8.5700,5.44917,0,
-10.4244,-8.5600,5.44933,0,
-10.4244,-8.5525,5.44950,0,
-10.4617,-8.5450,5.44967,0,
-10.4617,-8.5350,5.44983,0,
-10.4617,-8.5275,5.45000,0,
-10.4617,-8.5200,5.45017,0,
-10.4617,-8.5100,5.45033,0,
-10.4989,-8.5025,5.45050,0,
-10.4989,-8.4950,5.45067,0,
-10.4989,-8.4875,5.45083,0,
-10.4989,-8.4775,5.45100,0,
-10.4989,-8.4700,5.45117,0,
-10.5361,-8.4625,5.45133,0,
-10.5361,-8.4550,5.45150,0,
-10.5361,-8.4450,5.45167,0,
-10.5361,-8.4375,5.45183,0,
-10.5361,-8.4300,5.45200,0,
-10.5361,-8.4200,5.45217,0,
-10.5733,-8.4125,5.45233,0,
-10.5733,-8.4050,5.45250,0,
-10.6106,-8.3975,5.45267,0,
-10.6106,-8.3875,5.45283,0,
-10.6478,-8.3800,5.45300,0,
-10.6850,-8.3700,5.45317,0,
-10.6850,-8.3625,5.45333,0,
-10.7223,-8.3525,5.45350,0,
-10.7595,-8.3450,5.45367,0,
-10.7595,-8.3375,5.45383,0,
-10.7967,-8.3275,5.45400,0,
-10.7967,-8.3200,5.45417,0,
-10.7967,-8.3125,5.45433,0,
-10.7967,-8.3050,5.45450,0,
-10.8340,-8.2950,5.45467,0,
-10.8340,-8.2875,5.45483,0,
-10.8340,-8.2800,5.45500,0,
-10.8340,-8.2700,5.45517,0,
-10.8712,-8.2625,5.45533,0,
-10.8712,-8.2550,5.45550,0,
-10.8712,-8.2475,5.45567,0,
-10.9084,-8.2375,5.45583,0,
-10.9084,-8.2300,5.45600,0,
-10.9084,-8.2225,5.45617,0,
-10.9456,-8.2125,5.45633,0,
-10.9456,-8.2050,5.45650,0,
-10.9456,-8.1975,5.45667,0,
-10.9456,-8.1875,5.45683,0,
-10.9456,-8.1800,5.45700,0,
-10.9829,-8.1725,5.45717,0,
-10.9456,-8.1625,5.45733,0,
-10.9829,-8.1550,5.45750,0,
-10.9829,-8.1475,5.45767,0,
-10.9829,-8.1375,5.45783,0,
-10.9829,-8.1300,5.45800,0,
-10.9829,-8.1225,5.45817,0,
-10.9829,-8.1150,5.45833,0,
-10.9829,-8.1050,5.45850,0,
-10.9829,-8.0975,5.45867,0,
-11.0201,-8.0900,5.45883,0,
-11.0201,-8.0800,5.45900,0,
-11.0573,-8.0725,5.45917,0,
-11.0573,-8.0650,5.45933,0,
-11.0573,-8.0550,5.45950,0,
-11.0946,-8.0475,5.45967,0,
-11.0946,-8.0375,5.45983,0,
-11.1318,-8.0300,5.46000,0,
-11.1690,-8.0200,5.46017,0,
-11.1690,-8.0125,5.46033,0,
-11.1690,-8.0050,5.46050,0,
-11.1690,-7.9950,5.46067,0,
-11.1690,-7.9875,5.46083,0,
-11.1690,-7.9800,5.46100,0,
-11.1690,-7.9700,5.46117,0,
-11.1690,-7.9625,5.46133,0,
-11.1690,-7.9550,5.46150,0,
-11.1690,-7.9450,5.46167,0,
-11.1690,-7.9375,5.46183,0,
-11.1690,-7.9300,5.46200,0,
-11.1690,-7.9200,5.46217,0,
-11.1690,-7.9125,5.46233,0,
-11.1690,-7.9025,5.46250,0,
-11.1690,-7.8950,5.46267,0,
-11.1690,-7.8850,5.46283,0,
-11.2063,-7.8775,5.46300,0,
-11.2063,-7.8700,5.46317,0,
-11.2063,-7.8600,5.46333,0,
-11.2435,-7.8525,5.46350,0,
-11.2435,-7.8425,5.46367,0,
-11.2435,-7.8350,5.46383,0,
-11.2435,-7.8275,5.46400,0,
-11.2807,-7.8175,5.46417,0,
-11.2807,-7.8100,5.46433,0,
-11.2807,-7.8025,5.46450,0,
-11.3179,-7.7925,5.46467,0,
-11.3179,-7.7850,5.46483,0,
-11.3552,-7.7775,5.46500,0,
-11.3552,-7.7675,5.46517,0,
-11.3924,-7.7600,5.46533,0,
-11.3924,-7.7525,5.46550,0,
-11.3924,-7.7425,5.46567,0,
-11.3924,-7.7350,5.46583,0,
-11.3924,-7.7275,5.46600,0,
-11.3924,-7.7175,5.46617,0,
-11.3924,-7.7100,5.46633,0,
-11.3924,-7.7000,5.46650,0,
-11.4296,-7.6900,5.46667,0,
-11.4669,-7.6825,5.46683,0,
-11.4669,-7.6750,5.46700,0,
-11.4669,-7.6650,5.46717,0,
-11.5041,-7.6575,5.46733,0,
-11.5413,-7.6475,5.46750,0,
-11.5413,-7.6400,5.46767,0,
-11.5413,-7.6325,5.46783,0,
-11.5786,-7.6225,5.46800,0,
-11.5413,-7.6150,5.46817,0,
-11.5413,-7.6075,5.46833,0,
-11.5413,-7.5975,5.46850,0,
-11.5413,-7.5900,5.46867,0,
-11.5413,-7.5825,5.46883,0,
-11.5413,-7.5725,5.46900,0,
-11.5413,-7.5650,5.46917,0,
-11.5413,-7.5575,5.46933,0,
-11.5786,-7.5475,5.46950,0,
-11.5786,-7.5400,5.46967,0,
-11.5413,-7.5300,5.46983,0,
-11.5786,-7.5225,5.47000,0,
-11.5786,-7.5150,5.47017,0,
-11.5786,-7.5050,5.47033,0,
-11.5413,-7.4975,5.47050,0,
-11.5413,-7.4875,5.47067,0,
-11.5413,-7.4800,5.47083,0,
-11.5413,-7.4725,5.47100,0,
-11.5413,-7.4625,5.47117,0,
-11.5786,-7.4550,5.47133,0,
-11.5786,-7.4475,5.47150,0,
-11.5786,-7.4375,5.47167,0,
-11.6158,-7.4300,5.47183,0,
-11.5786,-7.4225,5.47200,0,
-11.6158,-7.4125,5.47217,0,
-11.6158,-7.4050,5.47233,0,
-11.6158,-7.3950,5.47250,0,
-11.6158,-7.3875,5.47267,0,
-11.6158,-7.3775,5.47283,0,
-11.6530,-7.3700,5.47300,0,
-11.6530,-7.3625,5.47317,0,
-11.6530,-7.3525,5.47333,0,
-11.6530,-7.3450,5.47350,0,
-11.6902,-7.3350,5.47367,0,
-11.6902,-7.3275,5.47383,0,
-11.6902,-7.3200,5.47400,0,
-11.6902,-7.3125,5.47417,0,
-11.7275,-7.3025,5.47433,0,
-11.7275,-7.2950,5.47450,0,
-11.7275,-7.2850,5.47467,0,
-11.7275,-7.2775,5.47483,0,
-11.7275,-7.2700,5.47500,0,
-11.7275,-7.2600,5.47517,0,
-11.7275,-7.2525,5.47533,0,
-11.7275,-7.2450,5.47550,0,
-11.7275,-7.2350,5.47567,0,
-11.7275,-7.2275,5.47583,0,
-11.7275,-7.2200,5.47600,0,
-11.7647,-7.2100,5.47617,0,
-11.7647,-7.2025,5.47633,0,
-11.7647,-7.1950,5.47650,0,
-11.7647,-7.1850,5.47667,0,
-11.8019,-7.1775,5.47683,0,
-11.8019,-7.1700,5.47700,0,
-11.8019,-7.1600,5.47717,0,
-11.8019,-7.1525,5.47733,0,
-11.8019,-7.1450,5.47750,0,
-11.8019,-7.1375,5.47767,0,
-11.8392,-7.1300,5.47783,0,
-11.8392,-7.1200,5.47800,0,
-11.8392,-7.1125,5.47817,0,
-11.8392,-7.1025,5.47833,0,
-11.8764,-7.0950,5.47850,0,
-11.8392,-7.0875,5.47867,0,
-11.8392,-7.0775,5.47883,0,
-11.8764,-7.0700,5.47900,0,
-11.8764,-7.0625,5.47917,0,
-11.9136,-7.0525,5.47933,0,
-11.9136,-7.0450,5.47950,0,
-11.9136,-7.0375,5.47967,0,
-11.9136,-7.0275,5.47983,0,
-11.9509,-7.0200,5.48000,0,
-11.9509,-7.0125,5.48017,0,
-11.9509,-7.0025,5.48033,0,
-11.9509,-6.9950,5.48050,0,
-11.9881,-6.9875,5.48067,0,
-11.9509,-6.9775,5.48083,0,
-11.9881,-6.9700,5.48100,0,
-11.9881,-6.9625,5.48117,0,
-11.9881,-6.9525,5.48133,0,
-11.9881,-6.9450,5.48150,0,
-11.9881,-6.9350,5.48167,0,
-11.9881,-6.9275,5.48183,0,
-12.0253,-6.9200,5.48200,0,
-11.9881,-6.9100,5.48217,0,
-11.9881,-6.9025,5.48233,0,
-12.0253,-6.8950,5.48250,0,
-12.0253,-6.8850,5.48267,0,
-12.0253,-6.8775,5.48283,0,
-12.0253,-6.8700,5.48300,0,
-12.0253,-6.8600,5.48317,0,
-12.0253,-6.8525,5.48333,0,
-12.0625,-6.8450,5.48350,0,
-12.0998,-6.8375,5.48367,0,
-12.1370,-6.8275,5.48383,0,
-12.1370,-6.8200,5.48400,0,
-12.1370,-6.8125,5.48417,0,
-12.1370,-6.8025,5.48433,0,
-12.1370,-6.7950,5.48450,0,
-12.1370,-6.7875,5.48467,0,
-12.1742,-6.7775,5.48483,0,
-12.1742,-6.7700,5.48500,0,
-12.1742,-6.7625,5.48517,0,
-12.1742,-6.7525,5.48533,0,
-12.1742,-6.7450,5.48550,0,
-12.1742,-6.7375,5.48567,0,
-12.1742,-6.7275,5.48583,0,
-12.1742,-6.7200,5.48600,0,
-12.2115,-6.7125,5.48617,0,
-12.2115,-6.7025,5.48633,0,
-12.2487,-6.6950,5.48650,0,
-12.2487,-6.6850,5.48667,0,
-12.2859,-6.6775,5.48683,0,
-12.2859,-6.6700,5.48700,0,
-12.3232,-6.6600,5.48717,0,
-12.3232,-6.6525,5.48733,0,
-12.3604,-6.6450,5.48750,0,
-12.3604,-6.6375,5.48767,0,
-12.3604,-6.6275,5.48783,0,
-12.3976,-6.6200,5.48800,0,
-12.3604,-6.6125,5.48817,0,
-12.3604,-6.6025,5.48833,0,
-12.3604,-6.5950,5.48850,0,
-12.3604,-6.5875,5.48867,0,
-12.3604,-6.5775,5.48883,0,
-12.3604,-6.5700,5.48900,0,
-12.3604,-6.5625,5.48917,0,
-12.3232,-6.5550,5.48933,0,
-12.3232,-6.5450,5.48950,0,
-12.3232,-6.5375,5.48967,0,
-12.3232,-6.5300,5.48983,0,
-12.3232,-6.5200,5.49000,0,
-12.3232,-6.5125,5.49017,0,
-12.2859,-6.5050,5.49033,0,
-12.2859,-6.4950,5.49050,0,
-12.2487,-6.4875,5.49067,0,
-12.2487,-6.4800,5.49083,0,
-12.2115,-6.4725,5.49100,0,
-12.2115,-6.4625,5.49117,0,
-12.2115,-6.4550,5.49133,0,
-12.1742,-6.4475,5.49150,0,
-12.1742,-6.4375,5.49167,0,
-12.1742,-6.4300,5.49183,0,
-12.1742,-6.4200,5.49200,0,
-12.1742,-6.4125,5.49217,0,
-12.1742,-6.4050,5.49233,0,
-12.1742,-6.3950,5.49250,0,
-12.1742,-6.3875,5.49267,0,
-12.1742,-6.3800,5.49283,0,
-12.2115,-6.3700,5.49300,0,
-12.2115,-6.3625,5.49317,0,
-12.2115,-6.3525,5.49333,0,
-12.2115,-6.3450,5.49350,0,
-12.2487,-6.3375,5.49367,0,
-12.2487,-6.3275,5.49383,0,
-12.2487,-6.3200,5.49400,0,
-12.2487,-6.3125,5.49417,0,
-12.2859,-6.3050,5.49433,0,
-12.3232,-6.2950,5.49450,0,
-12.3604,-6.2875,5.49467,0,
-12.3604,-6.2800,5.49483,0,
-12.3604,-6.2700,5.49500,0,
-12.3976,-6.2625,5.49517,0,
-12.3976,-6.2550,5.49533,0,
-12.4348,-6.2450,5.49550,0,
-12.4721,-6.2375,5.49567,0,
-12.4721,-6.2300,5.49583,0,
-12.4721,-6.2225,5.49600,0,
-12.5093,-6.2125,5.49617,0,
-12.5093,-6.2050,5.49633,0,
-12.5093,-6.1950,5.49650,0,
-12.5093,-6.1875,5.49667,0,
-12.5093,-6.1800,5.49683,0,
-12.5093,-6.1700,5.49700,0,
-12.5093,-6.1625,5.49717,0,
-12.5093,-6.1550,5.49733,0,
-12.5465,-6.1475,5.49750,0,
-12.5093,-6.1375,5.49767,0,
-12.5093,-6.1300,5.49783,0,
-12.5093,-6.1225,5.49800,0,
-12.5093,-6.1125,5.49817,0,
-12.5093,-6.1050,5.49833,0,
-12.5465,-6.0975,5.49850,0,
-12.5465,-6.0875,5.49867,0,
-12.5465,-6.0800,5.49883,0,
-12.5465,-6.0725,5.49900,0,
-12.5838,-6.0625,5.49917,0,
-12.5838,-6.0550,5.49933,0,
-12.5838,-6.0475,5.49950,0,
-12.5838,-6.0375,5.49967,0,
-12.5838,-6.0300,5.49983,0,
-12.6210,-6.0200,5.50000,0,
-12.6210,-6.0125,5.50017,0,
-12.6210,-6.0050,5.50033,0,
-12.6210,-5.9950,5.50050,0,
-12.6582,-5.9875,5.50067,0,
-12.6582,-5.9800,5.50083,0,
-12.6582,-5.9725,5.50100,0,
-12.6955,-5.9625,5.50117,0,
-12.6955,-5.9550,5.50133,0,
-12.6955,-5.9475,5.50150,0,
-12.6955,-5.9400,5.50167,0,
-12.7327,-5.9300,5.50183,0,
-12.7327,-5.9225,5.50200,0,
-12.7327,-5.9150,5.50217,0,
-12.7327,-5.9075,5.50233,0,
-12.7699,-5.9000,5.50250,0,
-12.7699,-5.8900,5.50267,0,
-12.7699,-5.8825,5.50283,0,
-12.7699,-5.8750,5.50300,0,
-12.7699,-5.8650,5.50317,0,
-12.7699,-5.8575,5.50333,0,
-12.7699,-5.8500,5.50350,0,
-12.7699,-5.8400,5.50367,0,
-12.7327,-5.8325,5.50383,0,
-12.7699,-5.8250,5.50400,0,
-12.7327,-5.8175,5.50417,0,
-12.7327,-5.8075,5.50433,0,
-12.6955,-5.8000,5.50450,0,
-12.6955,-5.7925,5.50467,0,
-12.6955,-5.7825,5.50483,0,
-12.6582,-5.7750,5.50500,0,
-12.6955,-5.7675,5.50517,0,
-12.6582,-5.7575,5.50533,0,
-12.6955,-5.7500,5.50550,0,
-12.6582,-5.7425,5.50567,0,
-12.6955,-5.7325,5.50583,0,
-12.6955,-5.7250,5.50600,0,
-12.6582,-5.7175,5.50617,0,
-12.6582,-5.7075,5.50633,0,
-12.6582,-5.7000,5.50650,0,
-12.6582,-5.6900,5.50667,0,
-12.6582,-5.6825,5.50683,0,
-12.6210,-5.6750,5.50700,0,
-12.6210,-5.6650,5.50717,0,
-12.6210,-5.6575,5.50733,0,
-12.6210,-5.6500,5.50750,0,
-12.5838,-5.6400,5.50767,0,
-12.5838,-5.6325,5.50783,0,
-12.5838,-5.6250,5.50800,0,
-12.5465,-5.6150,5.50817,0,
-12.5465,-5.6075,5.50833,0,
-12.5465,-5.6000,5.50850,0,
-12.5465,-5.5925,5.50867,0,
-12.5465,-5.5825,5.50883,0,
-12.5465,-5.5750,5.50900,0,
-12.5093,-5.5675,5.50917,0,
-12.5465,-5.5600,5.50933,0,
-12.5093,-5.5500,5.50950,0,
-12.5093,-5.5425,5.50967,0,
-12.5093,-5.5350,5.50983,0,
-12.5093,-5.5250,5.51000,0,
-12.5093,-5.5175,5.51017,0,
-12.5465,-5.5100,5.51033,0,
-12.5465,-5.5000,5.51050,0,
-12.5465,-5.4925,5.51067,0,
-12.5465,-5.4850,5.51083,0,
-12.5465,-5.4775,5.51100,0,
-12.5465,-5.4675,5.51117,0,
-12.5838,-5.4600,5.51133,0,
-12.5838,-5.4525,5.51150,0,
-12.5838,-5.4425,5.51167,0,
-12.6210,-5.4350,5.51183,0,
-12.6210,-5.4275,5.51200,0,
-12.6210,-5.4175,5.51217,0,
-12.6582,-5.4100,5.51233,0,
-12.6955,-5.4000,5.51250,0,
-12.6955,-5.3925,5.51267,0,
-12.6955,-5.3825,5.51283,0,
-12.6955,-5.3750,5.51300,0,
-12.6955,-5.3650,5.51317,0,
-12.6955,-5.3575,5.51333,0,
-12.7327,-5.3475,5.51350,0,
-12.7327,-5.3400,5.51367,0,
-12.7327,-5.3300,5.51383,0,
-12.7327,-5.3225,5.51400,0,
-12.7327,-5.3150,5.51417,0,
-12.7699,-5.3050,5.51433,0,
-12.7699,-5.2975,5.51450,0,
-12.7699,-5.2900,5.51467,0,
-12.7699,-5.2800,5.51483,0,
-12.7699,-5.2725,5.51500,0,
-12.7699,-5.2650,5.51517,0,
-12.7699,-5.2550,5.51533,0,
-12.7699,-5.2475,5.51550,0,
-12.7699,-5.2400,5.51567,0,
-12.7327,-5.2325,5.51583,0,
-12.7327,-5.2225,5.51600,0,
-12.7327,-5.2150,5.51617,0,
-12.7327,-5.2050,5.51633,0,
-12.6955,-5.1975,5.51650,0,
-12.6955,-5.1900,5.51667,0,
-12.6955,-5.1800,5.51683,0,
-12.6955,-5.1725,5.51700,0,
-12.6955,-5.1650,5.51717,0,
-12.6582,-5.1550,5.51733,0,
-12.6582,-5.1475,5.51750,0,
-12.6210,-5.1400,5.51767,0,
-12.6210,-5.1325,5.51783,0,
-12.5838,-5.1225,5.51800,0,
-12.5838,-5.1150,5.51817,0,
-12.5465,-5.1050,5.51833,0,
-12.5465,-5.0975,5.51850,0,
-12.5465,-5.0900,5.51867,0,
-12.5093,-5.0800,5.51883,0,
-12.5093,-5.0725,5.51900,0,
-12.5093,-5.0625,5.51917,0,
-12.4721,-5.0550,5.51933,0,
-12.5093,-5.0450,5.51950,0,
-12.5093,-5.0375,5.51967,0,
-12.5093,-5.0275,5.51983,0,
-12.5093,-5.0200,5.52000,0,
-12.5093,-5.0100,5.52017,0,
-12.5093,-5.0025,5.52033,0,
-12.5093,-4.9950,5.52050,0,
-12.5093,-4.9850,5.52067,0,
-12.5093,-4.9775,5.52083,0,
-12.5093,-4.9700,5.52100,0,
-12.5093,-4.9600,5.52117,0,
-12.5093,-4.9525,5.52133,0,
-12.5093,-4.9425,5.52150,0,
-12.5093,-4.9350,5.52167,0,
-12.5093,-4.9275,5.52183,0,
-12.4721,-4.9200,5.52200,0,
-12.4721,-4.9100,5.52217,0,
-12.5093,-4.9025,5.52233,0,
-12.4721,-4.8950,5.52250,0,
-12.4348,-4.8850,5.52267,0,
-12.4348,-4.8775,5.52283,0,
-12.3976,-4.8700,5.52300,0,
-12.3976,-4.8600,5.52317,0,
-12.3604,-4.8525,5.52333,0,
-12.3604,-4.8425,5.52350,0,
-12.3604,-4.8350,5.52367,0,
-12.3604,-4.8275,5.52383,0,
-12.3604,-4.8175,5.52400,0,
-12.3232,-4.8100,5.52417,0,
-12.3232,-4.8025,5.52433,0,
-12.3232,-4.7950,5.52450,0,
-12.2859,-4.7850,5.52467,0,
-12.2487,-4.7775,5.52483,0,
-12.2487,-4.7675,5.52500,0,
-12.2487,-4.7600,5.52517,0,
-12.2487,-4.7525,5.52533,0,
-12.2487,-4.7425,5.52550,0,
-12.2487,-4.7350,5.52567,0,
-12.2487,-4.7250,5.52583,0,
-12.2487,-4.7175,5.52600,0,
-12.2115,-4.7100,5.52617,0,
-12.2115,-4.7000,5.52633,0,
-12.2115,-4.6925,5.52650,0,
-12.2115,-4.6825,5.52667,0,
-12.2115,-4.6750,5.52683,0,
-12.1742,-4.6650,5.52700,0,
-12.1742,-4.6575,5.52717,0,
-12.1742,-4.6500,5.52733,0,
-12.1742,-4.6400,5.52750,0,
-12.1742,-4.6325,5.52767,0,
-12.1742,-4.6250,5.52783,0,
-12.1742,-4.6150,5.52800,0,
-12.1370,-4.6075,5.52817,0,
-12.1370,-4.6000,5.52833,0,
-12.1370,-4.5900,5.52850,0,
-12.1370,-4.5825,5.52867,0,
-12.0998,-4.5750,5.52883,0,
-12.0998,-4.5650,5.52900,0,
-12.0625,-4.5575,5.52917,0,
-12.0998,-4.5475,5.52933,0,
-12.0998,-4.5400,5.52950,0,
-12.0998,-4.5325,5.52967,0,
-12.0998,-4.5225,5.52983,0,
-12.0998,-4.5150,5.53000,0,
-12.0998,-4.5075,5.53017,0,
-12.0998,-4.4975,5.53033,0,
-12.1370,-4.4900,5.53050,0,
-12.0998,-4.4825,5.53067,0,
-12.0998,-4.4725,5.53083,0,
-12.0998,-4.4650,5.53100,0,
-12.0998,-4.4575,5.53117,0,
-12.0998,-4.4475,5.53133,0,
-12.0998,-4.4400,5.53150,0,
-12.0998,-4.4325,5.53167,0,
-12.0625,-4.4225,5.53183,0,
-12.0253,-4.4150,5.53200,0,
-12.0625,-4.4050,5.53217,0,
-12.0625,-4.3975,5.53233,0,
-12.0625,-4.3900,5.53250,0,
-12.0625,-4.3800,5.53267,0,
-12.0625,-4.3725,5.53283,0,
-12.0625,-4.3650,5.53300,0,
-12.0998,-4.3550,5.53317,0,
-12.0998,-4.3475,5.53333,0,
-12.0998,-4.3375,5.53350,0,
-12.0625,-4.3300,5.53367,0,
-12.0998,-4.3225,5.53383,0,
-12.0625,-4.3125,5.53400,0,
-12.0625,-4.3050,5.53417,0,
-12.0625,-4.2975,5.53433,0,
-12.0253,-4.2875,5.53450,0,
-12.0253,-4.2800,5.53467,0,
-11.9881,-4.2725,5.53483,0,
-11.9881,-4.2625,5.53500,0,
-11.9509,-4.2550,5.53517,0,
-11.9136,-4.2475,5.53533,0,
-11.9136,-4.2375,5.53550,0,
-11.8764,-4.2300,5.53567,0,
-11.8392,-4.2225,5.53583,0,
-11.8392,-4.2150,5.53600,0,
-11.8392,-4.2050,5.53617,0,
-11.8019,-4.1975,5.53633,0,
-11.8019,-4.1900,5.53650,0,
-11.8019,-4.1800,5.53667,0,
-11.8392,-4.1725,5.53683,0,
-11.8019,-4.1650,5.53700,0,
-11.8019,-4.1550,5.53717,0,
-11.7647,-4.1475,5.53733,0,
-11.7647,-4.1400,5.53750,0,
-11.7275,-4.1325,5.53767,0,
-11.6902,-4.1225,5.53783,0,
-11.6902,-4.1150,5.53800,0,
-11.6530,-4.1050,5.53817,0,
-11.6158,-4.0975,5.53833,0,
-11.5786,-4.0900,5.53850,0,
-11.5413,-4.0800,5.53867,0,
-11.5041,-4.0725,5.53883,0,
-11.4669,-4.0650,5.53900,0,
-11.4296,-4.0550,5.53917,0,
-11.4296,-4.0450,5.53933,0,
-11.4296,-4.0375,5.53950,0,
-11.3924,-4.0300,5.53967,0,
-11.3552,-4.0200,5.53983,0,
-11.3552,-4.0125,5.54000,0,
-11.3179,-4.0025,5.54017,0,
-11.3179,-3.9950,5.54033,0,
-11.3179,-3.9850,5.54050,0,
-11.2807,-3.9775,5.54067,0,
-11.2807,-3.9700,5.54083,0,
-11.2807,-3.9625,5.54100,0,
-11.2435,-3.9525,5.54117,0,
-11.2435,-3.9450,5.54133,0,
-11.2435,-3.9375,5.54150,0,
-11.2435,-3.9275,5.54167,0,
-11.2063,-3.9200,5.54183,0,
-11.2063,-3.9125,5.54200,0,
-11.2435,-3.9050,5.54217,0,
-11.2435,-3.8950,5.54233,0,
-11.2063,-3.8875,5.54250,0,
-11.2063,-3.8775,5.54267,0,
-11.2063,-3.8700,5.54283,0,
-11.2063,-3.8625,5.54300,0,
-11.2063,-3.8525,5.54317,0,
-11.1690,-3.8450,5.54333,0,
-11.1690,-3.8375,5.54350,0,
-11.1690,-3.8275,5.54367,0,
-11.1690,-3.8200,5.54383,0,
-11.1318,-3.8125,5.54400,0,
-11.1318,-3.8050,5.54417,0,
-11.0946,-3.7975,5.54433,0,
-11.0946,-3.7875,5.54450,0,
-11.0573,-3.7800,5.54467,0,
-11.0573,-3.7725,5.54483,0,
-11.0573,-3.7625,5.54500,0,
-11.0201,-3.7550,5.54517,0,
-11.0201,-3.7475,5.54533,0,
-10.9829,-3.7400,5.54550,0,
-10.9456,-3.7300,5.54567,0,
-10.9456,-3.7225,5.54583,0,
-10.9084,-3.7125,5.54600,0,
-10.9084,-3.7050,5.54617,0,
-10.8712,-3.6950,5.54633,0,
-10.8340,-3.6875,5.54650,0,
-10.7967,-3.6775,5.54667,0,
-10.7595,-3.6700,5.54683,0,
-10.7223,-3.6600,5.54700,0,
-10.7223,-3.6525,5.54717,0,
-10.6850,-3.6450,5.54733,0,
-10.6478,-3.6350,5.54750,0,
-10.6478,-3.6275,5.54767,0,
-10.6478,-3.6200,5.54783,0,
-10.6106,-3.6100,5.54800,0,
-10.6106,-3.6025,5.54817,0,
-10.6106,-3.5925,5.54833,0,
-10.5733,-3.5850,5.54850,0,
-10.5361,-3.5775,5.54867,0,
-10.5361,-3.5675,5.54883,0,
-10.4989,-3.5600,5.54900,0,
-10.4617,-3.5525,5.54917,0,
-10.4617,-3.5425,5.54933,0,
-10.4244,-3.5350,5.54950,0,
-10.3872,-3.5250,5.54967,0,
-10.3872,-3.5175,5.54983,0,
-10.3872,-3.5100,5.55000,0,
-10.3500,-3.5000,5.55017,0,
-10.3500,-3.4925,5.55033,0,
-10.3127,-3.4850,5.55050,0,
-10.2755,-3.4775,5.55067,0,
-10.2755,-3.4675,5.55083,0,
-10.2383,-3.4600,5.55100,0,
-10.2010,-3.4525,5.55117,0,
-10.1638,-3.4425,5.55133,0,
-10.1266,-3.4350,5.55150,0,
-10.1266,-3.4250,5.55167,0,
-10.0894,-3.4175,5.55183,0,
-10.0521,-3.4100,5.55200,0,
-10.0521,-3.4000,5.55217,0,
-9.9777,-3.3925,5.55233,0,
-9.9404,-3.3825,5.55250,0,
-9.9404,-3.3750,5.55267,0,
-9.9032,-3.3675,5.55283,0,
-9.8660,-3.3575,5.55300,0,
-9.8660,-3.3500,5.55317,0,
-9.8287,-3.3400,5.55333,0,
-9.8287,-3.3325,5.55350,0,
-9.7915,-3.3250,5.55367,0,
-9.7915,-3.3175,5.55383,0,
-9.7543,-3.3075,5.55400,0,
-9.7543,-3.3000,5.55417,0,
-9.7171,-3.2900,5.55433,0,
-9.6798,-3.2825,5.55450,0,
-9.6798,-3.2725,5.55467,0,
-9.6426,-3.2650,5.55483,0,
-9.6426,-3.2575,5.55500,0,
-9.6054,-3.2500,5.55517,0,
-9.5681,-3.2400,5.55533,0,
-9.5681,-3.2325,5.55550,0,
-9.5309,-3.2250,5.55567,0,
-9.5309,-3.2150,5.55583,0,
-9.4937,-3.2075,5.55600,0,
-9.4937,-3.2000,5.55617,0,
-9.4564,-3.1900,5.55633,0,
-9.4564,-3.1825,5.55650,0,
-9.4192,-3.1750,5.55667,0,
-9.3820,-3.1650,5.55683,0,
-9.3447,-3.1575,5.55700,0,
-9.3447,-3.1500,5.55717,0,
-9.3075,-3.1425,5.55733,0,
-9.2703,-3.1350,5.55750,0,
-9.2703,-3.1275,5.55767,0,
-9.2331,-3.1175,5.55783,0,
-9.1958,-3.1100,5.55800,0,
-9.1586,-3.1025,5.55817,0,
-9.1214,-3.0950,5.55833,0,
-9.0841,-3.0850,5.55850,0,
-9.0841,-3.0775,5.55867,0,
-9.0469,-3.0700,5.55883,0,
-9.0097,-3.0625,5.55900,0,
-8.9352,-3.0525,5.55917,0,
-8.9352,-3.0450,5.55933,0,
-8.8980,-3.0375,5.55950,0,
-8.8608,-3.0275,5.55967,0,
-8.8235,-3.0200,5.55983,0,
-8.7863,-3.0100,5.56000,0,
-8.7491,-3.0025,5.56017,0,
-8.7118,-2.9925,5.56033,0,
-8.7118,-2.9850,5.56050,0,
-8.6746,-2.9775,5.56067,0,
-8.6374,-2.9700,5.56083,0,
-8.6374,-2.9625,5.56100,0,
-8.6001,-2.9525,5.56117,0,
-8.5629,-2.9450,5.56133,0,
-8.5257,-2.9375,5.56150,0,
-8.5257,-2.9275,5.56167,0,
-8.4885,-2.9200,5.56183,0,
-8.4512,-2.9125,5.56200,0,
-8.4140,-2.9025,5.56217,0,
-8.4140,-2.8950,5.56233,0,
-8.3768,-2.8850,5.56250,0,
-8.3395,-2.8775,5.56267,0,
-8.3023,-2.8700,5.56283,0,
-8.2651,-2.8600,5.56300,0,
-8.2651,-2.8525,5.56317,0,
-8.2278,-2.8425,5.56333,0,
-8.1906,-2.8350,5.56350,0,
-8.1906,-2.8275,5.56367,0,
-8.1906,-2.8175,5.56383,0,
-8.1534,-2.8100,5.56400,0,
-8.1162,-2.8025,5.56417,0,
-8.0789,-2.7950,5.56433,0,
-8.0417,-2.7850,5.56450,0,
-8.0045,-2.7775,5.56467,0,
-7.9672,-2.7675,5.56483,0,
-7.9300,-2.7600,5.56500,0,
-7.8928,-2.7525,5.56517,0,
-7.8555,-2.7425,5.56533,0,
-7.8555,-2.7350,5.56550,0,
-7.8183,-2.7275,5.56567,0,
-7.7811,-2.7175,5.56583,0,
-7.7439,-2.7100,5.56600,0,
-7.7066,-2.7000,5.56617,0,
-7.6694,-2.6925,5.56633,0,
-7.5949,-2.6825,5.56650,0,
-7.5577,-2.6750,5.56667,0,
-7.5205,-2.6650,5.56683,0,
-7.4832,-2.6575,5.56700,0,
-7.4460,-2.6500,5.56717,0,
-7.4088,-2.6425,5.56733,0,
-7.3716,-2.6325,5.56750,0,
-7.3343,-2.6250,5.56767,0,
-7.2971,-2.6175,5.56783,0,
-7.2599,-2.6075,5.56800,0,
-7.2226,-2.6000,5.56817,0,
-7.1854,-2.5925,5.56833,0,
-7.1482,-2.5825,5.56850,0,
-7.1109,-2.5750,5.56867,0,
-7.0737,-2.5675,5.56883,0,
-6.9993,-2.5575,5.56900,0,
-6.9620,-2.5500,5.56917,0,
-6.9248,-2.5400,5.56933,0,
-6.8876,-2.5325,5.56950,0,
-6.8503,-2.5225,5.56967,0,
-6.7759,-2.5150,5.56983,0,
-6.7759,-2.5075,5.57000,0,
-6.7386,-2.4975,5.57017,0,
-6.7014,-2.4900,5.57033,0,
-6.6642,-2.4825,5.57050,0,
-6.6270,-2.4750,5.57067,0,
-6.5897,-2.4675,5.57083,0,
-6.5525,-2.4575,5.57100,0,
-6.5153,-2.4500,5.57117,0,
-6.4408,-2.4425,5.57133,0,
-6.4036,-2.4350,5.57150,0,
-6.3663,-2.4250,5.57167,0,
-6.2919,-2.4175,5.57183,0,
-6.2174,-2.4075,5.57200,0,
-6.1802,-2.4000,5.57217,0,
-6.1430,-2.3925,5.57233,0,
-6.1057,-2.3825,5.57250,0,
-6.0685,-2.3750,5.57267,0,
-5.9940,-2.3650,5.57283,0,
-5.9568,-2.3575,5.57300,0,
-5.9196,-2.3475,5.57317,0,
-5.8824,-2.3400,5.57333,0,
-5.8451,-2.3325,5.57350,0,
-5.8079,-2.3225,5.57367,0,
-5.7707,-2.3150,5.57383,0,
-5.7334,-2.3075,5.57400,0,
-5.6590,-2.3000,5.57417,0,
-5.6217,-2.2900,5.57433,0,
-5.5845,-2.2825,5.57450,0,
-5.5473,-2.2750,5.57467,0,
-5.5101,-2.2650,5.57483,0,
-5.4728,-2.2575,5.57500,0,
-5.4356,-2.2500,5.57517,0,
-5.3984,-2.2400,5.57533,0,
-5.3611,-2.2325,5.57550,0,
-5.3239,-2.2250,5.57567,0,
-5.2494,-2.2150,5.57583,0,
-5.2122,-2.2075,5.57600,0,
-5.1750,-2.2000,5.57617,0,
-5.1378,-2.1900,5.57633,0,
-5.1005,-2.1825,5.57650,0,
-5.0261,-2.1750,5.57667,0,
-4.9888,-2.1650,5.57683,0,
-4.9516,-2.1575,5.57700,0,
-4.9144,-2.1500,5.57717,0,
-4.9144,-2.1425,5.57733,0,
-4.8399,-2.1325,5.57750,0,
-4.7654,-2.1250,5.57767,0,
-4.7282,-2.1175,5.57783,0,
-4.6538,-2.1075,5.57800,0,
-4.6165,-2.1000,5.57817,0,
-4.5793,-2.0925,5.57833,0,
-4.5421,-2.0825,5.57850,0,
-4.5048,-2.0750,5.57867,0,
-4.4304,-2.0675,5.57883,0,
-4.3932,-2.0575,5.57900,0,
-4.3559,-2.0500,5.57917,0,
-4.3187,-2.0425,5.57933,0,
-4.2442,-2.0325,5.57950,0,
-4.2070,-2.0250,5.57967,0,
-4.1325,-2.0150,5.57983,0,
-4.0953,-2.0075,5.58000,0,
-4.0581,-1.9975,5.58017,0,
-3.9836,-1.9900,5.58033,0,
-3.9464,-1.9825,5.58050,0,
-3.9092,-1.9750,5.58067,0,
-3.8347,-1.9650,5.58083,0,
-3.7975,-1.9575,5.58100,0,
-3.7602,-1.9500,5.58117,0,
-3.7230,-1.9425,5.58133,0,
-3.6858,-1.9325,5.58150,0,
-3.6485,-1.9250,5.58167,0,
-3.6113,-1.9175,5.58183,0,
-3.5369,-1.9075,5.58200,0,
-3.5369,-1.9000,5.58217,0,
-3.4624,-1.8925,5.58233,0,
-3.4252,-1.8825,5.58250,0,
-3.3879,-1.8750,5.58267,0,
-3.3135,-1.8675,5.58283,0,
-3.2762,-1.8575,5.58300,0,
-3.2390,-1.8500,5.58317,0,
-3.1646,-1.8425,5.58333,0,
-3.1273,-1.8350,5.58350,0,
-3.0901,-1.8250,5.58367,0,
-3.0529,-1.8175,5.58383,0,
-3.0156,-1.8100,5.58400,0,
-2.9412,-1.8025,5.58417,0,
-2.9039,-1.7925,5.58433,0,
-2.8667,-1.7850,5.58450,0,
-2.7923,-1.7775,5.58467,0,
-2.7550,-1.7700,5.58483,0,
-2.7178,-1.7625,5.58500,0,
-2.6433,-1.7525,5.58517,0,
-2.6061,-1.7450,5.58533,0,
-2.5689,-1.7375,5.58550,0,
-2.5316,-1.7275,5.58567,0,
-2.4944,-1.7200,5.58583,0,
-2.4572,-1.7125,5.58600,0,
-2.3827,-1.7025,5.58617,0,
-2.3083,-1.6950,5.58633,0,
-2.2710,-1.6850,5.58650,0,
-2.2338,-1.6775,5.58667,0,
-2.1966,-1.6700,5.58683,0,
-2.1221,-1.6625,5.58700,0,
-2.0849,-1.6550,5.58717,0,
-2.0477,-1.6450,5.58733,0,
-2.0104,-1.6375,5.58750,0,
-1.9360,-1.6300,5.58767,0,
-1.8987,-1.6225,5.58783,0,
-1.8615,-1.6125,5.58800,0,
-1.7870,-1.6050,5.58817,0,
-1.7498,-1.5975,5.58833,0,
-1.7126,-1.5900,5.58850,0,
-1.6381,-1.5800,5.58867,0,
-1.6009,-1.5725,5.58883,0,
-1.5264,-1.5650,5.58900,0,
-1.4892,-1.5575,5.58917,0,
-1.4147,-1.5475,5.58933,0,
-1.3775,-1.5400,5.58950,0,
-1.3031,-1.5325,5.58967,0,
-1.2658,-1.5225,5.58983,0,
-1.1914,-1.5150,5.59000,0,
-1.1541,-1.5075,5.59017,0,
-1.1169,-1.4975,5.59033,0,
-1.0424,-1.4900,5.59050,0,
-1.0052,-1.4825,5.59067,0,
-0.9308,-1.4750,5.59083,0,
-0.8935,-1.4650,5.59100,0,
-0.8191,-1.4575,5.59117,0,
-0.7818,-1.4500,5.59133,0,
-0.7074,-1.4400,5.59150,0,
-0.6701,-1.4325,5.59167,0,
-0.5957,-1.4250,5.59183,0,
-0.5585,-1.4175,5.59200,0,
-0.5212,-1.4075,5.59217,0,
-0.4468,-1.4000,5.59233,0,
-0.4095,-1.3925,5.59250,0,
-0.3351,-1.3825,5.59267,0,
-0.2978,-1.3750,5.59283,0,
-0.2234,-1.3675,5.59300,0,
-0.1861,-1.3575,5.59317,0,
-0.1117,-1.3500,5.59333,0,
-0.0745,-1.3400,5.59350,0,
-0.0372,-1.3325,5.59367,0,
0.0000,-1.3250,5.59383,0,
0.0745,-1.3175,5.59400,0,
0.1117,-1.3075,5.59417,0,
0.1489,-1.3000,5.59433,0,
0.1862,-1.2925,5.59450,0,
0.2606,-1.2825,5.59467,0,
0.2978,-1.2750,5.59483,0,
0.2978,-1.2675,5.59500,0,
0.3351,-1.2600,5.59517,0,
0.3351,-1.2500,5.59533,0,
0.2978,-1.2425,5.59550,0,
0.2234,-1.2350,5.59567,0,
0.1489,-1.2250,5.59583,0,
0.0745,-1.2175,5.59600,0,
0.0000,-1.2100,5.59617,0,
0.0000,-1.2000,5.59633,0,
0.0000,-1.1925,5.59650,0,
0.0000,-1.1850,5.59667,0,
0.0000,-1.1750,5.59683,0,
0.0000,-1.1675,5.59700,0,
0.0000,-1.1600,5.59717,0,
0.0000,-1.1525,5.59733,0,
0.0000,-1.1425,5.59750,0,
0.0000,-1.1350,5.59767,0,
0.0000,-1.1275,5.59783,0,
0.0000,-1.1175,5.59800,0,
0.0000,-1.1100,5.59817,0,
0.0000,-1.1025,5.59833,0,
0.0000,-1.0925,5.59850,0,
0.0000,-1.0850,5.59867,0,
0.0000,-1.0775,5.59883,0,
0.0000,-1.0675,5.59900,0,
0.0000,-1.0600,5.59917,0,
0.0000,-1.0525,5.59933,0,
-0.0372,-1.0425,5.59950,0,
0.0000,-1.0350,5.59967,0,
0.0000,-1.0250,5.59983,0,
0.0000,-1.0175,5.60000,0,
0.0000,-1.0100,5.60017,0,
0.0000,-1.0000,5.60033,0,
0.0000,-0.9925,5.60050,0,
0.0000,-0.9850,5.60067,0,
0.0000,-0.9775,5.60083,0,
0.0000,-0.9675,5.60100,0,
0.0000,-0.9600,5.60117,0,
0.0000,-0.9525,5.60133,0,
0.0000,-0.9450,5.60150,0,
0.0000,-0.9350,5.60167,0,
0.0000,-0.9275,5.60183,0,
0.0000,-0.9200,5.60200,0,
0.0000,-0.9125,5.60217,0,
0.0000,-0.9025,5.60233,0,
0.0000,-0.8950,5.60250,0,
0.0000,-0.8875,5.60267,0,
0.0000,-0.8775,5.60283,0,
0.0000,-0.8700,5.60300,0,
0.0000,-0.8625,5.60317,0,
0.0000,-0.8525,5.60333,0,
0.0000,-0.8450,5.60350,0,
0.0000,-0.8375,5.60367,0,
0.0000,-0.8300,5.60383,0,
0.0000,-0.8200,5.60400,0,
0.0000,-0.8125,5.60417,0,
0.0000,-0.8050,5.60433,0,
0.0000,-0.7975,5.60450,0,
0.0000,-0.7875,5.60467,0,
0.0000,-0.7800,5.60483,0,
0.0000,-0.7725,5.60500,0,
0.0000,-0.7625,5.60517,0,
0.0000,-0.7550,5.60533,0,
0.0000,-0.7475,5.60550,0,
0.0000,-0.7400,5.60567,0,
0.0000,-0.7325,5.60583,0,
0.0000,-0.7225,5.60600,0,
0.0000,-0.7150,5.60617,0,
0.0000,-0.7075,5.60633,0,
0.0000,-0.6975,5.60650,0,
0.0000,-0.6900,5.60667,0,
0.0000,-0.6800,5.60683,0,
0.0000,-0.6725,5.60700,0,
0.0000,-0.6650,5.60717,0,
0.0000,-0.6575,5.60733,0,
0.0000,-0.6500,5.60750,0,
0.0000,-0.6400,5.60767,0,
0.0000,-0.6325,5.60783,0,
0.0000,-0.6250,5.60800,0,
0.0000,-0.6150,5.60817,0,
0.0000,-0.6075,5.60833,0,
-0.0372,-0.6000,5.60850,0,
0.0000,-0.5925,5.60867,0,
0.0000,-0.5825,5.60883,0,
0.0000,-0.5750,5.60900,0,
0.0000,-0.5675,5.60917,0,
0.0000,-0.5600,5.60933,0,
0.0000,-0.5500,5.60950,0,
0.0000,-0.5425,5.60967,0,
0.0000,-0.5350,5.60983,0,
0.0000,-0.5275,5.61000,0,
0.0000,-0.5175,5.61017,0,
0.0000,-0.5100,5.61033,0,
0.0000,-0.5025,5.61050,0,
0.0000,-0.4925,5.61067,0,
0.0000,-0.4850,5.61083,0,
0.0000,-0.4775,5.61100,0,
0.0000,-0.4700,5.61117,0,
0.0000,-0.4625,5.61133,0,
0.0000,-0.4525,5.61150,0,
0.0000,-0.4450,5.61167,0,
0.0000,-0.4350,5.61183,0,
0.0000,-0.4275,5.61200,0,
0.0000,-0.4200,5.61217,0,
0.0000,-0.4100,5.61233,0,
0.0000,-0.4025,5.61250,0,
0.0000,-0.3950,5.61267,0,
0.0000,-0.3850,5.61283,0,
0.0000,-0.3775,5.61300,0,
0.0000,-0.3675,5.61317,0,
0.0000,-0.3600,5.61333,0,
0.0000,-0.3500,5.61350,0,
0.0000,-0.3425,5.61367,0,
0.0000,-0.3350,5.61383,0,
0.0000,-0.3250,5.61400,0,
0.0000,-0.3175,5.61417,0,
0.0000,-0.3100,5.61433,0,
0.0000,-0.3025,5.61450,0,
0.0000,-0.2925,5.61467,0,
0.0000,-0.2850,5.61483,0,
0.0000,-0.2775,5.61500,0,
0.0000,-0.2675,5.61517,0,
0.0000,-0.2600,5.61533,0,
0.0000,-0.2525,5.61550,0,
0.0000,-0.2450,5.61567,0,
0.0000,-0.2350,5.61583,0,
0.0000,-0.2275,5.61600,0,
0.0000,-0.2200,5.61617,0,
0.0000,-0.2100,5.61633,0,
0.0000,-0.2025,5.61650,0,
0.0000,-0.1925,5.61667,0,
0.0000,-0.1850,5.61683,0,
0.0000,-0.1775,5.61700,0,
0.0000,-0.1675,5.61717,0,
0.0000,-0.1600,5.61733,0,
0.0000,-0.1525,5.61750,0,
0.0000,-0.1450,5.61767,0,
0.0000,-0.1350,5.61783,0,
0.0000,-0.1275,5.61800,0,
0.0000,-0.1200,5.61817,0,
0.0000,-0.1100,5.61833,0,
0.0000,-0.1025,5.61850,0,
0.0000,-0.0925,5.61867,0,
0.0000,-0.0850,5.61883,0,
0.0000,-0.0775,5.61900,0,
0.0000,-0.0700,5.61917,0,
0.0000,-0.0600,5.61933,0,
0.0000,-0.0525,5.61950,0,
0.0000,-0.0450,5.61967,0,
0.0000,-0.0425,5.61983,0,
0.0000,-0.0425,5.62000,0,
0.0000,-0.0375,5.62017,0,
0.0000,-0.0300,5.62033,0,
0.0000,-0.0225,5.62050,0,
0.0000,-0.0175,5.62067,0,
0.0000,-0.0150,5.62083,0,
0.0000,-0.0100,5.62100,0,
0.0000,-0.0050,5.62117,0,
0.0000,0.0000,5.62133,0,
0.0000,0.0075,5.62150,0,
0.0000,0.0075,5.62167,0,
0.0000,0.0075,5.62183,0,
0.0000,0.0050,5.62200,0,
0.0000,0.0050,5.62217,0,
0.0000,0.0050,5.62233,0,
0.0000,0.0075,5.62250,0,
0.0000,0.0075,5.62267,0,
0.0000,0.0050,5.62283,0,
0.0000,0.0050,5.62300,0,
0.0000,0.0050,5.62317,0,
-0.0372,0.0050,5.62333,0,
0.0000,0.0050,5.62350,0,
0.0000,0.0050,5.62367,0,
0.0000,0.0050,5.62383,0,
0.0000,0.0050,5.62400,0,
0.0000,0.0050,5.62417,0,
0.0000,0.0050,5.62433,0,
0.0000,0.0050,5.62450,0,
0.0000,0.0000,5.62467,0,
0.0000,-0.0025,5.62483,0,
0.0000,-0.0050,5.62500,0,
0.0000,-0.0050,5.62517,0,
0.0000,-0.0075,5.62533,0,
0.0000,-0.0075,5.62550,0,
0.0000,-0.0075,5.62567,0,
0.0000,-0.0100,5.62583,0,
0.0000,-0.0100,5.62600,0,
0.0000,-0.0125,5.62617,0,
0.0000,-0.0125,5.62633,0,
0.0000,-0.0150,5.62650,0,
0.0000,-0.0175,5.62667,0,
0.0000,-0.0200,5.62683,0,
0.0000,-0.0225,5.62700,0,
0.0000,-0.0275,5.62717,0,
0.0000,-0.0300,5.62733,0,
0.0000,-0.0350,5.62750,0,
-0.0372,-0.0375,5.62767,0,
0.0000,-0.0400,5.62783,0,
0.0000,-0.0450,5.62800,0,
0.0000,-0.0475,5.62817,0,
0.0000,-0.0525,5.62833,0,
0.0000,-0.0575,5.62850,0,
0.0000,-0.0625,5.62867,0,
0.0000,-0.0650,5.62883,0,
0.0000,-0.0700,5.62900,0,
0.0000,-0.0725,5.62917,0,
0.0000,-0.0775,5.62933,0,
0.0000,-0.0850,5.62950,0,
0.0000,-0.0900,5.62967,0,
0.0000,-0.0950,5.62983,0,
0.0000,-0.1000,5.63000,0,
0.0000,-0.1050,5.63017,0,
0.0000,-0.1125,5.63033,0,
0.0000,-0.1175,5.63050,0,
0.0000,-0.1225,5.63067,0,
0.0000,-0.1300,5.63083,0,
0.0000,-0.1350,5.63100,0,
0.0000,-0.1425,5.63117,0,
0.0000,-0.1475,5.63133,0,
0.0000,-0.1525,5.63150,0,
0.0000,-0.1600,5.63167,0,
0.0000,-0.1650,5.63183,0,
0.0000,-0.1725,5.63200,0,
0.0000,-0.1775,5.63217,0,
0.0000,-0.1850,5.63233,0,
0.0000,-0.1900,5.63250,0,
0.0000,-0.1975,5.63267,0,
0.0000,-0.2025,5.63283,0,
0.0000,-0.2100,5.63300,0,
0.0000,-0.2150,5.63317,0,
0.0000,-0.2225,5.63333,0,
0.0000,-0.2275,5.63350,0,
0.0000,-0.2325,5.63367,0,
0.0000,-0.2400,5.63383,0,
0.0000,-0.2475,5.63400,0,
0.0000,-0.2525,5.63417,0,
0.0000,-0.2600,5.63433,0,
0.0000,-0.2675,5.63450,0,
0.0000,-0.2725,5.63467,0,
0.0000,-0.2800,5.63483,0,
-0.0372,-0.2875,5.63500,0,
0.0000,-0.2950,5.63517,0,
0.0000,-0.3025,5.63533,0,
0.0000,-0.3100,5.63550,0,
0.0000,-0.3175,5.63567,0,
0.0000,-0.3250,5.63583,0,
0.0000,-0.3325,5.63600,0,
0.0000,-0.3400,5.63617,0,
0.0000,-0.3450,5.63633,0,
0.0000,-0.3525,5.63650,0,
-0.0372,-0.3600,5.63667,0,
0.0000,-0.3675,5.63683,0,
0.0000,-0.3750,5.63700,0,
0.0000,-0.3800,5.63717,0,
0.0000,-0.3875,5.63733,0,
0.0000,-0.3950,5.63750,0,
0.0000,-0.4025,5.63767,0,
0.0000,-0.4100,5.63783,0,
0.0000,-0.4175,5.63800,0,
0.0000,-0.4250,5.63817,0,
0.0000,-0.4325,5.63833,0,
0.0000,-0.4400,5.63850,0,
0.0000,-0.4475,5.63867,0,
0.0000,-0.4550,5.63883,0,
0.0000,-0.4625,5.63900,0,
0.0000,-0.4700,5.63917,0,
0.0000,-0.4800,5.63933,0,
0.0000,-0.4875,5.63950,0,
0.0000,-0.4950,5.63967,0,
0.0000,-0.5025,5.63983,0,
0.0000,-0.5100,5.64000,0,
0.0000,-0.5175,5.64017,0,
0.0000,-0.5275,5.64033,0,
0.0000,-0.5350,5.64050,0,
0.0000,-0.5425,5.64067,0,
0.0000,-0.5500,5.64083,0,
0.0000,-0.5575,5.64100,0,
0.0000,-0.5650,5.64117,0,
0.0000,-0.5725,5.64133,0,
0.0000,-0.5825,5.64150,0,
0.0000,-0.5900,5.64167,0,
0.0000,-0.5975,5.64183,0,
0.0000,-0.6050,5.64200,0,
0.0000,-0.6125,5.64217,0,
0.0000,-0.6225,5.64233,0,
0.0000,-0.6300,5.64250,0,
0.0000,-0.6375,5.64267,0,
0.0000,-0.6475,5.64283,0,
0.0000,-0.6550,5.64300,0,
0.0000,-0.6625,5.64317,0,
0.0000,-0.6725,5.64333,0,
0.0000,-0.6800,5.64350,0,
0.0000,-0.6875,5.64367,0,
0.0000,-0.6950,5.64383,0,
0.0000,-0.7050,5.64400,0,
0.0000,-0.7125,5.64417,0,
0.0000,-0.7200,5.64433,0,
0.0000,-0.7275,5.64450,0,
0.0000,-0.7350,5.64467,0,
0.0000,-0.7425,5.64483,0,
0.0000,-0.7525,5.64500,0,
0.0000,-0.7600,5.64517,0,
0.0000,-0.7675,5.64533,0,
0.0000,-0.7775,5.64550,0,
0.0000,-0.7850,5.64567,0,
0.0000,-0.7925,5.64583,0,
0.0000,-0.8025,5.64600,0,
0.0000,-0.8100,5.64617,0,
0.0000,-0.8200,5.64633,0,
-0.0372,-0.8275,5.64650,0,
0.0000,-0.8350,5.64667,0,
0.0000,-0.8450,5.64683,0,
-0.0372,-0.8525,5.64700,0,
-0.0372,-0.8600,5.64717,0,
0.0000,-0.8700,5.64733,0,
-0.0372,-0.8775,5.64750,0,
-0.0372,-0.8850,5.64767,0,
-0.0372,-0.8925,5.64783,0,
-0.0372,-0.9025,5.64800,0,
-0.0372,-0.9100,5.64817,0,
-0.0745,-0.9175,5.64833,0,
-0.0745,-0.9250,5.64850,0,
-0.1117,-0.9350,5.64867,0,
-0.1489,-0.9425,5.64883,0,
-0.1861,-0.9525,5.64900,0,
-0.2606,-0.9600,5.64917,0,
-0.3351,-0.9700,5.64933,0,
-0.4095,-0.9775,5.64950,0,
-0.5212,-0.9875,5.64967,0,
-0.6329,-0.9950,5.64983,0,
-0.7074,-1.0050,5.65000,0,
-0.8191,-1.0125,5.65017,0,
-0.9308,-1.0200,5.65033,0,
-1.0424,-1.0275,5.65050,0,
-1.1541,-1.0375,5.65067,0,
-1.2658,-1.0450,5.65083,0,
-1.3775,-1.0525,5.65100,0,
-1.4892,-1.0600,5.65117,0,
-1.6381,-1.0675,5.65133,0,
-1.7498,-1.0775,5.65150,0,
-1.8615,-1.0850,5.65167,0,
-2.0104,-1.0925,5.65183,0,
-2.1221,-1.1000,5.65200,0,
-2.2338,-1.1100,5.65217,0,
-2.3455,-1.1175,5.65233,0,
-2.4944,-1.1275,5.65250,0,
-2.6061,-1.1350,5.65267,0,
-2.7178,-1.1425,5.65283,0,
-2.8295,-1.1525,5.65300,0,
-2.9412,-1.1600,5.65317,0,
-3.0529,-1.1700,5.65333,0,
-3.1646,-1.1775,5.65350,0,
-3.2762,-1.1850,5.65367,0,
-3.3879,-1.1950,5.65383,0,
-3.4996,-1.2025,5.65400,0,
-3.6113,-1.2100,5.65417,0,
-3.7230,-1.2200,5.65433,0,
-3.7975,-1.2275,5.65450,0,
-3.9092,-1.2350,5.65467,0,
-4.0208,-1.2425,5.65483,0,
-4.1325,-1.2525,5.65500,0,
-4.2442,-1.2600,5.65517,0,
-4.3559,-1.2675,5.65533,0,
-4.4304,-1.2750,5.65550,0,
-4.5421,-1.2825,5.65567,0,
-4.6538,-1.2925,5.65583,0,
-4.7282,-1.3000,5.65600,0,
-4.8399,-1.3075,5.65617,0,
-4.9144,-1.3175,5.65633,0,
-4.9888,-1.3250,5.65650,0,
-5.0261,-1.3350,5.65667,0,
-5.1005,-1.3425,5.65683,0,
-5.1750,-1.3500,5.65700,0,
-5.2494,-1.3575,5.65717,0,
-5.2867,-1.3675,5.65733,0,
-5.3611,-1.3750,5.65750,0,
-5.4356,-1.3825,5.65767,0,
-5.5101,-1.3900,5.65783,0,
-5.5473,-1.3975,5.65800,0,
-5.5845,-1.4050,5.65817,0,
-5.6590,-1.4150,5.65833,0,
-5.6962,-1.4225,5.65850,0,
-5.8079,-1.4300,5.65867,0,
-5.9196,-1.4400,5.65883,0,
-6.0685,-1.4475,5.65900,0,
-6.1430,-1.4575,5.65917,0,
-6.2174,-1.4650,5.65933,0,
-6.3291,-1.4725,5.65950,0,
-6.4408,-1.4825,5.65967,0,
-6.5525,-1.4900,5.65983,0,
-6.6270,-1.4975,5.66000,0,
-6.7386,-1.5075,5.66017,0,
-6.8131,-1.5150,5.66033,0,
-6.9248,-1.5225,5.66050,0,
-7.0365,-1.5325,5.66067,0,
-7.1482,-1.5400,5.66083,0,
-7.2599,-1.5475,5.66100,0,
-7.3343,-1.5550,5.66117,0,
-7.4088,-1.5650,5.66133,0,
-7.4832,-1.5725,5.66150,0,
-7.5577,-1.5800,5.66167,0,
-7.6694,-1.5900,5.66183,0,
-7.7439,-1.5975,5.66200,0,
-7.8183,-1.6050,5.66217,0,
-7.9300,-1.6150,5.66233,0,
-8.0045,-1.6225,5.66250,0,
-8.0789,-1.6300,5.66267,0,
-8.1906,-1.6400,5.66283,0,
-8.2651,-1.6475,5.66300,0,
-8.3768,-1.6575,5.66317,0,
-8.4885,-1.6650,5.66333,0,
-8.6001,-1.6725,5.66350,0,
-8.6746,-1.6825,5.66367,0,
-8.7491,-1.6900,5.66383,0,
-8.8608,-1.6975,5.66400,0,
-8.9352,-1.7050,5.66417,0,
-9.0097,-1.7125,5.66433,0,
-9.0841,-1.7225,5.66450,0,
-9.1958,-1.7300,5.66467,0,
-9.2703,-1.7375,5.66483,0,
-9.3447,-1.7450,5.66500,0,
-9.4564,-1.7525,5.66517,0,
-9.5309,-1.7625,5.66533,0,
-9.6054,-1.7700,5.66550,0,
-9.7171,-1.7775,5.66567,0,
-9.8287,-1.7875,5.66583,0,
-9.9032,-1.7950,5.66600,0,
-10.0149,-1.8025,5.66617,0,
-10.1266,-1.8125,5.66633,0,
-10.2383,-1.8200,5.66650,0,
-10.3500,-1.8300,5.66667,0,
-10.4244,-1.8375,5.66683,0,
-10.5361,-1.8475,5.66700,0,
-10.6106,-1.8550,5.66717,0,
-10.7223,-1.8625,5.66733,0,
-10.7967,-1.8725,5.66750,0,
-10.8712,-1.8800,5.66767,0,
-10.9456,-1.8875,5.66783,0,
-11.0573,-1.8975,5.66800,0,
-11.1318,-1.9050,5.66817,0,
-11.2063,-1.9125,5.66833,0,
-11.3179,-1.9200,5.66850,0,
-11.3552,-1.9300,5.66867,0,
-11.4296,-1.9375,5.66883,0,
-11.5041,-1.9450,5.66900,0,
-11.5413,-1.9550,5.66917,0,
-11.6158,-1.9625,5.66933,0,
-11.6902,-1.9725,5.66950,0,
-11.7275,-1.9800,5.66967,0,
-11.8019,-1.9875,5.66983,0,
-11.8764,-1.9975,5.67000,0,
-11.9509,-2.0050,5.67017,0,
-12.0253,-2.0125,5.67033,0,
-12.0625,-2.0225,5.67050,0,
-12.1370,-2.0300,5.67067,0,
-12.2115,-2.0375,5.67083,0,
-12.2487,-2.0450,5.67100,0,
-12.3604,-2.0525,5.67117,0,
-12.3976,-2.0625,5.67133,0,
-12.4721,-2.0700,5.67150,0,
-12.5093,-2.0775,5.67167,0,
-12.5838,-2.0850,5.67183,0,
-12.6582,-2.0950,5.67200,0,
-12.6955,-2.1025,5.67217,0,
-12.8071,-2.1100,5.67233,0,
-12.8816,-2.1175,5.67250,0,
-12.9188,-2.1275,5.67267,0,
-12.9933,-2.1350,5.67283,0,
-13.0305,-2.1425,5.67300,0,
-13.1050,-2.1525,5.67317,0,
-13.1422,-2.1600,5.67333,0,
-13.2167,-2.1675,5.67350,0,
-13.2911,-2.1775,5.67367,0,
-13.3284,-2.1850,5.67383,0,
-13.4028,-2.1925,5.67400,0,
-13.4773,-2.2000,5.67417,0,
-13.5518,-2.2100,5.67433,0,
-13.5890,-2.2175,5.67450,0,
-13.6634,-2.2250,5.67467,0,
-13.7379,-2.2325,5.67483,0,
-13.7751,-2.2400,5.67500,0,
-13.8496,-2.2500,5.67517,0,
-13.9240,-2.2575,5.67533,0,
-13.9985,-2.2650,5.67550,0,
-14.0730,-2.2750,5.67567,0,
-14.1474,-2.2825,5.67583,0,
-14.2219,-2.2900,5.67600,0,
-14.2964,-2.3000,5.67617,0,
-14.3708,-2.3075,5.67633,0,
-14.4453,-2.3175,5.67650,0,
-14.5197,-2.3250,5.67667,0,
-14.5570,-2.3325,5.67683,0,
-14.6314,-2.3425,5.67700,0,
-14.7059,-2.3500,5.67717,0,
-14.7431,-2.3575,5.67733,0,
-14.8176,-2.3650,5.67750,0,
-14.8548,-2.3750,5.67767,0,
-14.8920,-2.3825,5.67783,0,
-14.9665,-2.3900,5.67800,0,
-15.0037,-2.3975,5.67817,0,
-15.0410,-2.4050,5.67833,0,
-15.0782,-2.4125,5.67850,0,
-15.1154,-2.4225,5.67867,0,
-15.1899,-2.4300,5.67883,0,
-15.2271,-2.4375,5.67900,0,
-15.3016,-2.4475,5.67917,0,
-15.3760,-2.4550,5.67933,0,
-15.4505,-2.4650,5.67950,0,
-15.5249,-2.4725,5.67967,0,
-15.5622,-2.4825,5.67983,0,
-15.6366,-2.4900,5.68000,0,
-15.6739,-2.4975,5.68017,0,
-15.7483,-2.5075,5.68033,0,
-15.7856,-2.5150,5.68050,0,
-15.8228,-2.5225,5.68067,0,
-15.8600,-2.5325,5.68083,0,
-15.9345,-2.5400,5.68100,0,
-16.0089,-2.5475,5.68117,0,
-16.0462,-2.5550,5.68133,0,
-16.1206,-2.5650,5.68150,0,
-16.1951,-2.5725,5.68167,0,
-16.2323,-2.5800,5.68183,0,
-16.3068,-2.5875,5.68200,0,
-16.3440,-2.5950,5.68217,0,
-16.3812,-2.6050,5.68233,0,
-16.4929,-2.6125,5.68250,0,
-16.5302,-2.6200,5.68267,0,
-16.6046,-2.6300,5.68283,0,
-16.6791,-2.6375,5.68300,0,
-16.7535,-2.6475,5.68317,0,
-16.8280,-2.6550,5.68333,0,
-16.8652,-2.6625,5.68350,0,
-16.9025,-2.6725,5.68367,0,
-16.9397,-2.6800,5.68383,0,
-16.9769,-2.6875,5.68400,0,
-16.9769,-2.6975,5.68417,0,
-17.0141,-2.7050,5.68433,0,
-17.0514,-2.7125,5.68450,0,
-17.0514,-2.7225,5.68467,0,
-17.0886,-2.7300,5.68483,0,
-17.1258,-2.7375,5.68500,0,
-17.2003,-2.7450,5.68517,0,
-17.2375,-2.7550,5.68533,0,
-17.2748,-2.7625,5.68550,0,
-17.2748,-2.7700,5.68567,0,
-17.3120,-2.7800,5.68583,0,
-17.3120,-2.7875,5.68600,0,
-17.3120,-2.7975,5.68617,0,
-17.3492,-2.8050,5.68633,0,
-17.3864,-2.8150,5.68650,0,
-17.4237,-2.8225,5.68667,0,
-17.4609,-2.8325,5.68683,0,
-17.4981,-2.8400,5.68700,0,
-17.5726,-2.8475,5.68717,0,
-17.6098,-2.8575,5.68733,0,
-17.6471,-2.8650,5.68750,0,
-17.6843,-2.8750,5.68767,0,
-17.7215,-2.8825,5.68783,0,
-17.7960,-2.8900,5.68800,0,
-17.8704,-2.9000,5.68817,0,
-17.9077,-2.9075,5.68833,0,
-17.9449,-2.9150,5.68850,0,
-18.0194,-2.9225,5.68867,0,
-18.0566,-2.9325,5.68883,0,
-18.0938,-2.9400,5.68900,0,
-18.1311,-2.9475,5.68917,0,
-18.1311,-2.9575,5.68933,0,
-18.1683,-2.9650,5.68950,0,
-18.1683,-2.9750,5.68967,0,
-18.2055,-2.9825,5.68983,0,
-18.2427,-2.9900,5.69000,0,
-18.2427,-3.0000,5.69017,0,
-18.2800,-3.0075,5.69033,0,
-18.3172,-3.0150,5.69050,0,
-18.3172,-3.0250,5.69067,0,
-18.3544,-3.0325,5.69083,0,
-18.3544,-3.0400,5.69100,0,
-18.3917,-3.0475,5.69117,0,
-18.3917,-3.0550,5.69133,0,
-18.4289,-3.0650,5.69150,0,
-18.4289,-3.0725,5.69167,0,
-18.4661,-3.0800,5.69183,0,
-18.5033,-3.0875,5.69200,0,
-18.5406,-3.0975,5.69217,0,
-18.5778,-3.1050,5.69233,0,
-18.6150,-3.1150,5.69250,0,
-18.6523,-3.1225,5.69267,0,
-18.6895,-3.1300,5.69283,0,
-18.7267,-3.1400,5.69300,0,
-18.7640,-3.1475,5.69317,0,
-18.8012,-3.1575,5.69333,0,
-18.8757,-3.1650,5.69350,0,
-18.8757,-3.1725,5.69367,0,
-18.9129,-3.1825,5.69383,0,
-18.9501,-3.1900,5.69400,0,
-18.9501,-3.2000,5.69417,0,
-18.9501,-3.2075,5.69433,0,
-18.9873,-3.2150,5.69450,0,
-19.0246,-3.2225,5.69467,0,
-19.0246,-3.2300,5.69483,0,
-19.0246,-3.2400,5.69500,0,
-19.0618,-3.2475,5.69517,0,
-19.0990,-3.2550,5.69533,0,
-19.0990,-3.2625,5.69550,0,
-19.1363,-3.2725,5.69567,0,
-19.1363,-3.2800,5.69583,0,
-19.1363,-3.2900,5.69600,0,
-19.1735,-3.2975,5.69617,0,
-19.2107,-3.3050,5.69633,0,
-19.2480,-3.3150,5.69650,0,
-19.2852,-3.3225,5.69667,0,
-19.2852,-3.3325,5.69683,0,
-19.3224,-3.3400,5.69700,0,
-19.3596,-3.3475,5.69717,0,
-19.3969,-3.3550,5.69733,0,
-19.3969,-3.3650,5.69750,0,
-19.4341,-3.3725,5.69767,0,
-19.4341,-3.3800,5.69783,0,
-19.4713,-3.3875,5.69800,0,
-19.4713,-3.3975,5.69817,0,
-19.4713,-3.4050,5.69833,0,
-19.5086,-3.4125,5.69850,0,
-19.5086,-3.4200,5.69867,0,
-19.5086,-3.4275,5.69883,0,
-19.5458,-3.4375,5.69900,0,
-19.5458,-3.4450,5.69917,0,
-19.5830,-3.4550,5.69933,0,
-19.5830,-3.4625,5.69950,0,
-19.6203,-3.4700,5.69967,0,
-19.6575,-3.4800,5.69983,0,
-19.6575,-3.4875,5.70000,0,
-19.6575,-3.4950,5.70017,0,
-19.6947,-3.5050,5.70033,0,
-19.6947,-3.5125,5.70050,0,
-19.6947,-3.5225,5.70067,0,
-19.6947,-3.5300,5.70083,0,
-19.7319,-3.5375,5.70100,0,
-19.7319,-3.5475,5.70117,0,
-19.7692,-3.5550,5.70133,0,
-19.8064,-3.5625,5.70150,0,
-19.8436,-3.5700,5.70167,0,
-19.8436,-3.5800,5.70183,0,
-19.8809,-3.5875,5.70200,0,
-19.9181,-3.5950,5.70217,0,
-19.9181,-3.6050,5.70233,0,
-19.9553,-3.6125,5.70250,0,
-19.9926,-3.6200,5.70267,0,
-19.9926,-3.6300,5.70283,0,
-20.0298,-3.6375,5.70300,0,
-20.1042,-3.6475,5.70317,0,
-20.1042,-3.6550,5.70333,0,
-20.1415,-3.6625,5.70350,0,
-20.1787,-3.6725,5.70367,0,
-20.1415,-3.6800,5.70383,0,
-20.1415,-3.6875,5.70400,0,
-20.1415,-3.6975,5.70417,0,
-20.1415,-3.7050,5.70433,0,
-20.1415,-3.7125,5.70450,0,
-20.1787,-3.7225,5.70467,0,
-20.1415,-3.7300,5.70483,0,
-20.1787,-3.7375,5.70500,0,
-20.2159,-3.7450,5.70517,0,
-20.2532,-3.7550,5.70533,0,
-20.2904,-3.7625,5.70550,0,
-20.2904,-3.7700,5.70567,0,
-20.3276,-3.7800,5.70583,0,
-20.3649,-3.7875,5.70600,0,
-20.3649,-3.7975,5.70617,0,
-20.4021,-3.8050,5.70633,0,
-20.4021,-3.8150,5.70650,0,
-20.4021,-3.8225,5.70667,0,
-20.4393,-3.8300,5.70683,0,
-20.4393,-3.8400,5.70700,0,
-20.4765,-3.8475,5.70717,0,
-20.5138,-3.8575,5.70733,0,
-20.5138,-3.8650,5.70750,0,
-20.5510,-3.8750,5.70767,0,
-20.5510,-3.8825,5.70783,0,
-20.5882,-3.8900,5.70800,0,
-20.6255,-3.8975,5.70817,0,
-20.6255,-3.9075,5.70833,0,
-20.6627,-3.9150,5.70850,0,
-20.6999,-3.9225,5.70867,0,
-20.6999,-3.9300,5.70883,0,
-20.7372,-3.9400,5.70900,0,
-20.7372,-3.9475,5.70917,0,
-20.7372,-3.9550,5.70933,0,
-20.7372,-3.9650,5.70950,0,
-20.7744,-3.9725,5.70967,0,
-20.7744,-3.9800,5.70983,0,
-20.8488,-3.9900,5.71000,0,
-20.8861,-3.9975,5.71017,0,
-20.9233,-4.0075,5.71033,0,
-20.9605,-4.0150,5.71050,0,
-20.9978,-4.0225,5.71067,0,
-20.9978,-4.0325,5.71083,0,
-21.0350,-4.0400,5.71100,0,
-21.0350,-4.0475,5.71117,0,
-21.0350,-4.0550,5.71133,0,
-21.0350,-4.0650,5.71150,0,
-21.0350,-4.0725,5.71167,0,
-21.0350,-4.0800,5.71183,0,
-21.0350,-4.0900,5.71200,0,
-21.0350,-4.0975,5.71217,0,
-21.0350,-4.1050,5.71233,0,
-21.0350,-4.1150,5.71250,0,
-21.0350,-4.1225,5.71267,0,
-21.0722,-4.1300,5.71283,0,
-21.1095,-4.1400,5.71300,0,
-21.1095,-4.1475,5.71317,0,
-21.1095,-4.1575,5.71333,0,
-21.1467,-4.1650,5.71350,0,
-21.1839,-4.1750,5.71367,0,
-21.2211,-4.1825,5.71383,0,
-21.2584,-4.1900,5.71400,0,
-21.2956,-4.2000,5.71417,0,
-21.3328,-4.2075,5.71433,0,
-21.3328,-4.2150,5.71450,0,
-21.3701,-4.2225,5.71467,0,
-21.4073,-4.2325,5.71483,0,
-21.4073,-4.2400,5.71500,0,
-21.4073,-4.2475,5.71517,0,
-21.4445,-4.2550,5.71533,0,
-21.4818,-4.2650,5.71550,0,
-21.5190,-4.2725,5.71567,0,
-21.5562,-4.2800,5.71583,0,
-21.5562,-4.2900,5.71600,0,
-21.5934,-4.2975,5.71617,0,
-21.6307,-4.3050,5.71633,0,
-21.5934,-4.3150,5.71650,0,
-21.5934,-4.3225,5.71667,0,
-21.6679,-4.3325,5.71683,0,
-21.6679,-4.3400,5.71700,0,
-21.6679,-4.3475,5.71717,0,
-21.6679,-4.3575,5.71733,0,
-21.6679,-4.3650,5.71750,0,
-21.6679,-4.3725,5.71767,0,
-21.6679,-4.3800,5.71783,0,
-21.6679,-4.3900,5.71800,0,
-21.6679,-4.3975,5.71817,0,
-21.6679,-4.4050,5.71833,0,
-21.6307,-4.4125,5.71850,0,
-21.5934,-4.4200,5.71867,0,
-21.6307,-4.4300,5.71883,0,
-21.5934,-4.4375,5.71900,0,
-21.5934,-4.4450,5.71917,0,
-21.5934,-4.4550,5.71933,0,
-21.5934,-4.4625,5.71950,0,
-21.5934,-4.4700,5.71967,0,
-21.5562,-4.4800,5.71983,0,
-21.5562,-4.4875,5.72000,0,
-21.4818,-4.4975,5.72017,0,
-21.4818,-4.5050,5.72033,0,
-21.4445,-4.5125,5.72050,0,
-21.4073,-4.5225,5.72067,0,
-21.4073,-4.5300,5.72083,0,
-21.4073,-4.5400,5.72100,0,
-21.4073,-4.5475,5.72117,0,
-21.4073,-4.5550,5.72133,0,
-21.4073,-4.5625,5.72150,0,
-21.4445,-4.5725,5.72167,0,
-21.4073,-4.5800,5.72183,0,
-21.4073,-4.5875,5.72200,0,
-21.4073,-4.5950,5.72217,0,
-21.4073,-4.6025,5.72233,0,
-21.4445,-4.6125,5.72250,0,
-21.4818,-4.6200,5.72267,0,
-21.4818,-4.6275,5.72283,0,
-21.5190,-4.6375,5.72300,0,
-21.5562,-4.6450,5.72317,0,
-21.5934,-4.6525,5.72333,0,
-21.6307,-4.6625,5.72350,0,
-21.6679,-4.6700,5.72367,0,
-21.6679,-4.6800,5.72383,0,
-21.6679,-4.6875,5.72400,0,
-21.6679,-4.6950,5.72417,0,
-21.6679,-4.7050,5.72433,0,
-21.6679,-4.7125,5.72450,0,
-21.6679,-4.7200,5.72467,0,
-21.6679,-4.7275,5.72483,0,
-21.7051,-4.7350,5.72500,0,
-21.7424,-4.7450,5.72517,0,
-21.7796,-4.7525,5.72533,0,
-21.8168,-4.7600,5.72550,0,
-21.8913,-4.7700,5.72567,0,
-21.9285,-4.7775,5.72583,0,
-21.8913,-4.7875,5.72600,0,
-21.9285,-4.7950,5.72617,0,
-21.9657,-4.8025,5.72633,0,
-21.9657,-4.8125,5.72650,0,
-22.0030,-4.8200,5.72667,0,
-22.0030,-4.8300,5.72683,0,
-22.0030,-4.8375,5.72700,0,
-22.0030,-4.8475,5.72717,0,
-22.0402,-4.8550,5.72733,0,
-22.0774,-4.8650,5.72750,0,
-22.0402,-4.8725,5.72767,0,
-22.0774,-4.8800,5.72783,0,
-22.1147,-4.8875,5.72800,0,
-22.1147,-4.8975,5.72817,0,
-22.1147,-4.9050,5.72833,0,
-22.1147,-4.9125,5.72850,0,
-22.1147,-4.9200,5.72867,0,
-22.0402,-4.9300,5.72883,0,
-22.0030,-4.9375,5.72900,0,
-21.9657,-4.9450,5.72917,0,
-21.9285,-4.9550,5.72933,0,
-21.9285,-4.9625,5.72950,0,
-21.8913,-4.9700,5.72967,0,
-21.8541,-4.9800,5.72983,0,
-21.8541,-4.9875,5.73000,0,
-21.7796,-4.9975,5.73017,0,
-21.7796,-5.0050,5.73033,0,
-21.7424,-5.0125,5.73050,0,
-21.7051,-5.0225,5.73067,0,
-21.6679,-5.0300,5.73083,0,
-21.6307,-5.0375,5.73100,0,
-21.5934,-5.0475,5.73117,0,
-21.5934,-5.0550,5.73133,0,
-21.5562,-5.0625,5.73150,0,
-21.5562,-5.0700,5.73167,0,
-21.5562,-5.0800,5.73183,0,
-21.5562,-5.0875,5.73200,0,
-21.5190,-5.0950,5.73217,0,
-21.5562,-5.1050,5.73233,0,
-21.5562,-5.1125,5.73250,0,
-21.5562,-5.1225,5.73267,0,
-21.5934,-5.1300,5.73283,0,
-21.6307,-5.1375,5.73300,0,
-21.6307,-5.1475,5.73317,0,
-21.6307,-5.1550,5.73333,0,
-21.6307,-5.1625,5.73350,0,
-21.6307,-5.1725,5.73367,0,
-21.5934,-5.1800,5.73383,0,
-21.5934,-5.1900,5.73400,0,
-21.5934,-5.1975,5.73417,0,
-21.5934,-5.2050,5.73433,0,
-21.5562,-5.2125,5.73450,0,
-21.5562,-5.2225,5.73467,0,
-21.5562,-5.2300,5.73483,0,
-21.5562,-5.2375,5.73500,0,
-21.5190,-5.2450,5.73517,0,
-21.5190,-5.2550,5.73533,0,
-21.5190,-5.2625,5.73550,0,
-21.5190,-5.2700,5.73567,0,
-21.5190,-5.2775,5.73583,0,
-21.5190,-5.2875,5.73600,0,
-21.5190,-5.2950,5.73617,0,
-21.5190,-5.3025,5.73633,0,
-21.5190,-5.3125,5.73650,0,
-21.5562,-5.3200,5.73667,0,
-21.5562,-5.3275,5.73683,0,
-21.5562,-5.3375,5.73700,0,
-21.5562,-5.3450,5.73717,0,
-21.5562,-5.3525,5.73733,0,
-21.5562,-5.3625,5.73750,0,
-21.5562,-5.3700,5.73767,0,
-21.5562,-5.3775,5.73783,0,
-21.5934,-5.3850,5.73800,0,
-21.5934,-5.3925,5.73817,0,
-21.5562,-5.4025,5.73833,0,
-21.5190,-5.4100,5.73850,0,
-21.4818,-5.4175,5.73867,0,
-21.4445,-5.4250,5.73883,0,
-21.4073,-5.4350,5.73900,0,
-21.4073,-5.4425,5.73917,0,
-21.3701,-5.4525,5.73933,0,
-21.3701,-5.4600,5.73950,0,
-21.4073,-5.4675,5.73967,0,
-21.4445,-5.4775,5.73983,0,
-21.4445,-5.4850,5.74000,0,
-21.4818,-5.4925,5.74017,0,
-21.4818,-5.5025,5.74033,0,
-21.5190,-5.5100,5.74050,0,
-21.4818,-5.5200,5.74067,0,
-21.4818,-5.5275,5.74083,0,
-21.4818,-5.5350,5.74100,0,
-21.4818,-5.5450,5.74117,0,
-21.4445,-5.5525,5.74133,0,
-21.4445,-5.5600,5.74150,0,
-21.4073,-5.5675,5.74167,0,
-21.4073,-5.5775,5.74183,0,
-21.3701,-5.5850,5.74200,0,
-21.3328,-5.5925,5.74217,0,
-21.2956,-5.6000,5.74233,0,
-21.2584,-5.6100,5.74250,0,
-21.2211,-5.6175,5.74267,0,
-21.1839,-5.6250,5.74283,0,
-21.1839,-5.6350,5.74300,0,
-21.1839,-5.6425,5.74317,0,
-21.1839,-5.6525,5.74333,0,
-21.2211,-5.6600,5.74350,0,
-21.1839,-5.6675,5.74367,0,
-21.1467,-5.6775,5.74383,0,
-21.1467,-5.6850,5.74400,0,
-21.1095,-5.6925,5.74417,0,
-21.0722,-5.7025,5.74433,0,
-21.0722,-5.7100,5.74450,0,
-21.0722,-5.7175,5.74467,0,
-21.0350,-5.7250,5.74483,0,
-21.0350,-5.7350,5.74500,0,
-21.0350,-5.7425,5.74517,0,
-21.0350,-5.7500,5.74533,0,
-21.0350,-5.7600,5.74550,0,
-20.9978,-5.7675,5.74567,0,
-20.9978,-5.7750,5.74583,0,
-20.9605,-5.7850,5.74600,0,
-20.9605,-5.7925,5.74617,0,
-20.9605,-5.8000,5.74633,0,
-20.9233,-5.8100,5.74650,0,
-20.8861,-5.8175,5.74667,0,
-20.8861,-5.8250,5.74683,0,
-20.8861,-5.8350,5.74700,0,
-20.8488,-5.8425,5.74717,0,
-20.8488,-5.8500,5.74733,0,
-20.8488,-5.8600,5.74750,0,
-20.8488,-5.8675,5.74767,0,
-20.8488,-5.8750,5.74783,0,
-20.8116,-5.8825,5.74800,0,
-20.8116,-5.8925,5.74817,0,
-20.8116,-5.9000,5.74833,0,
-20.8116,-5.9075,5.74850,0,
-20.8116,-5.9175,5.74867,0,
-20.8116,-5.9250,5.74883,0,
-20.8116,-5.9325,5.74900,0,
-20.8116,-5.9425,5.74917,0,
-20.8116,-5.9500,5.74933,0,
-20.8488,-5.9600,5.74950,0,
-20.8488,-5.9675,5.74967,0,
-20.8488,-5.9750,5.74983,0,
-20.8116,-5.9850,5.75000,0,
-20.7744,-5.9925,5.75017,0,
-20.7744,-6.0025,5.75033,0,
-20.7744,-6.0100,5.75050,0,
-20.7372,-6.0175,5.75067,0,
-20.7372,-6.0275,5.75083,0,
-20.6999,-6.0350,5.75100,0,
-20.6627,-6.0425,5.75117,0,
-20.6627,-6.0500,5.75133,0,
-20.6255,-6.0600,5.75150,0,
-20.6255,-6.0675,5.75167,0,
-20.5882,-6.0750,5.75183,0,
-20.5882,-6.0850,5.75200,0,
-20.5510,-6.0925,5.75217,0,
-20.5510,-6.1000,5.75233,0,
-20.5138,-6.1100,5.75250,0,
-20.5138,-6.1175,5.75267,0,
-20.5138,-6.1275,5.75283,0,
-20.4765,-6.1350,5.75300,0,
-20.4765,-6.1425,5.75317,0,
-20.4393,-6.1525,5.75333,0,
-20.4393,-6.1600,5.75350,0,
-20.4393,-6.1700,5.75367,0,
-20.4393,-6.1775,5.75383,0,
-20.4393,-6.1850,5.75400,0,
-20.4393,-6.1950,5.75417,0,
-20.4393,-6.2025,5.75433,0,
-20.4393,-6.2100,5.75450,0,
-20.4393,-6.2200,5.75467,0,
-20.4393,-6.2275,5.75483,0,
-20.4393,-6.2350,5.75500,0,
-20.4765,-6.2425,5.75517,0,
-20.4765,-6.2525,5.75533,0,
-20.4765,-6.2600,5.75550,0,
-20.4765,-6.2675,5.75567,0,
-20.5138,-6.2775,5.75583,0,
-20.5138,-6.2850,5.75600,0,
-20.5138,-6.2925,5.75617,0,
-20.5510,-6.3025,5.75633,0,
-20.5510,-6.3100,5.75650,0,
-20.5510,-6.3200,5.75667,0,
-20.5138,-6.3275,5.75683,0,
-20.5138,-6.3350,5.75700,0,
-20.4765,-6.3450,5.75717,0,
-20.4393,-6.3525,5.75733,0,
-20.4393,-6.3600,5.75750,0,
-20.4021,-6.3700,5.75767,0,
-20.4021,-6.3775,5.75783,0,
-20.4021,-6.3850,5.75800,0,
-20.3649,-6.3950,5.75817,0,
-20.3649,-6.4025,5.75833,0,
-20.3276,-6.4100,5.75850,0,
-20.3276,-6.4200,5.75867,0,
-20.2904,-6.4275,5.75883,0,
-20.2532,-6.4350,5.75900,0,
-20.2159,-6.4450,5.75917,0,
-20.2159,-6.4525,5.75933,0,
-20.1787,-6.4625,5.75950,0,
-20.1415,-6.4700,5.75967,0,
-20.1415,-6.4775,5.75983,0,
-20.1042,-6.4875,5.76000,0,
-20.0670,-6.4950,5.76017,0,
-20.0670,-6.5025,5.76033,0,
-20.0298,-6.5125,5.76050,0,
-19.9926,-6.5200,5.76067,0,
-19.9926,-6.5275,5.76083,0,
-19.9553,-6.5375,5.76100,0,
-19.9181,-6.5450,5.76117,0,
-19.9181,-6.5525,5.76133,0,
-19.9181,-6.5600,5.76150,0,
-19.8809,-6.5700,5.76167,0,
-19.8809,-6.5775,5.76183,0,
-19.8436,-6.5850,5.76200,0,
-19.8436,-6.5950,5.76217,0,
-19.8064,-6.6025,5.76233,0,
-19.8064,-6.6100,5.76250,0,
-19.8064,-6.6200,5.76267,0,
-19.8064,-6.6275,5.76283,0,
-19.8064,-6.6350,5.76300,0,
-19.8064,-6.6450,5.76317,0,
-19.8064,-6.6525,5.76333,0,
-19.8064,-6.6600,5.76350,0,
-19.8064,-6.6700,5.76367,0,
-19.8064,-6.6775,5.76383,0,
-19.8064,-6.6850,5.76400,0,
-19.8064,-6.6950,5.76417,0,
-19.7692,-6.7025,5.76433,0,
-19.7692,-6.7100,5.76450,0,
-19.7692,-6.7175,5.76467,0,
-19.7692,-6.7275,5.76483,0,
-19.7319,-6.7350,5.76500,0,
-19.7319,-6.7425,5.76517,0,
-19.6947,-6.7525,5.76533,0,
-19.6575,-6.7600,5.76550,0,
-19.6575,-6.7675,5.76567,0,
-19.6203,-6.7775,5.76583,0,
-19.6203,-6.7850,5.76600,0,
-19.5830,-6.7925,5.76617,0,
-19.5830,-6.8025,5.76633,0,
-19.5458,-6.8100,5.76650,0,
-19.5086,-6.8200,5.76667,0,
-19.5086,-6.8275,5.76683,0,
-19.4713,-6.8350,5.76700,0,
-19.4713,-6.8450,5.76717,0,
-19.4341,-6.8525,5.76733,0,
-19.3969,-6.8625,5.76750,0,
-19.3969,-6.8700,5.76767,0,
-19.3596,-6.8775,5.76783,0,
-19.3596,-6.8875,5.76800,0,
-19.3224,-6.8950,5.76817,0,
-19.3224,-6.9025,5.76833,0,
-19.2852,-6.9100,5.76850,0,
-19.2852,-6.9200,5.76867,0,
-19.2480,-6.9275,5.76883,0,
-19.2480,-6.9375,5.76900,0,
-19.2480,-6.9450,5.76917,0,
-19.2480,-6.9525,5.76933,0,
-19.2107,-6.9625,5.76950,0,
-19.2107,-6.9700,5.76967,0,
-19.2107,-6.9775,5.76983,0,
-19.1735,-6.9875,5.77000,0,
-19.1735,-6.9950,5.77017,0,
-19.1363,-7.0025,5.77033,0,
-19.1363,-7.0125,5.77050,0,
-19.0990,-7.0200,5.77067,0,
-19.0990,-7.0275,5.77083,0,
-19.0618,-7.0375,5.77100,0,
-19.0618,-7.0450,5.77117,0,
-19.0618,-7.0525,5.77133,0,
-19.0618,-7.0600,5.77150,0,
-19.0246,-7.0700,5.77167,0,
-19.0246,-7.0775,5.77183,0,
-19.0246,-7.0850,5.77200,0,
-19.0246,-7.0925,5.77217,0,
-18.9873,-7.1025,5.77233,0,
-19.0246,-7.1100,5.77250,0,
-19.0246,-7.1200,5.77267,0,
-19.0246,-7.1275,5.77283,0,
-19.0246,-7.1350,5.77300,0,
-19.0246,-7.1450,5.77317,0,
-18.9873,-7.1525,5.77333,0,
-18.9873,-7.1600,5.77350,0,
-18.9501,-7.1700,5.77367,0,
-18.9129,-7.1775,5.77383,0,
-18.8757,-7.1875,5.77400,0,
-18.8757,-7.1950,5.77417,0,
-18.8757,-7.2050,5.77433,0,
-18.8757,-7.2125,5.77450,0,
-18.8757,-7.2200,5.77467,0,
-18.8757,-7.2300,5.77483,0,
-18.8757,-7.2375,5.77500,0,
-18.8757,-7.2450,5.77517,0,
-18.8757,-7.2550,5.77533,0,
-18.8757,-7.2625,5.77550,0,
-18.8757,-7.2700,5.77567,0,
-18.8384,-7.2800,5.77583,0,
-18.8384,-7.2875,5.77600,0,
-18.8384,-7.2950,5.77617,0,
-18.8384,-7.3050,5.77633,0,
-18.8384,-7.3125,5.77650,0,
-18.8384,-7.3225,5.77667,0,
-18.8757,-7.3300,5.77683,0,
-18.9129,-7.3375,5.77700,0,
-18.9129,-7.3475,5.77717,0,
-18.9501,-7.3550,5.77733,0,
-18.9873,-7.3625,5.77750,0,
-18.9501,-7.3725,5.77767,0,
-18.8757,-7.3800,5.77783,0,
-18.8757,-7.3875,5.77800,0,
-18.8757,-7.3950,5.77817,0,
-18.8757,-7.4050,5.77833,0,
-18.8384,-7.4125,5.77850,0,
-18.8012,-7.4200,5.77867,0,
-18.7640,-7.4300,5.77883,0,
-18.7640,-7.4375,5.77900,0,
-18.7267,-7.4450,5.77917,0,
-18.7267,-7.4550,5.77933,0,
-18.6895,-7.4625,5.77950,0,
-18.6895,-7.4725,5.77967,0,
-18.6895,-7.4800,5.77983,0,
-18.6895,-7.4900,5.78000,0,
-18.7267,-7.4975,5.78017,0,
-18.6895,-7.5075,5.78033,0,
-18.6523,-7.5150,5.78050,0,
-18.6523,-7.5225,5.78067,0,
-18.6523,-7.5325,5.78083,0,
-18.6523,-7.5400,5.78100,0,
-18.6523,-7.5475,5.78117,0,
-18.6523,-7.5575,5.78133,0,
-18.6523,-7.5650,5.78150,0,
-18.6523,-7.5725,5.78167,0,
-18.6895,-7.5825,5.78183,0,
-18.6895,-7.5900,5.78200,0,
-18.7267,-7.5975,5.78217,0,
-18.7267,-7.6075,5.78233,0,
-18.7267,-7.6150,5.78250,0,
-18.6895,-7.6225,5.78267,0,
-18.6895,-7.6325,5.78283,0,
-18.6523,-7.6400,5.78300,0,
-18.5778,-7.6500,5.78317,0,
-18.5406,-7.6575,5.78333,0,
-18.5406,-7.6675,5.78350,0,
-18.5033,-7.6750,5.78367,0,
-18.5033,-7.6825,5.78383,0,
-18.4661,-7.6900,5.78400,0,
-18.4289,-7.7000,5.78417,0,
-18.4289,-7.7075,5.78433,0,
-18.3917,-7.7150,5.78450,0,
-18.3917,-7.7250,5.78467,0,
-18.3544,-7.7325,5.78483,0,
-18.2800,-7.7400,5.78500,0,
-18.2800,-7.7500,5.78517,0,
-18.2427,-7.7575,5.78533,0,
-18.2427,-7.7650,5.78550,0,
-18.2055,-7.7750,5.78567,0,
-18.2055,-7.7825,5.78583,0,
-18.2055,-7.7925,5.78600,0,
-18.2055,-7.8000,5.78617,0,
-18.2055,-7.8100,5.78633,0,
-18.2055,-7.8175,5.78650,0,
-18.1683,-7.8275,5.78667,0,
-18.1311,-7.8350,5.78683,0,
-18.0938,-7.8450,5.78700,0,
-18.0566,-7.8525,5.78717,0,
-18.0566,-7.8600,5.78733,0,
-18.0194,-7.8700,5.78750,0,
-18.0194,-7.8775,5.78767,0,
-18.0194,-7.8875,5.78783,0,
-17.9821,-7.8950,5.78800,0,
-17.9449,-7.9025,5.78817,0,
-17.9449,-7.9100,5.78833,0,
-17.9449,-7.9200,5.78850,0,
-17.9449,-7.9275,5.78867,0,
-17.9077,-7.9350,5.78883,0,
-17.9077,-7.9450,5.78900,0,
-17.8332,-7.9525,5.78917,0,
-17.7960,-7.9600,5.78933,0,
-17.7960,-7.9700,5.78950,0,
-17.7587,-7.9775,5.78967,0,
-17.7215,-7.9875,5.78983,0,
-17.6843,-7.9950,5.79000,0,
-17.6471,-8.0050,5.79017,0,
-17.6098,-8.0125,5.79033,0,
-17.6098,-8.0200,5.79050,0,
-17.5726,-8.0300,5.79067,0,
-17.5726,-8.0375,5.79083,0,
-17.5354,-8.0450,5.79100,0,
-17.5354,-8.0550,5.79117,0,
-17.4981,-8.0625,5.79133,0,
-17.4981,-8.0700,5.79150,0,
-17.4981,-8.0775,5.79167,0,
-17.4609,-8.0875,5.79183,0,
-17.4237,-8.0950,5.79200,0,
-17.4237,-8.1050,5.79217,0,
-17.3864,-8.1125,5.79233,0,
-17.3864,-8.1225,5.79250,0,
-17.3492,-8.1300,5.79267,0,
-17.3492,-8.1400,5.79283,0,
-17.3120,-8.1475,5.79300,0,
-17.3120,-8.1575,5.79317,0,
-17.3120,-8.1650,5.79333,0,
-17.2748,-8.1750,5.79350,0,
-17.2375,-8.1825,5.79367,0,
-17.2375,-8.1900,5.79383,0,
-17.2003,-8.2000,5.79400,0,
-17.2003,-8.2075,5.79417,0,
-17.1631,-8.2150,5.79433,0,
-17.1631,-8.2250,5.79450,0,
-17.1631,-8.2325,5.79467,0,
-17.1258,-8.2400,5.79483,0,
-17.1258,-8.2475,5.79500,0,
-17.1258,-8.2575,5.79517,0,
-17.1258,-8.2650,5.79533,0,
-17.1631,-8.2725,5.79550,0,
-17.1631,-8.2825,5.79567,0,
-17.1631,-8.2900,5.79583,0,
-17.1631,-8.2975,5.79600,0,
-17.1631,-8.3075,5.79617,0,
-17.2003,-8.3150,5.79633,0,
-17.2003,-8.3250,5.79650,0,
-17.2003,-8.3325,5.79667,0,
-17.2003,-8.3425,5.79683,0,
-17.2003,-8.3500,5.79700,0,
-17.2003,-8.3575,5.79717,0,
-17.1631,-8.3675,5.79733,0,
-17.1258,-8.3750,5.79750,0,
-17.1258,-8.3825,5.79767,0,
-17.1258,-8.3900,5.79783,0,
-17.0886,-8.4000,5.79800,0,
-17.0886,-8.4075,5.79817,0,
-17.0886,-8.4150,5.79833,0,
-17.0514,-8.4225,5.79850,0,
-17.0514,-8.4325,5.79867,0,
-17.0141,-8.4400,5.79883,0,
-17.0141,-8.4500,5.79900,0,
-16.9769,-8.4575,5.79917,0,
-16.9769,-8.4675,5.79933,0,
-16.9769,-8.4750,5.79950,0,
-16.9397,-8.4850,5.79967,0,
-16.9025,-8.4925,5.79983,0,
-16.9025,-8.5025,5.80000,0,
-16.8280,-8.5100,5.80017,0,
-16.8280,-8.5175,5.80033,0,
-16.8652,-8.5275,5.80050,0,
-16.8280,-8.5375,5.80067,0,
-16.8280,-8.5450,5.80083,0,
-16.7908,-8.5525,5.80100,0,
-16.7908,-8.5625,5.80117,0,
-16.7908,-8.5700,5.80133,0,
-16.7535,-8.5775,5.80150,0,
-16.7535,-8.5850,5.80167,0,
-16.7163,-8.5950,5.80183,0,
-16.7163,-8.6025,5.80200,0,
-16.7163,-8.6100,5.80217,0,
-16.7163,-8.6200,5.80233,0,
-16.6791,-8.6275,5.80250,0,
-16.7163,-8.6350,5.80267,0,
-16.6791,-8.6450,5.80283,0,
-16.6791,-8.6525,5.80300,0,
-16.6791,-8.6600,5.80317,0,
-16.6791,-8.6700,5.80333,0,
-16.6791,-8.6775,5.80350,0,
-16.6791,-8.6850,5.80367,0,
-16.6791,-8.6950,5.80383,0,
-16.6418,-8.7025,5.80400,0,
-16.6418,-8.7100,5.80417,0,
-16.6418,-8.7200,5.80433,0,
-16.6418,-8.7275,5.80450,0,
-16.6046,-8.7350,5.80467,0,
-16.6046,-8.7425,5.80483,0,
-16.6046,-8.7525,5.80500,0,
-16.6046,-8.7600,5.80517,0,
-16.6046,-8.7675,5.80533,0,
-16.5674,-8.7775,5.80550,0,
-16.5674,-8.7850,5.80567,0,
-16.5674,-8.7950,5.80583,0,
-16.5674,-8.8025,5.80600,0,
-16.5674,-8.8125,5.80617,0,
-16.5302,-8.8200,5.80633,0,
-16.5302,-8.8275,5.80650,0,
-16.4929,-8.8375,5.80667,0,
-16.4557,-8.8450,5.80683,0,
-16.4185,-8.8525,5.80700,0,
-16.3812,-8.8625,5.80717,0,
-16.3440,-8.8700,5.80733,0,
-16.3440,-8.8775,5.80750,0,
-16.3068,-8.8875,5.80767,0,
-16.2695,-8.8950,5.80783,0,
-16.2695,-8.9025,5.80800,0,
-16.2323,-8.9100,5.80817,0,
-16.1951,-8.9200,5.80833,0,
-16.1951,-8.9275,5.80850,0,
-16.1579,-8.9350,5.80867,0,
-16.1579,-8.9425,5.80883,0,
-16.1579,-8.9525,5.80900,0,
-16.1206,-8.9600,5.80917,0,
-16.0834,-8.9675,5.80933,0,
-16.0834,-8.9775,5.80950,0,
-16.0834,-8.9850,5.80967,0,
-16.0462,-8.9950,5.80983,0,
-16.0089,-9.0025,5.81000,0,
-15.9717,-9.0125,5.81017,0,
-15.9717,-9.0200,5.81033,0,
-15.9717,-9.0275,5.81050,0,
-15.9345,-9.0375,5.81067,0,
-15.9345,-9.0450,5.81083,0,
-15.9345,-9.0525,5.81100,0,
-15.8972,-9.0600,5.81117,0,
-15.8972,-9.0675,5.81133,0,
-15.8972,-9.0750,5.81150,0,
-15.8600,-9.0850,5.81167,0,
-15.8600,-9.0925,5.81183,0,
-15.8228,-9.1000,5.81200,0,
-15.8228,-9.1100,5.81217,0,
-15.7856,-9.1175,5.81233,0,
-15.7856,-9.1275,5.81250,0,
-15.7856,-9.1350,5.81267,0,
-15.7483,-9.1450,5.81283,0,
-15.7483,-9.1525,5.81300,0,
-15.7483,-9.1625,5.81317,0,
-15.7111,-9.1700,5.81333,0,
-15.7111,-9.1775,5.81350,0,
-15.6739,-9.1875,5.81367,0,
-15.6739,-9.1950,5.81383,0,
-15.6739,-9.2025,5.81400,0,
-15.6366,-9.2125,5.81417,0,
-15.6366,-9.2200,5.81433,0,
-15.6366,-9.2275,5.81450,0,
-15.5994,-9.2350,5.81467,0,
-15.5994,-9.2425,5.81483,0,
-15.5622,-9.2525,5.81500,0,
-15.5622,-9.2600,5.81517,0,
-15.5249,-9.2675,5.81533,0,
-15.5249,-9.2775,5.81550,0,
-15.5249,-9.2850,5.81567,0,
-15.4877,-9.2925,5.81583,0,
-15.4877,-9.3025,5.81600,0,
-15.4505,-9.3125,5.81617,0,
-15.4505,-9.3200,5.81633,0,
-15.4505,-9.3300,5.81650,0,
-15.4505,-9.3375,5.81667,0,
-15.4133,-9.3475,5.81683,0,
-15.4133,-9.3550,5.81700,0,
-15.4133,-9.3625,5.81717,0,
-15.4133,-9.3725,5.81733,0,
-15.4133,-9.3800,5.81750,0,
-15.4133,-9.3875,5.81767,0,
-15.4133,-9.3950,5.81783,0,
-15.3760,-9.4025,5.81800,0,
-15.3760,-9.4100,5.81817,0,
-15.3760,-9.4200,5.81833,0,
-15.3388,-9.4275,5.81850,0,
-15.3388,-9.4375,5.81867,0,
-15.3388,-9.4450,5.81883,0,
-15.3016,-9.4550,5.81900,0,
-15.3016,-9.4625,5.81917,0,
-15.3016,-9.4725,5.81933,0,
-15.3016,-9.4800,5.81950,0,
-15.3016,-9.4900,5.81967,0,
-15.3016,-9.4975,5.81983,0,
-15.3016,-9.5050,5.82000,0,
-15.2643,-9.5150,5.82017,0,
-15.2643,-9.5225,5.82033,0,
-15.2643,-9.5325,5.82050,0,
-15.2271,-9.5400,5.82067,0,
-15.2271,-9.5475,5.82083,0,
-15.1899,-9.5575,5.82100,0,
-15.1899,-9.5650,5.82117,0,
-15.1526,-9.5725,5.82133,0,
-15.1526,-9.5800,5.82150,0,
-15.1526,-9.5900,5.82167,0,
-15.1526,-9.5975,5.82183,0,
-15.1154,-9.6050,5.82200,0,
-15.1154,-9.6150,5.82217,0,
-15.1154,-9.6225,5.82233,0,
-15.1154,-9.6300,5.82250,0,
-15.1154,-9.6400,5.82267,0,
-15.0782,-9.6475,5.82283,0,
-15.0410,-9.6575,5.82300,0,
-15.0410,-9.6650,5.82317,0,
-15.0410,-9.6750,5.82333,0,
-15.0037,-9.6825,5.82350,0,
-15.0037,-9.6900,5.82367,0,
-14.9665,-9.6975,5.82383,0,
-14.9665,-9.7075,5.82400,0,
-14.9665,-9.7150,5.82417,0,
-14.9293,-9.7225,5.82433,0,
-14.9293,-9.7300,5.82450,0,
-14.8920,-9.7375,5.82467,0,
-14.8920,-9.7475,5.82483,0,
-14.8920,-9.7550,5.82500,0,
-14.8920,-9.7625,5.82517,0,
-14.8920,-9.7725,5.82533,0,
-14.8920,-9.7800,5.82550,0,
-14.8920,-9.7875,5.82567,0,
-14.8548,-9.7975,5.82583,0,
-14.8548,-9.8050,5.82600,0,
-14.8548,-9.8125,5.82617,0,
-14.8548,-9.8225,5.82633,0,
-14.8548,-9.8300,5.82650,0,
-14.8920,-9.8400,5.82667,0,
-14.8920,-9.8475,5.82683,0,
-14.8920,-9.8550,5.82700,0,
-14.8548,-9.8650,5.82717,0,
-14.8548,-9.8725,5.82733,0,
-14.8548,-9.8800,5.82750,0,
-14.8548,-9.8875,5.82767,0,
-14.8548,-9.8975,5.82783,0,
-14.8176,-9.9050,5.82800,0,
-14.8176,-9.9125,5.82817,0,
-14.8176,-9.9200,5.82833,0,
-14.8176,-9.9275,5.82850,0,
-14.8176,-9.9375,5.82867,0,
-14.8176,-9.9450,5.82883,0,
-14.7803,-9.9525,5.82900,0,
-14.7431,-9.9625,5.82917,0,
-14.7431,-9.9700,5.82933,0,
-14.7059,-9.9800,5.82950,0,
-14.6687,-9.9875,5.82967,0,
-14.6687,-9.9950,5.82983,0,
-14.6314,-10.0050,5.83000,0,
-14.6314,-10.0125,5.83017,0,
-14.6314,-10.0200,5.83033,0,
-14.6314,-10.0300,5.83050,0,
-14.5942,-10.0375,5.83067,0,
-14.5942,-10.0450,5.83083,0,
-14.5570,-10.0525,5.83100,0,
-14.5570,-10.0600,5.83117,0,
-14.5570,-10.0700,5.83133,0,
-14.5570,-10.0775,5.83150,0,
-14.5570,-10.0850,5.83167,0,
-14.5570,-10.0925,5.83183,0,
-14.5197,-10.1025,5.83200,0,
-14.5197,-10.1100,5.83217,0,
-14.5197,-10.1200,5.83233,0,
-14.4825,-10.1275,5.83250,0,
-14.4825,-10.1350,5.83267,0,
-14.4453,-10.1450,5.83283,0,
-14.4453,-10.1525,5.83300,0,
-14.4453,-10.1600,5.83317,0,
-14.4080,-10.1700,5.83333,0,
-14.4080,-10.1775,5.83350,0,
-14.3708,-10.1875,5.83367,0,
-14.3708,-10.1950,5.83383,0,
-14.3336,-10.2025,5.83400,0,
-14.3336,-10.2125,5.83417,0,
-14.3336,-10.2200,5.83433,0,
-14.2964,-10.2275,5.83450,0,
-14.2964,-10.2350,5.83467,0,
-14.2964,-10.2425,5.83483,0,
-14.2591,-10.2525,5.83500,0,
-14.2591,-10.2600,5.83517,0,
-14.2219,-10.2675,5.83533,0,
-14.2219,-10.2775,5.83550,0,
-14.1847,-10.2850,5.83567,0,
-14.1847,-10.2925,5.83583,0,
-14.1847,-10.3025,5.83600,0,
-14.1847,-10.3100,5.83617,0,
-14.1847,-10.3200,5.83633,0,
-14.1474,-10.3275,5.83650,0,
-14.1474,-10.3375,5.83667,0,
-14.1474,-10.3450,5.83683,0,
-14.1102,-10.3525,5.83700,0,
-14.1102,-10.3625,5.83717,0,
-14.1102,-10.3700,5.83733,0,
-14.0730,-10.3775,5.83750,0,
-14.0730,-10.3875,5.83767,0,
-14.0357,-10.3950,5.83783,0,
-14.0357,-10.4025,5.83800,0,
-13.9985,-10.4100,5.83817,0,
-13.9613,-10.4200,5.83833,0,
-13.9240,-10.4275,5.83850,0,
-13.9240,-10.4350,5.83867,0,
-13.9240,-10.4450,5.83883,0,
-13.8868,-10.4525,5.83900,0,
-13.8868,-10.4625,5.83917,0,
-13.8868,-10.4700,5.83933,0,
-13.8496,-10.4800,5.83950,0,
-13.8496,-10.4875,5.83967,0,
-13.8124,-10.4950,5.83983,0,
-13.8124,-10.5050,5.84000,0,
-13.8124,-10.5125,5.84017,0,
-13.7751,-10.5200,5.84033,0,
-13.7751,-10.5300,5.84050,0,
-13.7751,-10.5375,5.84067,0,
-13.7379,-10.5450,5.84083,0,
-13.7379,-10.5550,5.84100,0,
-13.7379,-10.5625,5.84117,0,
-13.7379,-10.5700,5.84133,0,
-13.7007,-10.5775,5.84150,0,
-13.7007,-10.5875,5.84167,0,
-13.7007,-10.5950,5.84183,0,
-13.7007,-10.6025,5.84200,0,
-13.7007,-10.6125,5.84217,0,
-13.6634,-10.6200,5.84233,0,
-13.6634,-10.6300,5.84250,0,
-13.6634,-10.6375,5.84267,0,
-13.6262,-10.6475,5.84283,0,
-13.6262,-10.6550,5.84300,0,
-13.6262,-10.6625,5.84317,0,
-13.6262,-10.6725,5.84333,0,
-13.6262,-10.6800,5.84350,0,
-13.6262,-10.6875,5.84367,0,
-13.5890,-10.6975,5.84383,0,
-13.5890,-10.7050,5.84400,0,
-13.5518,-10.7125,5.84417,0,
-13.5518,-10.7200,5.84433,0,
-13.5518,-10.7300,5.84450,0,
-13.5145,-10.7375,5.84467,0,
-13.5145,-10.7450,5.84483,0,
-13.4773,-10.7525,5.84500,0,
-13.4773,-10.7625,5.84517,0,
-13.4773,-10.7700,5.84533,0,
-13.4773,-10.7800,5.84550,0,
-13.4401,-10.7875,5.84567,0,
-13.4401,-10.7950,5.84583,0,
-13.4401,-10.8050,5.84600,0,
-13.4028,-10.8125,5.84617,0,
-13.4028,-10.8200,5.84633,0,
-13.4028,-10.8275,5.84650,0,
-13.4028,-10.8375,5.84667,0,
-13.4028,-10.8450,5.84683,0,
-13.4028,-10.8525,5.84700,0,
-13.3656,-10.8625,5.84717,0,
-13.3656,-10.8700,5.84733,0,
-13.3656,-10.8775,5.84750,0,
-13.3656,-10.8850,5.84767,0,
-13.3656,-10.8925,5.84783,0,
-13.3656,-10.9025,5.84800,0,
-13.3284,-10.9100,5.84817,0,
-13.3284,-10.9175,5.84833,0,
-13.3284,-10.9275,5.84850,0,
-13.3284,-10.9350,5.84867,0,
-13.3284,-10.9425,5.84883,0,
-13.3284,-10.9500,5.84900,0,
-13.3284,-10.9600,5.84917,0,
-13.3284,-10.9675,5.84933,0,
-13.3284,-10.9750,5.84950,0,
-13.2911,-10.9850,5.84967,0,
-13.2911,-10.9925,5.84983,0,
-13.2911,-11.0025,5.85000,0,
-13.2911,-11.0100,5.85017,0,
-13.2911,-11.0175,5.85033,0,
-13.2911,-11.0250,5.85050,0,
-13.2911,-11.0350,5.85067,0,
-13.2539,-11.0425,5.85083,0,
-13.2539,-11.0500,5.85100,0,
-13.2539,-11.0575,5.85117,0,
-13.2539,-11.0650,5.85133,0,
-13.2539,-11.0750,5.85150,0,
-13.2167,-11.0825,5.85167,0,
-13.2167,-11.0900,5.85183,0,
-13.2167,-11.1000,5.85200,0,
-13.2167,-11.1075,5.85217,0,
-13.2167,-11.1150,5.85233,0,
-13.1794,-11.1250,5.85250,0,
-13.1794,-11.1325,5.85267,0,
-13.1794,-11.1425,5.85283,0,
-13.1422,-11.1500,5.85300,0,
-13.1422,-11.1575,5.85317,0,
-13.1050,-11.1675,5.85333,0,
-13.1050,-11.1750,5.85350,0,
-13.0678,-11.1825,5.85367,0,
-13.0678,-11.1925,5.85383,0,
-13.0678,-11.2000,5.85400,0,
-13.0305,-11.2075,5.85417,0,
-13.0305,-11.2150,5.85433,0,
-12.9933,-11.2250,5.85450,0,
-12.9561,-11.2325,5.85467,0,
-12.9561,-11.2400,5.85483,0,
-12.9188,-11.2475,5.85500,0,
-12.9188,-11.2575,5.85517,0,
-12.8816,-11.2650,5.85533,0,
-12.8444,-11.2725,5.85550,0,
-12.8444,-11.2825,5.85567,0,
-12.8071,-11.2900,5.85583,0,
-12.8071,-11.2975,5.85600,0,
-12.8071,-11.3075,5.85617,0,
-12.8071,-11.3150,5.85633,0,
-12.7699,-11.3250,5.85650,0,
-12.7699,-11.3325,5.85667,0,
-12.7699,-11.3425,5.85683,0,
-12.7327,-11.3500,5.85700,0,
-12.7327,-11.3575,5.85717,0,
-12.7327,-11.3675,5.85733,0,
-12.7327,-11.3750,5.85750,0,
-12.6955,-11.3825,5.85767,0,
-12.6955,-11.3900,5.85783,0,
-12.6955,-11.4000,5.85800,0,
-12.6582,-11.4075,5.85817,0,
-12.6582,-11.4150,5.85833,0,
-12.6582,-11.4250,5.85850,0,
-12.6210,-11.4325,5.85867,0,
-12.6210,-11.4400,5.85883,0,
-12.5838,-11.4500,5.85900,0,
-12.5838,-11.4575,5.85917,0,
-12.5465,-11.4675,5.85933,0,
-12.5465,-11.4750,5.85950,0,
-12.5465,-11.4850,5.85967,0,
-12.5093,-11.4925,5.85983,0,
-12.5093,-11.5000,5.86000,0,
-12.5093,-11.5100,5.86017,0,
-12.4721,-11.5175,5.86033,0,
-12.4721,-11.5250,5.86050,0,
-12.4721,-11.5350,5.86067,0,
-12.4348,-11.5425,5.86083,0,
-12.4348,-11.5500,5.86100,0,
-12.4348,-11.5600,5.86117,0,
-12.4348,-11.5675,5.86133,0,
-12.4348,-11.5750,5.86150,0,
-12.4348,-11.5850,5.86167,0,
-12.4348,-11.5925,5.86183,0,
-12.4348,-11.6000,5.86200,0,
-12.4348,-11.6100,5.86217,0,
-12.4348,-11.6175,5.86233,0,
-12.4348,-11.6275,5.86250,0,
-12.4348,-11.6350,5.86267,0,
-12.4348,-11.6425,5.86283,0,
-12.4348,-11.6525,5.86300,0,
-12.4348,-11.6600,5.86317,0,
-12.4348,-11.6700,5.86333,0,
-12.3976,-11.6775,5.86350,0,
-12.3976,-11.6850,5.86367,0,
-12.3976,-11.6950,5.86383,0,
-12.3604,-11.7025,5.86400,0,
-12.3604,-11.7100,5.86417,0,
-12.3604,-11.7175,5.86433,0,
-12.3604,-11.7275,5.86450,0,
-12.3232,-11.7350,5.86467,0,
-12.3232,-11.7425,5.86483,0,
-12.3232,-11.7500,5.86500,0,
-12.3232,-11.7575,5.86517,0,
-12.3232,-11.7675,5.86533,0,
-12.3232,-11.7750,5.86550,0,
-12.3232,-11.7825,5.86567,0,
-12.2859,-11.7925,5.86583,0,
-12.2859,-11.8000,5.86600,0,
-12.2859,-11.8100,5.86617,0,
-12.2859,-11.8175,5.86633,0,
-12.2487,-11.8250,5.86650,0,
-12.2487,-11.8350,5.86667,0,
-12.2487,-11.8425,5.86683,0,
-12.2487,-11.8500,5.86700,0,
-12.2487,-11.8600,5.86717,0,
-12.2487,-11.8675,5.86733,0,
-12.2487,-11.8750,5.86750,0,
-12.2115,-11.8825,5.86767,0,
-12.2115,-11.8925,5.86783,0,
-12.2115,-11.9000,5.86800,0,
-12.1742,-11.9075,5.86817,0,
-12.1742,-11.9150,5.86833,0,
-12.1742,-11.9250,5.86850,0,
-12.1742,-11.9325,5.86867,0,
-12.1370,-11.9400,5.86883,0,
-12.1370,-11.9500,5.86900,0,
-12.1370,-11.9575,5.86917,0,
-12.1370,-11.9650,5.86933,0,
-12.1370,-11.9750,5.86950,0,
-12.0998,-11.9825,5.86967,0,
-12.0998,-11.9925,5.86983,0,
-12.0998,-12.0000,5.87000,0,
-12.0998,-12.0075,5.87017,0,
-12.0625,-12.0175,5.87033,0,
-12.0625,-12.0250,5.87050,0,
-12.0625,-12.0325,5.87067,0,
-12.0253,-12.0400,5.87083,0,
-12.0253,-12.0500,5.87100,0,
-12.0253,-12.0575,5.87117,0,
-11.9881,-12.0650,5.87133,0,
-11.9881,-12.0725,5.87150,0,
-11.9881,-12.0800,5.87167,0,
-11.9881,-12.0900,5.87183,0,
-11.9509,-12.0975,5.87200,0,
-11.9509,-12.1050,5.87217,0,
-11.9509,-12.1150,5.87233,0,
-11.9509,-12.1225,5.87250,0,
-11.9509,-12.1300,5.87267,0,
-11.9509,-12.1400,5.87283,0,
-11.9136,-12.1475,5.87300,0,
-11.9136,-12.1575,5.87317,0,
-11.9136,-12.1650,5.87333,0,
-11.9136,-12.1725,5.87350,0,
-11.9136,-12.1825,5.87367,0,
-11.9136,-12.1900,5.87383,0,
-11.8764,-12.1975,5.87400,0,
-11.8764,-12.2050,5.87417,0,
-11.8764,-12.2125,5.87433,0,
-11.8764,-12.2225,5.87450,0,
-11.8764,-12.2300,5.87467,0,
-11.8392,-12.2375,5.87483,0,
-11.8392,-12.2450,5.87500,0,
-11.8392,-12.2550,5.87517,0,
-11.8392,-12.2625,5.87533,0,
-11.8392,-12.2700,5.87550,0,
-11.8392,-12.2800,5.87567,0,
-11.8392,-12.2875,5.87583,0,
-11.8392,-12.2975,5.87600,0,
-11.8392,-12.3050,5.87617,0,
-11.8019,-12.3125,5.87633,0,
-11.8019,-12.3225,5.87650,0,
-11.8019,-12.3300,5.87667,0,
-11.8019,-12.3400,5.87683,0,
-11.7647,-12.3475,5.87700,0,
-11.7647,-12.3550,5.87717,0,
-11.7647,-12.3650,5.87733,0,
-11.7647,-12.3725,5.87750,0,
-11.7647,-12.3800,5.87767,0,
-11.7647,-12.3875,5.87783,0,
-11.7647,-12.3975,5.87800,0,
-11.7275,-12.4050,5.87817,0,
-11.7275,-12.4125,5.87833,0,
-11.7275,-12.4225,5.87850,0,
-11.7275,-12.4300,5.87867,0,
-11.7275,-12.4375,5.87883,0,
-11.7275,-12.4475,5.87900,0,
-11.7275,-12.4575,5.87917,0,
-11.7275,-12.4650,5.87933,0,
-11.6902,-12.4750,5.87950,0,
-11.6902,-12.4825,5.87967,0,
-11.6902,-12.4900,5.87983,0,
-11.6902,-12.5000,5.88000,0,
-11.6530,-12.5075,5.88017,0,
-11.6530,-12.5175,5.88033,0,
-11.6902,-12.5250,5.88050,0,
-11.6902,-12.5325,5.88067,0,
-11.6530,-12.5425,5.88083,0,
-11.6530,-12.5500,5.88100,0,
-11.6530,-12.5575,5.88117,0,
-11.6530,-12.5675,5.88133,0,
-11.6530,-12.5750,5.88150,0,
-11.6158,-12.5825,5.88167,0,
-11.6158,-12.5900,5.88183,0,
-11.6158,-12.6000,5.88200,0,
-11.6158,-12.6075,5.88217,0,
-11.6158,-12.6175,5.88233,0,
-11.5786,-12.6250,5.88250,0,
-11.5786,-12.6325,5.88267,0,
-11.5786,-12.6425,5.88283,0,
-11.5786,-12.6500,5.88300,0,
-11.5786,-12.6600,5.88317,0,
-11.5786,-12.6675,5.88333,0,
-11.5786,-12.6775,5.88350,0,
-11.5413,-12.6850,5.88367,0,
-11.5413,-12.6925,5.88383,0,
-11.5413,-12.7025,5.88400,0,
-11.5413,-12.7100,5.88417,0,
-11.5413,-12.7175,5.88433,0,
-11.5413,-12.7250,5.88450,0,
-11.5413,-12.7350,5.88467,0,
-11.5413,-12.7425,5.88483,0,
-11.5413,-12.7500,5.88500,0,
-11.5413,-12.7575,5.88517,0,
-11.5413,-12.7675,5.88533,0,
-11.5413,-12.7750,5.88550,0,
-11.5786,-12.7850,5.88567,0,
-11.5786,-12.7925,5.88583,0,
-11.5786,-12.8000,5.88600,0,
-11.5786,-12.8100,5.88617,0,
-11.5786,-12.8175,5.88633,0,
-11.5786,-12.8275,5.88650,0,
-11.5786,-12.8350,5.88667,0,
-11.5786,-12.8450,5.88683,0,
-11.5413,-12.8525,5.88700,0,
-11.5786,-12.8600,5.88717,0,
-11.5786,-12.8700,5.88733,0,
-11.5786,-12.8775,5.88750,0,
-11.5786,-12.8850,5.88767,0,
-11.5786,-12.8950,5.88783,0,
-11.5786,-12.9025,5.88800,0,
-11.5786,-12.9100,5.88817,0,
-11.6158,-12.9200,5.88833,0,
-11.6158,-12.9275,5.88850,0,
-11.6158,-12.9350,5.88867,0,
-11.6158,-12.9450,5.88883,0,
-11.6158,-12.9525,5.88900,0,
-11.6530,-12.9600,5.88917,0,
-11.6530,-12.9700,5.88933,0,
-11.6530,-12.9775,5.88950,0,
-11.6530,-12.9875,5.88967,0,
-11.6530,-12.9950,5.88983,0,
-11.6530,-13.0050,5.89000,0,
-11.6530,-13.0125,5.89017,0,
-11.6158,-13.0200,5.89033,0,
-11.6158,-13.0300,5.89050,0,
-11.6158,-13.0375,5.89067,0,
-11.5786,-13.0450,5.89083,0,
-11.5786,-13.0550,5.89100,0,
-11.5786,-13.0625,5.89117,0,
-11.5413,-13.0700,5.89133,0,
-11.5413,-13.0775,5.89150,0,
-11.5413,-13.0875,5.89167,0,
-11.5413,-13.0950,5.89183,0,
-11.5413,-13.1025,5.89200,0,
-11.5413,-13.1125,5.89217,0,
-11.5413,-13.1200,5.89233,0,
-11.5413,-13.1275,5.89250,0,
-11.5413,-13.1375,5.89267,0,
-11.5413,-13.1475,5.89283,0,
-11.5413,-13.1550,5.89300,0,
-11.5413,-13.1625,5.89317,0,
-11.5413,-13.1725,5.89333,0,
-11.5413,-13.1800,5.89350,0,
-11.5041,-13.1900,5.89367,0,
-11.5413,-13.1975,5.89383,0,
-11.5041,-13.2050,5.89400,0,
-11.5041,-13.2125,5.89417,0,
-11.5041,-13.2225,5.89433,0,
-11.5041,-13.2300,5.89450,0,
-11.5041,-13.2375,5.89467,0,
-11.5041,-13.2450,5.89483,0,
-11.5041,-13.2550,5.89500,0,
-11.4669,-13.2625,5.89517,0,
-11.4669,-13.2700,5.89533,0,
-11.4669,-13.2800,5.89550,0,
-11.4669,-13.2875,5.89567,0,
-11.4669,-13.2950,5.89583,0,
-11.4669,-13.3050,5.89600,0,
-11.4669,-13.3125,5.89617,0,
-11.4669,-13.3225,5.89633,0,
-11.4669,-13.3300,5.89650,0,
-11.4669,-13.3400,5.89667,0,
-11.4296,-13.3475,5.89683,0,
-11.4296,-13.3550,5.89700,0,
-11.4296,-13.3650,5.89717,0,
-11.4296,-13.3725,5.89733,0,
-11.4296,-13.3800,5.89750,0,
-11.4296,-13.3900,5.89767,0,
-11.3924,-13.3975,5.89783,0,
-11.3924,-13.4050,5.89800,0,
-11.3924,-13.4125,5.89817,0,
-11.3924,-13.4225,5.89833,0,
-11.3924,-13.4300,5.89850,0,
-11.3924,-13.4375,5.89867,0,
-11.3552,-13.4475,5.89883,0,
-11.3552,-13.4550,5.89900,0,
-11.3552,-13.4650,5.89917,0,
-11.3552,-13.4725,5.89933,0,
-11.3552,-13.4825,5.89950,0,
-11.3552,-13.4900,5.89967,0,
-11.3552,-13.5000,5.89983,0,
-11.3179,-13.5075,5.90000,0,
-11.3179,-13.5175,5.90017,0,
-11.3179,-13.5250,5.90033,0,
-11.3179,-13.5350,5.90050,0,
-11.2807,-13.5425,5.90067,0,
-11.2807,-13.5500,5.90083,0,
-11.2807,-13.5575,5.90100,0,
-11.2435,-13.5675,5.90117,0,
-11.2435,-13.5750,5.90133,0,
-11.2435,-13.5825,5.90150,0,
-11.2435,-13.5900,5.90167,0,
-11.2435,-13.6000,5.90183,0,
-11.2435,-13.6075,5.90200,0,
-11.2435,-13.6150,5.90217,0,
-11.2063,-13.6250,5.90233,0,
-11.2063,-13.6325,5.90250,0,
-11.2063,-13.6400,5.90267,0,
-11.2063,-13.6500,5.90283,0,
-11.1690,-13.6575,5.90300,0,
-11.1690,-13.6650,5.90317,0,
-11.1690,-13.6750,5.90333,0,
-11.1690,-13.6825,5.90350,0,
-11.1690,-13.6900,5.90367,0,
-11.1318,-13.7000,5.90383,0,
-11.1318,-13.7075,5.90400,0,
-11.1318,-13.7150,5.90417,0,
-11.1318,-13.7225,5.90433,0,
-11.1318,-13.7325,5.90450,0,
-11.0946,-13.7400,5.90467,0,
-11.0946,-13.7475,5.90483,0,
-11.0946,-13.7550,5.90500,0,
-11.0946,-13.7625,5.90517,0,
-11.0946,-13.7725,5.90533,0,
-11.0946,-13.7800,5.90550,0,
-11.0946,-13.7900,5.90567,0,
-11.0946,-13.7975,5.90583,0,
-11.0946,-13.8050,5.90600,0,
-11.0946,-13.8150,5.90617,0,
-11.0946,-13.8225,5.90633,0,
-11.0946,-13.8300,5.90650,0,
-11.0946,-13.8400,5.90667,0,
-11.0573,-13.8475,5.90683,0,
-11.0573,-13.8575,5.90700,0,
-11.0573,-13.8650,5.90717,0,
-11.0573,-13.8725,5.90733,0,
-11.0573,-13.8825,5.90750,0,
-11.0573,-13.8900,5.90767,0,
-11.0573,-13.8975,5.90783,0,
-11.0573,-13.9050,5.90800,0,
-11.0573,-13.9125,5.90817,0,
-11.0573,-13.9225,5.90833,0,
-11.0573,-13.9300,5.90850,0,
-11.0573,-13.9375,5.90867,0,
-11.0201,-13.9475,5.90883,0,
-11.0573,-13.9550,5.90900,0,
-11.0573,-13.9625,5.90917,0,
-11.0573,-13.9725,5.90933,0,
-11.0573,-13.9800,5.90950,0,
-11.0573,-13.9875,5.90967,0,
-11.0573,-13.9975,5.90983,0,
-11.0573,-14.0050,5.91000,0,
-11.0201,-14.0150,5.91017,0,
-11.0201,-14.0225,5.91033,0,
-11.0201,-14.0300,5.91050,0,
-11.0201,-14.0400,5.91067,0,
-11.0201,-14.0475,5.91083,0,
-11.0201,-14.0550,5.91100,0,
-10.9829,-14.0650,5.91117,0,
-10.9829,-14.0725,5.91133,0,
-10.9829,-14.0800,5.91150,0,
-10.9829,-14.0875,5.91167,0,
-10.9456,-14.0975,5.91183,0,
-10.9456,-14.1050,5.91200,0,
-10.9456,-14.1125,5.91217,0,
-10.9456,-14.1225,5.91233,0,
-10.9456,-14.1300,5.91250,0,
-10.9456,-14.1400,5.91267,0,
-10.9456,-14.1475,5.91283,0,
-10.9084,-14.1550,5.91300,0,
-10.9084,-14.1650,5.91317,0,
-10.9084,-14.1725,5.91333,0,
-10.9084,-14.1825,5.91350,0,
-10.9084,-14.1900,5.91367,0,
-10.8712,-14.1975,5.91383,0,
-10.8712,-14.2075,5.91400,0,
-10.8712,-14.2150,5.91417,0,
-10.8712,-14.2225,5.91433,0,
-10.8340,-14.2300,5.91450,0,
-10.8340,-14.2375,5.91467,0,
-10.8340,-14.2475,5.91483,0,
-10.7967,-14.2550,5.91500,0,
-10.7967,-14.2625,5.91517,0,
-10.7967,-14.2725,5.91533,0,
-10.7967,-14.2800,5.91550,0,
-10.7595,-14.2875,5.91567,0,
-10.7595,-14.2975,5.91583,0,
-10.7595,-14.3050,5.91600,0,
-10.7595,-14.3150,5.91617,0,
-10.7595,-14.3225,5.91633,0,
-10.7595,-14.3325,5.91650,0,
-10.7223,-14.3400,5.91667,0,
-10.7223,-14.3475,5.91683,0,
-10.7223,-14.3575,5.91700,0,
-10.7595,-14.3650,5.91717,0,
-10.7223,-14.3725,5.91733,0,
-10.7223,-14.3800,5.91750,0,
-10.7595,-14.3900,5.91767,0,
-10.7223,-14.3975,5.91783,0,
-10.7223,-14.4050,5.91800,0,
-10.7223,-14.4125,5.91817,0,
-10.7223,-14.4200,5.91833,0,
-10.7223,-14.4300,5.91850,0,
-10.7223,-14.4375,5.91867,0,
-10.7223,-14.4450,5.91883,0,
-10.7223,-14.4550,5.91900,0,
-10.6850,-14.4625,5.91917,0,
-10.6850,-14.4725,5.91933,0,
-10.6850,-14.4800,5.91950,0,
-10.6850,-14.4875,5.91967,0,
-10.6850,-14.4975,5.91983,0,
-10.6850,-14.5050,5.92000,0,
-10.6850,-14.5150,5.92017,0,
-10.6850,-14.5225,5.92033,0,
-10.6850,-14.5325,5.92050,0,
-10.6850,-14.5400,5.92067,0,
-10.6850,-14.5475,5.92083,0,
-10.6850,-14.5575,5.92100,0,
-10.6850,-14.5650,5.92117,0,
-10.6850,-14.5725,5.92133,0,
-10.6850,-14.5800,5.92150,0,
-10.6850,-14.5900,5.92167,0,
-10.6850,-14.5975,5.92183,0,
-10.6850,-14.6050,5.92200,0,
-10.6850,-14.6150,5.92217,0,
-10.6850,-14.6225,5.92233,0,
-10.7223,-14.6300,5.92250,0,
-10.7223,-14.6400,5.92267,0,
-10.7223,-14.6475,5.92283,0,
-10.7223,-14.6575,5.92300,0,
-10.6850,-14.6650,5.92317,0,
-10.6850,-14.6750,5.92333,0,
-10.6850,-14.6825,5.92350,0,
-10.6850,-14.6900,5.92367,0,
-10.7223,-14.6975,5.92383,0,
-10.6850,-14.7075,5.92400,0,
-10.6850,-14.7150,5.92417,0,
-10.6850,-14.7225,5.92433,0,
-10.6850,-14.7300,5.92450,0,
-10.6850,-14.7375,5.92467,0,
-10.6850,-14.7475,5.92483,0,
-10.6850,-14.7550,5.92500,0,
-10.6850,-14.7625,5.92517,0,
-10.6850,-14.7725,5.92533,0,
-10.6850,-14.7800,5.92550,0,
-10.6850,-14.7875,5.92567,0,
-10.6850,-14.7975,5.92583,0,
-10.6850,-14.8050,5.92600,0,
-10.6478,-14.8150,5.92617,0,
-10.6478,-14.8225,5.92633,0,
-10.6478,-14.8300,5.92650,0,
-10.6478,-14.8400,5.92667,0,
-10.6478,-14.8475,5.92683,0,
-10.6850,-14.8550,5.92700,0,
-10.6850,-14.8650,5.92717,0,
-10.6850,-14.8725,5.92733,0,
-10.6850,-14.8800,5.92750,0,
-10.7223,-14.8875,5.92767,0,
-10.7223,-14.8975,5.92783,0,
-10.7223,-14.9050,5.92800,0,
-10.7223,-14.9125,5.92817,0,
-10.7223,-14.9200,5.92833,0,
-10.7595,-14.9300,5.92850,0,
-10.7595,-14.9375,5.92867,0,
-10.7595,-14.9450,5.92883,0,
-10.7595,-14.9550,5.92900,0,
-10.7223,-14.9625,5.92917,0,
-10.7223,-14.9725,5.92933,0,
-10.7223,-14.9800,5.92950,0,
-10.7595,-14.9875,5.92967,0,
-10.7223,-14.9975,5.92983,0,
-10.7223,-15.0050,5.93000,0,
-10.7223,-15.0150,5.93017,0,
-10.7223,-15.0225,5.93033,0,
-10.7223,-15.0300,5.93050,0,
-10.7223,-15.0400,5.93067,0,
-10.7223,-15.0475,5.93083,0,
-10.7595,-15.0550,5.93100,0,
-10.7223,-15.0625,5.93117,0,
-10.7223,-15.0700,5.93133,0,
-10.7223,-15.0775,5.93150,0,
-10.7595,-15.0875,5.93167,0,
-10.7595,-15.0950,5.93183,0,
-10.7595,-15.1050,5.93200,0,
-10.7595,-15.1125,5.93217,0,
-10.7595,-15.1225,5.93233,0,
-10.7595,-15.1300,5.93250,0,
-10.7595,-15.1375,5.93267,0,
-10.7595,-15.1475,5.93283,0,
-10.7223,-15.1550,5.93300,0,
-10.7223,-15.1650,5.93317,0,
-10.7595,-15.1725,5.93333,0,
-10.7595,-15.1800,5.93350,0,
-10.7223,-15.1900,5.93367,0,
-10.7595,-15.1975,5.93383,0,
-10.7223,-15.2050,5.93400,0,
-10.7223,-15.2150,5.93417,0,
-10.7223,-15.2225,5.93433,0,
-10.7595,-15.2300,5.93450,0,
-10.7223,-15.2375,5.93467,0,
-10.7223,-15.2450,5.93483,0,
-10.7223,-15.2550,5.93500,0,
-10.7223,-15.2625,5.93517,0,
-10.7223,-15.2700,5.93533,0,
-10.7223,-15.2800,5.93550,0,
-10.7223,-15.2875,5.93567,0,
-10.7223,-15.2950,5.93583,0,
-10.7223,-15.3050,5.93600,0,
-10.7223,-15.3125,5.93617,0,
-10.7223,-15.3200,5.93633,0,
-10.7223,-15.3300,5.93650,0,
-10.7223,-15.3375,5.93667,0,
-10.7223,-15.3450,5.93683,0,
-10.7223,-15.3550,5.93700,0,
-10.7223,-15.3625,5.93717,0,
-10.7223,-15.3700,5.93733,0,
-10.7223,-15.3775,5.93750,0,
-10.7223,-15.3850,5.93767,0,
-10.7223,-15.3950,5.93783,0,
-10.7223,-15.4025,5.93800,0,
-10.7223,-15.4100,5.93817,0,
-10.7223,-15.4175,5.93833,0,
-10.6850,-15.4250,5.93850,0,
-10.6850,-15.4325,5.93867,0,
-10.6850,-15.4400,5.93883,0,
-10.6850,-15.4500,5.93900,0,
-10.6850,-15.4575,5.93917,0,
-10.6850,-15.4650,5.93933,0,
-10.6850,-15.4750,5.93950,0,
-10.6850,-15.4825,5.93967,0,
-10.6850,-15.4900,5.93983,0,
-10.6850,-15.5000,5.94000,0,
-10.6478,-15.5075,5.94017,0,
-10.6850,-15.5150,5.94033,0,
-10.6850,-15.5250,5.94050,0,
-10.6850,-15.5325,5.94067,0,
-10.6478,-15.5400,5.94083,0,
-10.6478,-15.5500,5.94100,0,
-10.6478,-15.5575,5.94117,0,
-10.6478,-15.5650,5.94133,0,
-10.6478,-15.5750,5.94150,0,
-10.6478,-15.5825,5.94167,0,
-10.6478,-15.5900,5.94183,0,
-10.6106,-15.6000,5.94200,0,
-10.6106,-15.6075,5.94217,0,
-10.6106,-15.6150,5.94233,0,
-10.6106,-15.6250,5.94250,0,
-10.6106,-15.6325,5.94267,0,
-10.6106,-15.6425,5.94283,0,
-10.6106,-15.6500,5.94300,0,
-10.6106,-15.6600,5.94317,0,
-10.6478,-15.6675,5.94333,0,
-10.6478,-15.6750,5.94350,0,
-10.6478,-15.6850,5.94367,0,
-10.6850,-15.6925,5.94383,0,
-10.6850,-15.7000,5.94400,0,
-10.6850,-15.7075,5.94417,0,
-10.6850,-15.7175,5.94433,0,
-10.6850,-15.7250,5.94450,0,
-10.6850,-15.7325,5.94467,0,
-10.6850,-15.7400,5.94483,0,
-10.6850,-15.7500,5.94500,0,
-10.6850,-15.7575,5.94517,0,
-10.6850,-15.7650,5.94533,0,
-10.6850,-15.7750,5.94550,0,
-10.6850,-15.7850,5.94567,0,
-10.6850,-15.7925,5.94583,0,
-10.6850,-15.8000,5.94600,0,
-10.6850,-15.8100,5.94617,0,
-10.6850,-15.8175,5.94633,0,
-10.6850,-15.8250,5.94650,0,
-10.6850,-15.8350,5.94667,0,
-10.6850,-15.8425,5.94683,0,
-10.6850,-15.8500,5.94700,0,
-10.6850,-15.8600,5.94717,0,
-10.6850,-15.8675,5.94733,0,
-10.6478,-15.8750,5.94750,0,
-10.6850,-15.8850,5.94767,0,
-10.6850,-15.8925,5.94783,0,
-10.6478,-15.9000,5.94800,0,
-10.6478,-15.9100,5.94817,0,
-10.6478,-15.9175,5.94833,0,
-10.6478,-15.9250,5.94850,0,
-10.6478,-15.9350,5.94867,0,
-10.6478,-15.9425,5.94883,0,
-10.6478,-15.9525,5.94900,0,
-10.6478,-15.9600,5.94917,0,
-10.6478,-15.9675,5.94933,0,
-10.6478,-15.9775,5.94950,0,
-10.6478,-15.9850,5.94967,0,
-10.6106,-15.9950,5.94983,0,
-10.6478,-16.0025,5.95000,0,
-10.6478,-16.0125,5.95017,0,
-10.6478,-16.0200,5.95033,0,
-10.6106,-16.0275,5.95050,0,
-10.6478,-16.0375,5.95067,0,
-10.6478,-16.0450,5.95083,0,
-10.6478,-16.0525,5.95100,0,
-10.6106,-16.0600,5.95117,0,
-10.6106,-16.0675,5.95133,0,
-10.6106,-16.0775,5.95150,0,
-10.6106,-16.0850,5.95167,0,
-10.6106,-16.0925,5.95183,0,
-10.6106,-16.1025,5.95200,0,
-10.6106,-16.1100,5.95217,0,
-10.6106,-16.1200,5.95233,0,
-10.6106,-16.1275,5.95250,0,
-10.6106,-16.1350,5.95267,0,
-10.6106,-16.1450,5.95283,0,
-10.6106,-16.1525,5.95300,0,
-10.6106,-16.1600,5.95317,0,
-10.6106,-16.1700,5.95333,0,
-10.6106,-16.1775,5.95350,0,
-10.6106,-16.1850,5.95367,0,
-10.6106,-16.1950,5.95383,0,
-10.6106,-16.2025,5.95400,0,
-10.6478,-16.2100,5.95417,0,
-10.6106,-16.2200,5.95433,0,
-10.6106,-16.2275,5.95450,0,
-10.6106,-16.2350,5.95467,0,
-10.6106,-16.2425,5.95483,0,
-10.6106,-16.2525,5.95500,0,
-10.6106,-16.2600,5.95517,0,
-10.6106,-16.2675,5.95533,0,
-10.6106,-16.2775,5.95550,0,
-10.6106,-16.2850,5.95567,0,
-10.5733,-16.2925,5.95583,0,
-10.5733,-16.3025,5.95600,0,
-10.5733,-16.3100,5.95617,0,
-10.5733,-16.3175,5.95633,0,
-10.5733,-16.3275,5.95650,0,
-10.5733,-16.3350,5.95667,0,
-10.5733,-16.3450,5.95683,0,
-10.5733,-16.3525,5.95700,0,
-10.5733,-16.3600,5.95717,0,
-10.5733,-16.3675,5.95733,0,
-10.5733,-16.3750,5.95750,0,
-10.5733,-16.3850,5.95767,0,
-10.5733,-16.3925,5.95783,0,
-10.5733,-16.4000,5.95800,0,
-10.5733,-16.4075,5.95817,0,
-10.5733,-16.4175,5.95833,0,
-10.5733,-16.4250,5.95850,0,
-10.5733,-16.4325,5.95867,0,
-10.5733,-16.4425,5.95883,0,
-10.5733,-16.4500,5.95900,0,
-10.5733,-16.4575,5.95917,0,
-10.5733,-16.4675,5.95933,0,
-10.5733,-16.4750,5.95950,0,
-10.5733,-16.4825,5.95967,0,
-10.5733,-16.4900,5.95983,0,
-10.5733,-16.5000,5.96000,0,
-10.5733,-16.5075,5.96017,0,
-10.5733,-16.5150,5.96033,0,
-10.5733,-16.5250,5.96050,0,
-10.5733,-16.5325,5.96067,0,
-10.5733,-16.5400,5.96083,0,
-10.5733,-16.5500,5.96100,0,
-10.5733,-16.5575,5.96117,0,
-10.5733,-16.5650,5.96133,0,
-10.5361,-16.5725,5.96150,0,
-10.4989,-16.5825,5.96167,0,
-10.4989,-16.5900,5.96183,0,
-10.4989,-16.5975,5.96200,0,
-10.4989,-16.6075,5.96217,0,
-10.4989,-16.6150,5.96233,0,
-10.4989,-16.6250,5.96250,0,
-10.4989,-16.6325,5.96267,0,
-10.5361,-16.6400,5.96283,0,
-10.5361,-16.6500,5.96300,0,
-10.5361,-16.6575,5.96317,0,
-10.5361,-16.6675,5.96333,0,
-10.5361,-16.6750,5.96350,0,
-10.5361,-16.6850,5.96367,0,
-10.4989,-16.6925,5.96383,0,
-10.4989,-16.7000,5.96400,0,
-10.4989,-16.7075,5.96417,0,
-10.4989,-16.7150,5.96433,0,
-10.4989,-16.7250,5.96450,0,
-10.4989,-16.7325,5.96467,0,
-10.4989,-16.7400,5.96483,0,
-10.4989,-16.7475,5.96500,0,
-10.4989,-16.7550,5.96517,0,
-10.4989,-16.7650,5.96533,0,
-10.4989,-16.7725,5.96550,0,
-10.4989,-16.7800,5.96567,0,
-10.4989,-16.7900,5.96583,0,
-10.5361,-16.7975,5.96600,0,
-10.5361,-16.8050,5.96617,0,
-10.5361,-16.8150,5.96633,0,
-10.4989,-16.8225,5.96650,0,
-10.4989,-16.8300,5.96667,0,
-10.4989,-16.8400,5.96683,0,
-10.5361,-16.8475,5.96700,0,
-10.5361,-16.8550,5.96717,0,
-10.5361,-16.8650,5.96733,0,
-10.5361,-16.8725,5.96750,0,
-10.5361,-16.8800,5.96767,0,
-10.5361,-16.8900,5.96783,0,
-10.5361,-16.8975,5.96800,0,
-10.5361,-16.9050,5.96817,0,
-10.5361,-16.9125,5.96833,0,
-10.5361,-16.9225,5.96850,0,
-10.5361,-16.9300,5.96867,0,
-10.5361,-16.9400,5.96883,0,
-10.5361,-16.9475,5.96900,0,
-10.5361,-16.9550,5.96917,0,
-10.5361,-16.9650,5.96933,0,
-10.5361,-16.9725,5.96950,0,
-10.5361,-16.9825,5.96967,0,
-10.5361,-16.9900,5.96983,0,
-10.5361,-17.0000,5.97000,0,
-10.5361,-17.0075,5.97017,0,
-10.5361,-17.0150,5.97033,0,
-10.5361,-17.0225,5.97050,0,
-10.5361,-17.0325,5.97067,0,
-10.5733,-17.0400,5.97083,0,
-10.5733,-17.0475,5.97100,0,
-10.5733,-17.0550,5.97117,0,
-10.5733,-17.0650,5.97133,0,
-10.5733,-17.0725,5.97150,0,
-10.5733,-17.0800,5.97167,0,
-10.5733,-17.0875,5.97183,0,
-10.5733,-17.0975,5.97200,0,
-10.5733,-17.1050,5.97217,0,
-10.5733,-17.1125,5.97233,0,
-10.5733,-17.1225,5.97250,0,
-10.6106,-17.1300,5.97267,0,
-10.6106,-17.1400,5.97283,0,
-10.6106,-17.1475,5.97300,0,
-10.6106,-17.1550,5.97317,0,
-10.6106,-17.1650,5.97333,0,
-10.6106,-17.1725,5.97350,0,
-10.6106,-17.1800,5.97367,0,
-10.6106,-17.1900,5.97383,0,
-10.6106,-17.1975,5.97400,0,
-10.6106,-17.2050,5.97417,0,
-10.6106,-17.2150,5.97433,0,
-10.6478,-17.2225,5.97450,0,
-10.6478,-17.2300,5.97467,0,
-10.6478,-17.2375,5.97483,0,
-10.6478,-17.2450,5.97500,0,
-10.6478,-17.2550,5.97517,0,
-10.6478,-17.2625,5.97533,0,
-10.6478,-17.2700,5.97550,0,
-10.6478,-17.2800,5.97567,0,
-10.6106,-17.2875,5.97583,0,
-10.6106,-17.2950,5.97600,0,
-10.6106,-17.3050,5.97617,0,
-10.6106,-17.3125,5.97633,0,
-10.6106,-17.3225,5.97650,0,
-10.6106,-17.3300,5.97667,0,
-10.6106,-17.3375,5.97683,0,
-10.6106,-17.3475,5.97700,0,
-10.6106,-17.3550,5.97717,0,
-10.6106,-17.3625,5.97733,0,
-10.6106,-17.3700,5.97750,0,
-10.6106,-17.3800,5.97767,0,
-10.6106,-17.3875,5.97783,0,
-10.6106,-17.3950,5.97800,0,
-10.6106,-17.4025,5.97817,0,
-10.6106,-17.4100,5.97833,0,
-10.6106,-17.4200,5.97850,0,
-10.6478,-17.4275,5.97867,0,
-10.6478,-17.4350,5.97883,0,
-10.6478,-17.4450,5.97900,0,
-10.6478,-17.4525,5.97917,0,
-10.6478,-17.4625,5.97933,0,
-10.6850,-17.4700,5.97950,0,
-10.6850,-17.4800,5.97967,0,
-10.6850,-17.4875,5.97983,0,
-10.6850,-17.4950,5.98000,0,
-10.7223,-17.5050,5.98017,0,
-10.7223,-17.5125,5.98033,0,
-10.7223,-17.5200,5.98050,0,
-10.7223,-17.5300,5.98067,0,
-10.7223,-17.5375,5.98083,0,
-10.7223,-17.5450,5.98100,0,
-10.7223,-17.5525,5.98117,0,
-10.7223,-17.5625,5.98133,0,
-10.7223,-17.5700,5.98150,0,
-10.7223,-17.5775,5.98167,0,
-10.7223,-17.5850,5.98183,0,
-10.7223,-17.5950,5.98200,0,
-10.7595,-17.6025,5.98217,0,
-10.7595,-17.6125,5.98233,0,
-10.7595,-17.6200,5.98250,0,
-10.7595,-17.6275,5.98267,0,
-10.7967,-17.6375,5.98283,0,
-10.7967,-17.6450,5.98300,0,
-10.7967,-17.6550,5.98317,0,
-10.7967,-17.6625,5.98333,0,
-10.7967,-17.6725,5.98350,0,
-10.7967,-17.6800,5.98367,0,
-10.7967,-17.6875,5.98383,0,
-10.7967,-17.6975,5.98400,0,
-10.8340,-17.7050,5.98417,0,
-10.8340,-17.7125,5.98433,0,
-10.8340,-17.7225,5.98450,0,
-10.8340,-17.7300,5.98467,0,
-10.8340,-17.7375,5.98483,0,
-10.8340,-17.7450,5.98500,0,
-10.8340,-17.7550,5.98517,0,
-10.8340,-17.7625,5.98533,0,
-10.8340,-17.7700,5.98550,0,
-10.8340,-17.7800,5.98567,0,
-10.8712,-17.7875,5.98583,0,
-10.8712,-17.7975,5.98600,0,
-10.8712,-17.8050,5.98617,0,
-10.8712,-17.8150,5.98633,0,
-10.8712,-17.8225,5.98650,0,
-10.8712,-17.8325,5.98667,0,
-10.8712,-17.8400,5.98683,0,
-10.8712,-17.8475,5.98700,0,
-10.8712,-17.8575,5.98717,0,
-10.8712,-17.8650,5.98733,0,
-10.8712,-17.8750,5.98750,0,
-10.8712,-17.8825,5.98767,0,
-10.8712,-17.8900,5.98783,0,
-10.8712,-17.8975,5.98800,0,
-10.8712,-17.9075,5.98817,0,
-10.8712,-17.9150,5.98833,0,
-10.8712,-17.9225,5.98850,0,
-10.8712,-17.9325,5.98867,0,
-10.8712,-17.9400,5.98883,0,
-10.9084,-17.9475,5.98900,0,
-10.9084,-17.9575,5.98917,0,
-10.9084,-17.9650,5.98933,0,
-10.9084,-17.9750,5.98950,0,
-10.9084,-17.9825,5.98967,0,
-10.9084,-17.9925,5.98983,0,
-10.9084,-18.0000,5.99000,0,
-10.9084,-18.0100,5.99017,0,
-10.9084,-18.0175,5.99033,0,
-10.9084,-18.0250,5.99050,0,
-10.9084,-18.0350,5.99067,0,
-10.9084,-18.0425,5.99083,0,
-10.9084,-18.0500,5.99100,0,
-10.9084,-18.0575,5.99117,0,
-10.9084,-18.0675,5.99133,0,
-10.9084,-18.0750,5.99150,0,
-10.9084,-18.0825,5.99167,0,
-10.9084,-18.0900,5.99183,0,
-10.9084,-18.1000,5.99200,0,
-10.9084,-18.1075,5.99217,0,
-10.9084,-18.1175,5.99233,0,
-10.9084,-18.1250,5.99250,0,
-10.9084,-18.1325,5.99267,0,
-10.9084,-18.1425,5.99283,0,
-10.9084,-18.1525,5.99300,0,
-10.9084,-18.1600,5.99317,0,
-10.9084,-18.1675,5.99333,0,
-10.9084,-18.1775,5.99350,0,
-10.9084,-18.1850,5.99367,0,
-10.9084,-18.1950,5.99383,0,
-10.9084,-18.2025,5.99400,0,
-10.9084,-18.2100,5.99417,0,
-10.9456,-18.2200,5.99433,0,
-10.9456,-18.2275,5.99450,0,
-10.9456,-18.2350,5.99467,0,
-10.9456,-18.2450,5.99483,0,
-10.9456,-18.2525,5.99500,0,
-10.9456,-18.2600,5.99517,0,
-10.9456,-18.2700,5.99533,0,
-10.9456,-18.2775,5.99550,0,
-10.9456,-18.2875,5.99567,0,
-10.9456,-18.2950,5.99583,0,
-10.9829,-18.3050,5.99600,0,
-10.9829,-18.3125,5.99617,0,
-10.9829,-18.3200,5.99633,0,
-10.9829,-18.3300,5.99650,0,
-10.9829,-18.3375,5.99667,0,
-10.9829,-18.3475,5.99683,0,
-10.9829,-18.3550,5.99700,0,
-10.9829,-18.3650,5.99717,0,
-10.9829,-18.3725,5.99733,0,
-10.9829,-18.3800,5.99750,0,
-10.9829,-18.3875,5.99767,0,
-10.9829,-18.3975,5.99783,0,
-10.9829,-18.4050,5.99800,0,
-10.9829,-18.4125,5.99817,0,
-10.9829,-18.4200,5.99833,0,
-10.9456,-18.4275,5.99850,0,
-10.9829,-18.4375,5.99867,0,
-10.9456,-18.4450,5.99883,0,
-10.9456,-18.4550,5.99900,0,
-10.9456,-18.4625,5.99917,0,
-10.9829,-18.4725,5.99933,0,
-10.9829,-18.4800,5.99950,0,
-10.9829,-18.4900,5.99967,0,
-10.9829,-18.4975,5.99983,0,
-10.9829,-18.5075,6.00000,0,
-10.9829,-18.5150,6.00017,0,
-10.9829,-18.5250,6.00033,0,
-10.9829,-18.5325,6.00050,0,
-10.9829,-18.5400,6.00067,0,
-10.9829,-18.5500,6.00083,0,
-10.9829,-18.5575,6.00100,0,
-10.9829,-18.5650,6.00117,0,
-10.9829,-18.5750,6.00133,0,
-11.0201,-18.5825,6.00150,0,
-11.0201,-18.5900,6.00167,0,
-10.9829,-18.5975,6.00183,0,
-10.9829,-18.6075,6.00200,0,
-10.9829,-18.6150,6.00217,0,
-10.9829,-18.6225,6.00233,0,
-11.0201,-18.6325,6.00250,0,
-11.0201,-18.6400,6.00267,0,
-11.0201,-18.6500,6.00283,0,
-11.0201,-18.6575,6.00300,0,
-10.9829,-18.6675,6.00317,0,
-10.9829,-18.6750,6.00333,0,
-10.9829,-18.6825,6.00350,0,
-10.9829,-18.6925,6.00367,0,
-10.9829,-18.7000,6.00383,0,
-10.9829,-18.7075,6.00400,0,
-10.9829,-18.7150,6.00417,0,
-10.9829,-18.7250,6.00433,0,
-10.9829,-18.7325,6.00450,0,
-10.9829,-18.7400,6.00467,0,
-10.9829,-18.7475,6.00483,0,
-10.9829,-18.7550,6.00500,0,
-10.9829,-18.7650,6.00517,0,
-10.9829,-18.7725,6.00533,0,
-10.9829,-18.7800,6.00550,0,
-10.9829,-18.7900,6.00567,0,
-11.0201,-18.7975,6.00583,0,
-11.0201,-18.8075,6.00600,0,
-11.0201,-18.8150,6.00617,0,
-11.0201,-18.8225,6.00633,0,
-11.0201,-18.8325,6.00650,0,
-11.0201,-18.8400,6.00667,0,
-11.0573,-18.8475,6.00683,0,
-11.0573,-18.8575,6.00700,0,
-11.0573,-18.8650,6.00717,0,
-11.0573,-18.8725,6.00733,0,
-11.0573,-18.8825,6.00750,0,
-11.0573,-18.8900,6.00767,0,
-11.0946,-18.8975,6.00783,0,
-11.0946,-18.9050,6.00800,0,
-11.0946,-18.9150,6.00817,0,
-11.0946,-18.9225,6.00833,0,
-11.0946,-18.9300,6.00850,0,
-11.0946,-18.9375,6.00867,0,
-11.1318,-18.9475,6.00883,0,
-11.1318,-18.9550,6.00900,0,
-11.1318,-18.9650,6.00917,0,
-11.1318,-18.9725,6.00933,0,
-11.1318,-18.9825,6.00950,0,
-11.1690,-18.9900,6.00967,0,
-11.1690,-19.0000,6.00983,0,
-11.1690,-19.0075,6.01000,0,
-11.1690,-19.0150,6.01017,0,
-11.2063,-19.0250,6.01033,0,
-11.2063,-19.0325,6.01050,0,
-11.2063,-19.0400,6.01067,0,
-11.2063,-19.0475,6.01083,0,
-11.2063,-19.0575,6.01100,0,
-11.2063,-19.0650,6.01117,0,
-11.2063,-19.0725,6.01133,0,
-11.2063,-19.0800,6.01150,0,
-11.1690,-19.0900,6.01167,0,
-11.1690,-19.0975,6.01183,0,
-11.1690,-19.1050,6.01200,0,
-11.1690,-19.1150,6.01217,0,
-11.1318,-19.1225,6.01233,0,
-11.1690,-19.1325,6.01250,0,
-11.1318,-19.1400,6.01267,0,
-11.1690,-19.1500,6.01283,0,
-11.1690,-19.1575,6.01300,0,
-11.1690,-19.1675,6.01317,0,
-11.1690,-19.1750,6.01333,0,
-11.1318,-19.1825,6.01350,0,
-11.1690,-19.1925,6.01367,0,
-11.1318,-19.2000,6.01383,0,
-11.1318,-19.2075,6.01400,0,
-11.1690,-19.2150,6.01417,0,
-11.1318,-19.2250,6.01433,0,
-11.1318,-19.2325,6.01450,0,
-11.1318,-19.2400,6.01467,0,
-11.1318,-19.2475,6.01483,0,
-11.1690,-19.2550,6.01500,0,
-11.1318,-19.2650,6.01517,0,
-11.1690,-19.2725,6.01533,0,
-11.1690,-19.2800,6.01550,0,
-11.1690,-19.2900,6.01567,0,
-11.1690,-19.2975,6.01583,0,
-11.1690,-19.3050,6.01600,0,
-11.1690,-19.3150,6.01617,0,
-11.1690,-19.3225,6.01633,0,
-11.2063,-19.3325,6.01650,0,
-11.2063,-19.3400,6.01667,0,
-11.2063,-19.3475,6.01683,0,
-11.2063,-19.3575,6.01700,0,
-11.2063,-19.3650,6.01717,0,
-11.2063,-19.3725,6.01733,0,
-11.2063,-19.3800,6.01750,0,
-11.2063,-19.3875,6.01767,0,
-11.2435,-19.3950,6.01783,0,
-11.2435,-19.4025,6.01800,0,
-11.2435,-19.4125,6.01817,0,
-11.2807,-19.4200,6.01833,0,
-11.2807,-19.4275,6.01850,0,
-11.2807,-19.4375,6.01867,0,
-11.2807,-19.4450,6.01883,0,
-11.2807,-19.4525,6.01900,0,
-11.3179,-19.4625,6.01917,0,
-11.3179,-19.4700,6.01933,0,
-11.3179,-19.4800,6.01950,0,
-11.3179,-19.4875,6.01967,0,
-11.3179,-19.4950,6.01983,0,
-11.3179,-19.5050,6.02000,0,
-11.3179,-19.5125,6.02017,0,
-11.3179,-19.5225,6.02033,0,
-11.3179,-19.5300,6.02050,0,
-11.3179,-19.5400,6.02067,0,
-11.3179,-19.5475,6.02083,0,
-11.3179,-19.5550,6.02100,0,
-11.3179,-19.5625,6.02117,0,
-11.3179,-19.5725,6.02133,0,
-11.3179,-19.5800,6.02150,0,
-11.3179,-19.5875,6.02167,0,
-11.3179,-19.5950,6.02183,0,
-11.3179,-19.6025,6.02200,0,
-11.3179,-19.6125,6.02217,0,
-11.3179,-19.6200,6.02233,0,
-11.3179,-19.6275,6.02250,0,
-11.3552,-19.6375,6.02267,0,
-11.3179,-19.6450,6.02283,0,
-11.3179,-19.6550,6.02300,0,
-11.3179,-19.6625,6.02317,0,
-11.3179,-19.6725,6.02333,0,
-11.3179,-19.6800,6.02350,0,
-11.3179,-19.6875,6.02367,0,
-11.3179,-19.6975,6.02383,0,
-11.3179,-19.7050,6.02400,0,
-11.3179,-19.7125,6.02417,0,
-11.3179,-19.7200,6.02433,0,
-11.3179,-19.7275,6.02450,0,
-11.3179,-19.7350,6.02467,0,
-11.3179,-19.7450,6.02483,0,
-11.3179,-19.7525,6.02500,0,
-11.2807,-19.7600,6.02517,0,
-11.2807,-19.7700,6.02533,0,
-11.2807,-19.7775,6.02550,0,
-11.2807,-19.7850,6.02567,0,
-11.3179,-19.7950,6.02583,0,
-11.3179,-19.8025,6.02600,0,
-11.3179,-19.8125,6.02617,0,
-11.3179,-19.8200,6.02633,0,
-11.3552,-19.8275,6.02650,0,
-11.3552,-19.8375,6.02667,0,
-11.3552,-19.8450,6.02683,0,
-11.3552,-19.8550,6.02700,0,
-11.3924,-19.8625,6.02717,0,
-11.3924,-19.8700,6.02733,0,
-11.3924,-19.8800,6.02750,0,
-11.3924,-19.8875,6.02767,0,
-11.3924,-19.8950,6.02783,0,
-11.4296,-19.9025,6.02800,0,
-11.4296,-19.9125,6.02817,0,
-11.4296,-19.9200,6.02833,0,
-11.4669,-19.9275,6.02850,0,
-11.4669,-19.9375,6.02867,0,
-11.4669,-19.9450,6.02883,0,
-11.4669,-19.9525,6.02900,0,
-11.4669,-19.9625,6.02917,0,
-11.4669,-19.9700,6.02933,0,
-11.4669,-19.9800,6.02950,0,
-11.4296,-19.9875,6.02967,0,
-11.4296,-19.9975,6.02983,0,
-11.4296,-20.0050,6.03000,0,
-11.4296,-20.0150,6.03017,0,
-11.4296,-20.0225,6.03033,0,
-11.4296,-20.0300,6.03050,0,
-11.4296,-20.0375,6.03067,0,
-11.4296,-20.0475,6.03083,0,
-11.4669,-20.0550,6.03100,0,
-11.4669,-20.0625,6.03117,0,
-11.4669,-20.0700,6.03133,0,
-11.4669,-20.0775,6.03150,0,
-11.4669,-20.0875,6.03167,0,
-11.4669,-20.0950,6.03183,0,
-11.5041,-20.1050,6.03200,0,
-11.5041,-20.1125,6.03217,0,
-11.5041,-20.1225,6.03233,0,
-11.5413,-20.1300,6.03250,0,
-11.5413,-20.1375,6.03267,0,
-11.5413,-20.1475,6.03283,0,
-11.5786,-20.1550,6.03300,0,
-11.5786,-20.1650,6.03317,0,
-11.6158,-20.1725,6.03333,0,
-11.6158,-20.1825,6.03350,0,
-11.6530,-20.1900,6.03367,0,
-11.6530,-20.2000,6.03383,0,
-11.6530,-20.2075,6.03400,0,
-11.6902,-20.2150,6.03417,0,
-11.6902,-20.2225,6.03433,0,
-11.6902,-20.2325,6.03450,0,
-11.6902,-20.2400,6.03467,0,
-11.6902,-20.2475,6.03483,0,
-11.6902,-20.2550,6.03500,0,
-11.6902,-20.2625,6.03517,0,
-11.6902,-20.2725,6.03533,0,
-11.6902,-20.2800,6.03550,0,
-11.6902,-20.2900,6.03567,0,
-11.6902,-20.2975,6.03583,0,
-11.6902,-20.3050,6.03600,0,
-11.6902,-20.3150,6.03617,0,
-11.6902,-20.3225,6.03633,0,
-11.6902,-20.3325,6.03650,0,
-11.6902,-20.3400,6.03667,0,
-11.6902,-20.3475,6.03683,0,
-11.6902,-20.3575,6.03700,0,
-11.7275,-20.3650,6.03717,0,
-11.7275,-20.3725,6.03733,0,
-11.7275,-20.3825,6.03750,0,
-11.7275,-20.3900,6.03767,0,
-11.7647,-20.3975,6.03783,0,
-11.7275,-20.4050,6.03800,0,
-11.7647,-20.4125,6.03817,0,
-11.7647,-20.4225,6.03833,0,
-11.7647,-20.4300,6.03850,0,
-11.7647,-20.4375,6.03867,0,
-11.7647,-20.4475,6.03883,0,
-11.8019,-20.4550,6.03900,0,
-11.8019,-20.4625,6.03917,0,
-11.8019,-20.4725,6.03933,0,
-11.8019,-20.4800,6.03950,0,
-11.8019,-20.4875,6.03967,0,
-11.8019,-20.4950,6.03983,0,
-11.8392,-20.5050,6.04000,0,
-11.8392,-20.5125,6.04017,0,
-11.8392,-20.5225,6.04033,0,
-11.8392,-20.5300,6.04050,0,
-11.8392,-20.5375,6.04067,0,
-11.8392,-20.5450,6.04083,0,
-11.8392,-20.5550,6.04100,0,
-11.8392,-20.5625,6.04117,0,
-11.8392,-20.5700,6.04133,0,
-11.8392,-20.5775,6.04150,0,
-11.8392,-20.5875,6.04167,0,
-11.8764,-20.5950,6.04183,0,
-11.8764,-20.6025,6.04200,0,
-11.8764,-20.6125,6.04217,0,
-11.8764,-20.6200,6.04233,0,
-11.8764,-20.6275,6.04250,0,
-11.8764,-20.6375,6.04267,0,
-11.9136,-20.6450,6.04283,0,
-11.8764,-20.6525,6.04300,0,
-11.9136,-20.6625,6.04317,0,
-11.9136,-20.6700,6.04333,0,
-11.9136,-20.6775,6.04350,0,
-11.9136,-20.6850,6.04367,0,
-11.9136,-20.6950,6.04383,0,
-11.9136,-20.7025,6.04400,0,
-11.9509,-20.7100,6.04417,0,
-11.9509,-20.7175,6.04433,0,
-11.9509,-20.7275,6.04450,0,
-11.9509,-20.7350,6.04467,0,
-11.9509,-20.7425,6.04483,0,
-11.9509,-20.7525,6.04500,0,
-11.9509,-20.7600,6.04517,0,
-11.9509,-20.7675,6.04533,0,
-11.9881,-20.7775,6.04550,0,
-11.9881,-20.7850,6.04567,0,
-11.9881,-20.7925,6.04583,0,
-11.9881,-20.8025,6.04600,0,
-11.9881,-20.8100,6.04617,0,
-11.9881,-20.8200,6.04633,0,
-11.9881,-20.8275,6.04650,0,
-12.0253,-20.8350,6.04667,0,
-11.9881,-20.8450,6.04683,0,
-11.9881,-20.8525,6.04700,0,
-12.0253,-20.8600,6.04717,0,
-12.0253,-20.8700,6.04733,0,
-12.0253,-20.8775,6.04750,0,
-12.0253,-20.8850,6.04767,0,
-12.0253,-20.8925,6.04783,0,
-12.0253,-20.9025,6.04800,0,
-12.0253,-20.9100,6.04817,0,
-12.0625,-20.9175,6.04833,0,
-12.0625,-20.9250,6.04850,0,
-12.0625,-20.9350,6.04867,0,
-12.0625,-20.9425,6.04883,0,
-12.0625,-20.9525,6.04900,0,
-12.0625,-20.9600,6.04917,0,
-12.0625,-20.9675,6.04933,0,
-12.0625,-20.9775,6.04950,0,
-12.0625,-20.9850,6.04967,0,
-12.0625,-20.9950,6.04983,0,
-12.0625,-21.0025,6.05000,0,
-12.0998,-21.0100,6.05017,0,
-12.0998,-21.0200,6.05033,0,
-12.0998,-21.0275,6.05050,0,
-12.0998,-21.0350,6.05067,0,
-12.0998,-21.0450,6.05083,0,
-12.0998,-21.0525,6.05100,0,
-12.0998,-21.0600,6.05117,0,
-12.0998,-21.0675,6.05133,0,
-12.0998,-21.0750,6.05150,0,
-12.0998,-21.0850,6.05167,0,
-12.0998,-21.0925,6.05183,0,
-12.0998,-21.1000,6.05200,0,
-12.1370,-21.1100,6.05217,0,
-12.0998,-21.1175,6.05233,0,
-12.0998,-21.1275,6.05250,0,
-12.1370,-21.1350,6.05267,0,
-12.1370,-21.1450,6.05283,0,
-12.1370,-21.1525,6.05300,0,
-12.1370,-21.1600,6.05317,0,
-12.1370,-21.1700,6.05333,0,
-12.1370,-21.1800,6.05350,0,
-12.1370,-21.1875,6.05367,0,
-12.1742,-21.1950,6.05383,0,
-12.1742,-21.2050,6.05400,0,
-12.1742,-21.2125,6.05417,0,
-12.1742,-21.2200,6.05433,0,
-12.1742,-21.2300,6.05450,0,
-12.1742,-21.2375,6.05467,0,
-12.1742,-21.2450,6.05483,0,
-12.1742,-21.2550,6.05500,0,
-12.1742,-21.2625,6.05517,0,
-12.1742,-21.2700,6.05533,0,
-12.1742,-21.2800,6.05550,0,
-12.1742,-21.2875,6.05567,0,
-12.1742,-21.2950,6.05583,0,
-12.2115,-21.3050,6.05600,0,
-12.2115,-21.3125,6.05617,0,
-12.2115,-21.3225,6.05633,0,
-12.2115,-21.3300,6.05650,0,
-12.2115,-21.3375,6.05667,0,
-12.2115,-21.3475,6.05683,0,
-12.2115,-21.3550,6.05700,0,
-12.2487,-21.3625,6.05717,0,
-12.2115,-21.3700,6.05733,0,
-12.2487,-21.3800,6.05750,0,
-12.2487,-21.3875,6.05767,0,
-12.2487,-21.3950,6.05783,0,
-12.2487,-21.4025,6.05800,0,
-12.2487,-21.4100,6.05817,0,
-12.2487,-21.4200,6.05833,0,
-12.2859,-21.4275,6.05850,0,
-12.2859,-21.4350,6.05867,0,
-12.2859,-21.4450,6.05883,0,
-12.2859,-21.4525,6.05900,0,
-12.2859,-21.4625,6.05917,0,
-12.2859,-21.4700,6.05933,0,
-12.2859,-21.4775,6.05950,0,
-12.2859,-21.4875,6.05967,0,
-12.2859,-21.4950,6.05983,0,
-12.3232,-21.5025,6.06000,0,
-12.2859,-21.5125,6.06017,0,
-12.3232,-21.5200,6.06033,0,
-12.3232,-21.5275,6.06050,0,
-12.3232,-21.5350,6.06067,0,
-12.3232,-21.5450,6.06083,0,
-12.3232,-21.5525,6.06100,0,
-12.3232,-21.5600,6.06117,0,
-12.3604,-21.5675,6.06133,0,
-12.3232,-21.5775,6.06150,0,
-12.3604,-21.5850,6.06167,0,
-12.3604,-21.5950,6.06183,0,
-12.3604,-21.6025,6.06200,0,
-12.3604,-21.6100,6.06217,0,
-12.3604,-21.6200,6.06233,0,
-12.3604,-21.6275,6.06250,0,
-12.3976,-21.6350,6.06267,0,
-12.3976,-21.6450,6.06283,0,
-12.3976,-21.6525,6.06300,0,
-12.3976,-21.6625,6.06317,0,
-12.3976,-21.6700,6.06333,0,
-12.3976,-21.6800,6.06350,0,
-12.4348,-21.6875,6.06367,0,
-12.4348,-21.6950,6.06383,0,
-12.4348,-21.7025,6.06400,0,
-12.4348,-21.7125,6.06417,0,
-12.4348,-21.7200,6.06433,0,
-12.4348,-21.7275,6.06450,0,
-12.4348,-21.7350,6.06467,0,
-12.4348,-21.7425,6.06483,0,
-12.4348,-21.7525,6.06500,0,
-12.4348,-21.7600,6.06517,0,
-12.4721,-21.7675,6.06533,0,
-12.4721,-21.7775,6.06550,0,
-12.4721,-21.7850,6.06567,0,
-12.4721,-21.7925,6.06583,0,
-12.4721,-21.8025,6.06600,0,
-12.4721,-21.8100,6.06617,0,
-12.4721,-21.8175,6.06633,0,
-12.4721,-21.8275,6.06650,0,
-12.5093,-21.8350,6.06667,0,
-12.5093,-21.8425,6.06683,0,
-12.5093,-21.8525,6.06700,0,
-12.5093,-21.8600,6.06717,0,
-12.5093,-21.8675,6.06733,0,
-12.5093,-21.8775,6.06750,0,
-12.5465,-21.8850,6.06767,0,
-12.5465,-21.8925,6.06783,0,
-12.5465,-21.9000,6.06800,0,
-12.5465,-21.9100,6.06817,0,
-12.5465,-21.9175,6.06833,0,
-12.5465,-21.9250,6.06850,0,
-12.5465,-21.9325,6.06867,0,
-12.5838,-21.9425,6.06883,0,
-12.5838,-21.9500,6.06900,0,
-12.5838,-21.9600,6.06917,0,
-12.5838,-21.9675,6.06933,0,
-12.5838,-21.9775,6.06950,0,
-12.5838,-21.9850,6.06967,0,
-12.6210,-21.9925,6.06983,0,
-12.5838,-22.0025,6.07000,0,
-12.5838,-22.0100,6.07017,0,
-12.6210,-22.0175,6.07033,0,
-12.6210,-22.0275,6.07050,0,
-12.6210,-22.0350,6.07067,0,
-12.6210,-22.0425,6.07083,0,
-12.6210,-22.0525,6.07100,0,
-12.6582,-22.0600,6.07117,0,
-12.6582,-22.0675,6.07133,0,
-12.6582,-22.0775,6.07150,0,
-12.6582,-22.0850,6.07167,0,
-12.6582,-22.0925,6.07183,0,
-12.6582,-22.1025,6.07200,0,
-12.6582,-22.1100,6.07217,0,
-12.6582,-22.1175,6.07233,0,
-12.6955,-22.1275,6.07250,0,
-12.6955,-22.1350,6.07267,0,
-12.6955,-22.1450,6.07283,0,
-12.6955,-22.1525,6.07300,0,
-12.6955,-22.1600,6.07317,0,
-12.6955,-22.1700,6.07333,0,
-12.6955,-22.1775,6.07350,0,
-12.6955,-22.1850,6.07367,0,
-12.7327,-22.1950,6.07383,0,
-12.7327,-22.2025,6.07400,0,
-12.7327,-22.2100,6.07417,0,
-12.7327,-22.2200,6.07433,0,
-12.7327,-22.2275,6.07450,0,
-12.7327,-22.2350,6.07467,0,
-12.7327,-22.2425,6.07483,0,
-12.7327,-22.2525,6.07500,0,
-12.7699,-22.2600,6.07517,0,
-12.7699,-22.2675,6.07533,0,
-12.7699,-22.2775,6.07550,0,
-12.7699,-22.2850,6.07567,0,
-12.7699,-22.2925,6.07583,0,
-12.7699,-22.3025,6.07600,0,
-12.8071,-22.3100,6.07617,0,
-12.8071,-22.3200,6.07633,0,
-12.8071,-22.3275,6.07650,0,
-12.8071,-22.3375,6.07667,0,
-12.8071,-22.3450,6.07683,0,
-12.8071,-22.3525,6.07700,0,
-12.8071,-22.3625,6.07717,0,
-12.8071,-22.3700,6.07733,0,
-12.8444,-22.3775,6.07750,0,
-12.8444,-22.3850,6.07767,0,
-12.8444,-22.3925,6.07783,0,
-12.8444,-22.4000,6.07800,0,
-12.8444,-22.4100,6.07817,0,
-12.8444,-22.4175,6.07833,0,
-12.8444,-22.4250,6.07850,0,
-12.8444,-22.4350,6.07867,0,
-12.8816,-22.4425,6.07883,0,
-12.8816,-22.4500,6.07900,0,
-12.8816,-22.4600,6.07917,0,
-12.8816,-22.4675,6.07933,0,
-12.9188,-22.4775,6.07950,0,
-12.9188,-22.4850,6.07967,0,
-12.9188,-22.4925,6.07983,0,
-12.9188,-22.5025,6.08000,0,
-12.9188,-22.5100,6.08017,0,
-12.9188,-22.5175,6.08033,0,
-12.9188,-22.5275,6.08050,0,
-12.9561,-22.5350,6.08067,0,
-12.9561,-22.5425,6.08083,0,
-12.9561,-22.5500,6.08100,0,
-12.9561,-22.5600,6.08117,0,
-12.9561,-22.5675,6.08133,0,
-12.9561,-22.5750,6.08150,0,
-12.9561,-22.5850,6.08167,0,
-12.9561,-22.5925,6.08183,0,
-12.9561,-22.6000,6.08200,0,
-12.9561,-22.6075,6.08217,0,
-12.9933,-22.6175,6.08233,0,
-12.9933,-22.6250,6.08250,0,
-12.9933,-22.6350,6.08267,0,
-12.9933,-22.6425,6.08283,0,
-12.9933,-22.6525,6.08300,0,
-12.9933,-22.6600,6.08317,0,
-12.9933,-22.6675,6.08333,0,
-13.0305,-22.6775,6.08350,0,
-13.0305,-22.6850,6.08367,0,
-13.0305,-22.6925,6.08383,0,
-13.0305,-22.7000,6.08400,0,
-13.0305,-22.7100,6.08417,0,
-13.0305,-22.7175,6.08433,0,
-13.0305,-22.7250,6.08450,0,
-13.0305,-22.7325,6.08467,0,
-13.0305,-22.7400,6.08483,0,
-13.0678,-22.7500,6.08500,0,
-13.0678,-22.7575,6.08517,0,
-13.0678,-22.7650,6.08533,0,
-13.0678,-22.7750,6.08550,0,
-13.0678,-22.7825,6.08567,0,
-13.1050,-22.7900,6.08583,0,
-13.0678,-22.8000,6.08600,0,
-13.1050,-22.8075,6.08617,0,
-13.1050,-22.8175,6.08633,0,
-13.1050,-22.8250,6.08650,0,
-13.1050,-22.8325,6.08667,0,
-13.1050,-22.8425,6.08683,0,
-13.1050,-22.8500,6.08700,0,
-13.1422,-22.8600,6.08717,0,
-13.1422,-22.8675,6.08733,0,
-13.1422,-22.8750,6.08750,0,
-13.1422,-22.8850,6.08767,0,
-13.1422,-22.8925,6.08783,0,
-13.1422,-22.9000,6.08800,0,
-13.1422,-22.9075,6.08817,0,
-13.1422,-22.9175,6.08833,0,
-13.1794,-22.9250,6.08850,0,
-13.1794,-22.9325,6.08867,0,
-13.1794,-22.9425,6.08883,0,
-13.1794,-22.9500,6.08900,0,
-13.2167,-22.9600,6.08917,0,
-13.2167,-22.9675,6.08933,0,
-13.2167,-22.9775,6.08950,0,
-13.2167,-22.9850,6.08967,0,
-13.2539,-22.9950,6.08983,0,
-13.2539,-23.0025,6.09000,0,
-13.2539,-23.0125,6.09017,0,
-13.2539,-23.0200,6.09033,0,
-13.2911,-23.0275,6.09050,0,
-13.2911,-23.0375,6.09067,0,
-13.2911,-23.0450,6.09083,0,
-13.2911,-23.0525,6.09100,0,
-13.3284,-23.0625,6.09117,0,
-13.3284,-23.0700,6.09133,0,
-13.3284,-23.0775,6.09150,0,
-13.3284,-23.0850,6.09167,0,
-13.3284,-23.0950,6.09183,0,
-13.3656,-23.1025,6.09200,0,
-13.3656,-23.1100,6.09217,0,
-13.3656,-23.1200,6.09233,0,
-13.4028,-23.1275,6.09250,0,
-13.4028,-23.1375,6.09267,0,
-13.4028,-23.1450,6.09283,0,
-13.4401,-23.1550,6.09300,0,
-13.4401,-23.1625,6.09317,0,
-13.4401,-23.1725,6.09333,0,
-13.4401,-23.1800,6.09350,0,
-13.4773,-23.1875,6.09367,0,
-13.4773,-23.1975,6.09383,0,
-13.4773,-23.2050,6.09400,0,
-13.4773,-23.2125,6.09417,0,
-13.5145,-23.2200,6.09433,0,
-13.5145,-23.2300,6.09450,0,
-13.5145,-23.2375,6.09467,0,
-13.5518,-23.2450,6.09483,0,
-13.5518,-23.2525,6.09500,0,
-13.5518,-23.2625,6.09517,0,
-13.5518,-23.2700,6.09533,0,
-13.5890,-23.2775,6.09550,0,
-13.5890,-23.2875,6.09567,0,
-13.5890,-23.2950,6.09583,0,
-13.6262,-23.3025,6.09600,0,
-13.6262,-23.3125,6.09617,0,
-13.6262,-23.3200,6.09633,0,
-13.6262,-23.3300,6.09650,0,
-13.6634,-23.3375,6.09667,0,
-13.6634,-23.3450,6.09683,0,
-13.6634,-23.3550,6.09700,0,
-13.6634,-23.3625,6.09717,0,
-13.7007,-23.3700,6.09733,0,
-13.7007,-23.3775,6.09750,0,
-13.7007,-23.3875,6.09767,0,
-13.7007,-23.3950,6.09783,0,
-13.7379,-23.4025,6.09800,0,
-13.7379,-23.4100,6.09817,0,
-13.7379,-23.4200,6.09833,0,
-13.7379,-23.4275,6.09850,0,
-13.7751,-23.4350,6.09867,0,
-13.7751,-23.4450,6.09883,0,
-13.8124,-23.4525,6.09900,0,
-13.8124,-23.4625,6.09917,0,
-13.8124,-23.4700,6.09933,0,
-13.8124,-23.4800,6.09950,0,
-13.8496,-23.4875,6.09967,0,
-13.8496,-23.4975,6.09983,0,
-13.8496,-23.5050,6.10000,0,
-13.8496,-23.5150,6.10017,0,
-13.8868,-23.5225,6.10033,0,
-13.8868,-23.5325,6.10050,0,
-13.8868,-23.5400,6.10067,0,
-13.9240,-23.5475,6.10083,0,
-13.9240,-23.5575,6.10100,0,
-13.9240,-23.5650,6.10117,0,
-13.9240,-23.5725,6.10133,0,
-13.9613,-23.5825,6.10150,0,
-13.9613,-23.5900,6.10167,0,
-13.9613,-23.5975,6.10183,0,
-13.9613,-23.6050,6.10200,0,
-13.9985,-23.6150,6.10217,0,
-13.9985,-23.6225,6.10233,0,
-13.9985,-23.6325,6.10250,0,
-14.0357,-23.6400,6.10267,0,
-14.0357,-23.6500,6.10283,0,
-14.0357,-23.6575,6.10300,0,
-14.0357,-23.6675,6.10317,0,
-14.0730,-23.6750,6.10333,0,
-14.0730,-23.6850,6.10350,0,
-14.0730,-23.6925,6.10367,0,
-14.0730,-23.7000,6.10383,0,
-14.1102,-23.7075,6.10400,0,
-14.1102,-23.7175,6.10417,0,
-14.1102,-23.7250,6.10433,0,
-14.1102,-23.7325,6.10450,0,
-14.1474,-23.7400,6.10467,0,
-14.1474,-23.7475,6.10483,0,
-14.1474,-23.7575,6.10500,0,
-14.1474,-23.7650,6.10517,0,
-14.1847,-23.7725,6.10533,0,
-14.1847,-23.7825,6.10550,0,
-14.1847,-23.7900,6.10567,0,
-14.2219,-23.7975,6.10583,0,
-14.2219,-23.8075,6.10600,0,
-14.2219,-23.8150,6.10617,0,
-14.2219,-23.8225,6.10633,0,
-14.2591,-23.8325,6.10650,0,
-14.2591,-23.8400,6.10667,0,
-14.2591,-23.8475,6.10683,0,
-14.2591,-23.8575,6.10700,0,
-14.2964,-23.8650,6.10717,0,
-14.2964,-23.8725,6.10733,0,
-14.2964,-23.8825,6.10750,0,
-14.2964,-23.8900,6.10767,0,
-14.2964,-23.8975,6.10783,0,
-14.2964,-23.9050,6.10800,0,
-14.3336,-23.9125,6.10817,0,
-14.3336,-23.9225,6.10833,0,
-14.3336,-23.9300,6.10850,0,
-14.3336,-23.9375,6.10867,0,
-14.3708,-23.9450,6.10883,0,
-14.3708,-23.9550,6.10900,0,
-14.3708,-23.9625,6.10917,0,
-14.3708,-23.9700,6.10933,0,
-14.4080,-23.9800,6.10950,0,
-14.4080,-23.9875,6.10967,0,
-14.4080,-23.9975,6.10983,0,
-14.4453,-24.0050,6.11000,0,
-14.4453,-24.0125,6.11017,0,
-14.4453,-24.0225,6.11033,0,
-14.4453,-24.0300,6.11050,0,
-14.4453,-24.0375,6.11067,0,
-14.4453,-24.0450,6.11083,0,
-14.4825,-24.0525,6.11100,0,
-14.4825,-24.0625,6.11117,0,
-14.4825,-24.0700,6.11133,0,
-14.4825,-24.0775,6.11150,0,
-14.4825,-24.0850,6.11167,0,
-14.5197,-24.0950,6.11183,0,
-14.5197,-24.1025,6.11200,0,
-14.5197,-24.1125,6.11217,0,
-14.5570,-24.1200,6.11233,0,
-14.5570,-24.1275,6.11250,0,
-14.5570,-24.1375,6.11267,0,
-14.5570,-24.1450,6.11283,0,
-14.5570,-24.1525,6.11300,0,
-14.5942,-24.1625,6.11317,0,
-14.5942,-24.1700,6.11333,0,
-14.5942,-24.1800,6.11350,0,
-14.5942,-24.1875,6.11367,0,
-14.6314,-24.1950,6.11383,0,
-14.6314,-24.2050,6.11400,0,
-14.6314,-24.2125,6.11417,0,
-14.6687,-24.2200,6.11433,0,
-14.6687,-24.2275,6.11450,0,
-14.6687,-24.2350,6.11467,0,
-14.7059,-24.2450,6.11483,0,
-14.7059,-24.2525,6.11500,0,
-14.7059,-24.2600,6.11517,0,
-14.7059,-24.2700,6.11533,0,
-14.7431,-24.2775,6.11550,0,
-14.7431,-24.2850,6.11567,0,
-14.7431,-24.2950,6.11583,0,
-14.7431,-24.3025,6.11600,0,
-14.7803,-24.3125,6.11617,0,
-14.7803,-24.3200,6.11633,0,
-14.7803,-24.3275,6.11650,0,
-14.8176,-24.3375,6.11667,0,
-14.8176,-24.3450,6.11683,0,
-14.8176,-24.3525,6.11700,0,
-14.8176,-24.3625,6.11717,0,
-14.8176,-24.3700,6.11733,0,
-14.8548,-24.3775,6.11750,0,
-14.8548,-24.3850,6.11767,0,
-14.8548,-24.3925,6.11783,0,
-14.8548,-24.4000,6.11800,0,
-14.8920,-24.4075,6.11817,0,
-14.8920,-24.4175,6.11833,0,
-14.8920,-24.4250,6.11850,0,
-14.8920,-24.4325,6.11867,0,
-14.9293,-24.4425,6.11883,0,
-14.9293,-24.4500,6.11900,0,
-14.9293,-24.4600,6.11917,0,
-14.9665,-24.4675,6.11933,0,
-14.9665,-24.4750,6.11950,0,
-14.9665,-24.4850,6.11967,0,
-14.9665,-24.4925,6.11983,0,
-15.0037,-24.5000,6.12000,0,
-15.0037,-24.5100,6.12017,0,
-15.0410,-24.5175,6.12033,0,
-15.0410,-24.5275,6.12050,0,
-15.0410,-24.5350,6.12067,0,
-15.0410,-24.5425,6.12083,0,
-15.0782,-24.5525,6.12100,0,
-15.0782,-24.5600,6.12117,0,
-15.0782,-24.5675,6.12133,0,
-15.1154,-24.5750,6.12150,0,
-15.1154,-24.5850,6.12167,0,
-15.1154,-24.5925,6.12183,0,
-15.1154,-24.6000,6.12200,0,
-15.1526,-24.6075,6.12217,0,
-15.1526,-24.6175,6.12233,0,
-15.1526,-24.6250,6.12250,0,
-15.1899,-24.6350,6.12267,0,
-15.1899,-24.6425,6.12283,0,
-15.2271,-24.6500,6.12300,0,
-15.2271,-24.6600,6.12317,0,
-15.2271,-24.6675,6.12333,0,
-15.2271,-24.6775,6.12350,0,
-15.2643,-24.6850,6.12367,0,
-15.2643,-24.6925,6.12383,0,
-15.2643,-24.7000,6.12400,0,
-15.3016,-24.7100,6.12417,0,
-15.3016,-24.7175,6.12433,0,
-15.3016,-24.7250,6.12450,0,
-15.3016,-24.7325,6.12467,0,
-15.3388,-24.7400,6.12483,0,
-15.3388,-24.7500,6.12500,0,
-15.3388,-24.7575,6.12517,0,
-15.3760,-24.7675,6.12533,0,
-15.3760,-24.7750,6.12550,0,
-15.4133,-24.7850,6.12567,0,
-15.4133,-24.7925,6.12583,0,
-15.4133,-24.8000,6.12600,0,
-15.4505,-24.8100,6.12617,0,
-15.4505,-24.8175,6.12633,0,
-15.4505,-24.8250,6.12650,0,
-15.4877,-24.8350,6.12667,0,
-15.5249,-24.8425,6.12683,0,
-15.5249,-24.8525,6.12700,0,
-15.5249,-24.8600,6.12717,0,
-15.5622,-24.8700,6.12733,0,
-15.5622,-24.8775,6.12750,0,
-15.5994,-24.8850,6.12767,0,
-15.5994,-24.8925,6.12783,0,
-15.5994,-24.9025,6.12800,0,
-15.6366,-24.9100,6.12817,0,
-15.6366,-24.9175,6.12833,0,
-15.6739,-24.9275,6.12850,0,
-15.6739,-24.9350,6.12867,0,
-15.6739,-24.9425,6.12883,0,
-15.7111,-24.9525,6.12900,0,
-15.7111,-24.9600,6.12917,0,
-15.7111,-24.9700,6.12933,0,
-15.7483,-24.9775,6.12950,0,
-15.7483,-24.9875,6.12967,0,
-15.7856,-24.9950,6.12983,0,
-15.7856,-25.0025,6.13000,0,
-15.8228,-25.0125,6.13017,0,
-15.8228,-25.0200,6.13033,0,
-15.8600,-25.0275,6.13050,0,
-15.8600,-25.0375,6.13067,0,
-15.8972,-25.0450,6.13083,0,
-15.8972,-25.0525,6.13100,0,
-15.8972,-25.0600,6.13117,0,
-15.9345,-25.0675,6.13133,0,
-15.9345,-25.0775,6.13150,0,
-15.9717,-25.0850,6.13167,0,
-15.9717,-25.0950,6.13183,0,
-16.0089,-25.1025,6.13200,0,
-16.0089,-25.1100,6.13217,0,
-16.0089,-25.1200,6.13233,0,
-16.0462,-25.1275,6.13250,0,
-16.0462,-25.1350,6.13267,0,
-16.0462,-25.1450,6.13283,0,
-16.0834,-25.1525,6.13300,0,
-16.0462,-25.1600,6.13317,0,
-16.0834,-25.1700,6.13333,0,
-16.0834,-25.1775,6.13350,0,
-16.1206,-25.1850,6.13367,0,
-16.1206,-25.1950,6.13383,0,
-16.1206,-25.2025,6.13400,0,
-16.1206,-25.2100,6.13417,0,
-16.1579,-25.2175,6.13433,0,
-16.1579,-25.2275,6.13450,0,
-16.1951,-25.2350,6.13467,0,
-16.1951,-25.2425,6.13483,0,
-16.2323,-25.2500,6.13500,0,
-16.2323,-25.2600,6.13517,0,
-16.2695,-25.2675,6.13533,0,
-16.2695,-25.2750,6.13550,0,
-16.2695,-25.2850,6.13567,0,
-16.3068,-25.2925,6.13583,0,
-16.3440,-25.3025,6.13600,0,
-16.3440,-25.3100,6.13617,0,
-16.3812,-25.3175,6.13633,0,
-16.3812,-25.3275,6.13650,0,
-16.4185,-25.3350,6.13667,0,
-16.4185,-25.3425,6.13683,0,
-16.4557,-25.3525,6.13700,0,
-16.4929,-25.3600,6.13717,0,
-16.4929,-25.3675,6.13733,0,
-16.5302,-25.3750,6.13750,0,
-16.5302,-25.3850,6.13767,0,
-16.5302,-25.3925,6.13783,0,
-16.5674,-25.4000,6.13800,0,
-16.5674,-25.4075,6.13817,0,
-16.6046,-25.4150,6.13833,0,
-16.6046,-25.4250,6.13850,0,
-16.6418,-25.4325,6.13867,0,
-16.6418,-25.4400,6.13883,0,
-16.6791,-25.4500,6.13900,0,
-16.6791,-25.4575,6.13917,0,
-16.6791,-25.4650,6.13933,0,
-16.7163,-25.4750,6.13950,0,
-16.7163,-25.4825,6.13967,0,
-16.7535,-25.4900,6.13983,0,
-16.7908,-25.5000,6.14000,0,
-16.7908,-25.5075,6.14017,0,
-16.7908,-25.5150,6.14033,0,
-16.8280,-25.5250,6.14050,0,
-16.8652,-25.5325,6.14067,0,
-16.9025,-25.5400,6.14083,0,
-16.9025,-25.5500,6.14100,0,
-16.9397,-25.5575,6.14117,0,
-16.9397,-25.5650,6.14133,0,
-16.9769,-25.5725,6.14150,0,
-16.9769,-25.5825,6.14167,0,
-17.0141,-25.5900,6.14183,0,
-17.0514,-25.5975,6.14200,0,
-17.0886,-25.6075,6.14217,0,
-17.0886,-25.6150,6.14233,0,
-17.1258,-25.6250,6.14250,0,
-17.1258,-25.6325,6.14267,0,
-17.1631,-25.6425,6.14283,0,
-17.2003,-25.6500,6.14300,0,
-17.2375,-25.6575,6.14317,0,
-17.2748,-25.6675,6.14333,0,
-17.2748,-25.6750,6.14350,0,
-17.3120,-25.6850,6.14367,0,
-17.3120,-25.6925,6.14383,0,
-17.3492,-25.7000,6.14400,0,
-17.3864,-25.7100,6.14417,0,
-17.4237,-25.7175,6.14433,0,
-17.4609,-25.7250,6.14450,0,
-17.4609,-25.7325,6.14467,0,
-17.4981,-25.7425,6.14483,0,
-17.5354,-25.7500,6.14500,0,
-17.5354,-25.7575,6.14517,0,
-17.5726,-25.7675,6.14533,0,
-17.6098,-25.7750,6.14550,0,
-17.6471,-25.7850,6.14567,0,
-17.6471,-25.7925,6.14583,0,
-17.7215,-25.8000,6.14600,0,
-17.7215,-25.8100,6.14617,0,
-17.7587,-25.8175,6.14633,0,
-17.7960,-25.8250,6.14650,0,
-17.8332,-25.8350,6.14667,0,
-17.8332,-25.8425,6.14683,0,
-17.8704,-25.8500,6.14700,0,
-17.8704,-25.8575,6.14717,0,
-17.9077,-25.8675,6.14733,0,
-17.9449,-25.8750,6.14750,0,
-17.9449,-25.8825,6.14767,0,
-17.9821,-25.8900,6.14783,0,
-18.0194,-25.9000,6.14800,0,
-18.0194,-25.9075,6.14817,0,
-18.0566,-25.9150,6.14833,0,
-18.0566,-25.9250,6.14850,0,
-18.0938,-25.9325,6.14867,0,
-18.1311,-25.9400,6.14883,0,
-18.1683,-25.9500,6.14900,0,
-18.1683,-25.9575,6.14917,0,
-18.2055,-25.9650,6.14933,0,
-18.2427,-25.9750,6.14950,0,
-18.2427,-25.9825,6.14967,0,
-18.2800,-25.9925,6.14983,0,
-18.3172,-26.0000,6.15000,0,
-18.3544,-26.0100,6.15017,0,
-18.3544,-26.0175,6.15033,0,
-18.3917,-26.0250,6.15050,0,
-18.4289,-26.0325,6.15067,0,
-18.4289,-26.0425,6.15083,0,
-18.4661,-26.0500,6.15100,0,
-18.5033,-26.0575,6.15117,0,
-18.5033,-26.0650,6.15133,0,
-18.5406,-26.0725,6.15150,0,
-18.5778,-26.0825,6.15167,0,
-18.5778,-26.0900,6.15183,0,
-18.6150,-26.1000,6.15200,0,
-18.6150,-26.1075,6.15217,0,
-18.6150,-26.1175,6.15233,0,
-18.6523,-26.1250,6.15250,0,
-18.6523,-26.1325,6.15267,0,
-18.6895,-26.1425,6.15283,0,
-18.6895,-26.1500,6.15300,0,
-18.7267,-26.1575,6.15317,0,
-18.7267,-26.1675,6.15333,0,
-18.7640,-26.1750,6.15350,0,
-18.8012,-26.1850,6.15367,0,
-18.8384,-26.1925,6.15383,0,
-18.8757,-26.2000,6.15400,0,
-18.8757,-26.2100,6.15417,0,
-18.9129,-26.2175,6.15433,0,
-18.9501,-26.2250,6.15450,0,
-18.9873,-26.2350,6.15467,0,
-18.9873,-26.2425,6.15483,0,
-19.0246,-26.2500,6.15500,0,
-19.0618,-26.2600,6.15517,0,
-19.0990,-26.2675,6.15533,0,
-19.1363,-26.2750,6.15550,0,
-19.1363,-26.2850,6.15567,0,
-19.1735,-26.2925,6.15583,0,
-19.2107,-26.3000,6.15600,0,
-19.2480,-26.3100,6.15617,0,
-19.2852,-26.3175,6.15633,0,
-19.2852,-26.3250,6.15650,0,
-19.2852,-26.3350,6.15667,0,
-19.3224,-26.3425,6.15683,0,
-19.3596,-26.3500,6.15700,0,
-19.3596,-26.3600,6.15717,0,
-19.3969,-26.3675,6.15733,0,
-19.3969,-26.3750,6.15750,0,
-19.4341,-26.3825,6.15767,0,
-19.4713,-26.3925,6.15783,0,
-19.4713,-26.4000,6.15800,0,
-19.5086,-26.4075,6.15817,0,
-19.5458,-26.4150,6.15833,0,
-19.5830,-26.4250,6.15850,0,
-19.5830,-26.4325,6.15867,0,
-19.6203,-26.4400,6.15883,0,
-19.6203,-26.4500,6.15900,0,
-19.6575,-26.4575,6.15917,0,
-19.6947,-26.4650,6.15933,0,
-19.6947,-26.4750,6.15950,0,
-19.7319,-26.4825,6.15967,0,
-19.7692,-26.4900,6.15983,0,
-19.7692,-26.4975,6.16000,0,
-19.8064,-26.5075,6.16017,0,
-19.8436,-26.5150,6.16033,0,
-19.8436,-26.5225,6.16050,0,
-19.8809,-26.5325,6.16067,0,
-19.9181,-26.5400,6.16083,0,
-19.9181,-26.5475,6.16100,0,
-19.9553,-26.5575,6.16117,0,
-19.9926,-26.5650,6.16133,0,
-19.9926,-26.5725,6.16150,0,
-20.0298,-26.5825,6.16167,0,
-20.0670,-26.5900,6.16183,0,
-20.1042,-26.5975,6.16200,0,
-20.1042,-26.6075,6.16217,0,
-20.1415,-26.6150,6.16233,0,
-20.1787,-26.6250,6.16250,0,
-20.1787,-26.6325,6.16267,0,
-20.2159,-26.6400,6.16283,0,
-20.2532,-26.6500,6.16300,0,
-20.2532,-26.6575,6.16317,0,
-20.2904,-26.6675,6.16333,0,
-20.2904,-26.6750,6.16350,0,
-20.3276,-26.6825,6.16367,0,
-20.3649,-26.6925,6.16383,0,
-20.3649,-26.7000,6.16400,0,
-20.4021,-26.7075,6.16417,0,
-20.4021,-26.7150,6.16433,0,
-20.4393,-26.7250,6.16450,0,
-20.4765,-26.7325,6.16467,0,
-20.4765,-26.7400,6.16483,0,
-20.5138,-26.7475,6.16500,0,
-20.5510,-26.7575,6.16517,0,
-20.5510,-26.7650,6.16533,0,
-20.5882,-26.7725,6.16550,0,
-20.6255,-26.7825,6.16567,0,
-20.6255,-26.7900,6.16583,0,
-20.6627,-26.8000,6.16600,0,
-20.6999,-26.8075,6.16617,0,
-20.6999,-26.8150,6.16633,0,
-20.7372,-26.8250,6.16650,0,
-20.7372,-26.8325,6.16667,0,
-20.7372,-26.8400,6.16683,0,
-20.7744,-26.8475,6.16700,0,
-20.7744,-26.8575,6.16717,0,
-20.8116,-26.8650,6.16733,0,
-20.8488,-26.8725,6.16750,0,
-20.8488,-26.8825,6.16767,0,
-20.8488,-26.8900,6.16783,0,
-20.8861,-26.8975,6.16800,0,
-20.8861,-26.9075,6.16817,0,
-20.9233,-26.9150,6.16833,0,
-20.9233,-26.9225,6.16850,0,
-20.9233,-26.9325,6.16867,0,
-20.9605,-26.9400,6.16883,0,
-20.9605,-26.9500,6.16900,0,
-20.9978,-26.9575,6.16917,0,
-20.9978,-26.9650,6.16933,0,
-21.0350,-26.9750,6.16950,0,
-21.0350,-26.9825,6.16967,0,
-21.0722,-26.9925,6.16983,0,
-21.1095,-27.0000,6.17000,0,
-21.1095,-27.0075,6.17017,0,
-21.1467,-27.0175,6.17033,0,
-21.1467,-27.0250,6.17050,0,
-21.1839,-27.0325,6.17067,0,
-21.2211,-27.0400,6.17083,0,
-21.2211,-27.0475,6.17100,0,
-21.2584,-27.0575,6.17117,0,
-21.2584,-27.0650,6.17133,0,
-21.2956,-27.0725,6.17150,0,
-21.3328,-27.0825,6.17167,0,
-21.3328,-27.0900,6.17183,0,
-21.3328,-27.0975,6.17200,0,
-21.3701,-27.1075,6.17217,0,
-21.4073,-27.1150,6.17233,0,
-21.4073,-27.1225,6.17250,0,
-21.4445,-27.1325,6.17267,0,
-21.4818,-27.1400,6.17283,0,
-21.4818,-27.1475,6.17300,0,
-21.5190,-27.1575,6.17317,0,
-21.5190,-27.1650,6.17333,0,
-21.5562,-27.1725,6.17350,0,
-21.5934,-27.1825,6.17367,0,
-21.5934,-27.1900,6.17383,0,
-21.6307,-27.2000,6.17400,0,
-21.6307,-27.2075,6.17417,0,
-21.6679,-27.2150,6.17433,0,
-21.6679,-27.2250,6.17450,0,
-21.7051,-27.2325,6.17467,0,
-21.7424,-27.2400,6.17483,0,
-21.7424,-27.2475,6.17500,0,
-21.7796,-27.2575,6.17517,0,
-21.8168,-27.2650,6.17533,0,
-21.8168,-27.2725,6.17550,0,
-21.8541,-27.2825,6.17567,0,
-21.8913,-27.2900,6.17583,0,
-21.8913,-27.3000,6.17600,0,
-21.9285,-27.3075,6.17617,0,
-21.9657,-27.3175,6.17633,0,
-21.9657,-27.3250,6.17650,0,
-22.0030,-27.3325,6.17667,0,
-22.0402,-27.3425,6.17683,0,
-22.0402,-27.3500,6.17700,0,
-22.0774,-27.3575,6.17717,0,
-22.1147,-27.3675,6.17733,0,
-22.1147,-27.3750,6.17750,0,
-22.1519,-27.3825,6.17767,0,
-22.1519,-27.3900,6.17783,0,
-22.1891,-27.3975,6.17800,0,
-22.1891,-27.4075,6.17817,0,
-22.2264,-27.4150,6.17833,0,
-22.2264,-27.4250,6.17850,0,
-22.2636,-27.4325,6.17867,0,
-22.3008,-27.4400,6.17883,0,
-22.3008,-27.4500,6.17900,0,
-22.3380,-27.4575,6.17917,0,
-22.3753,-27.4675,6.17933,0,
-22.3753,-27.4750,6.17950,0,
-22.4125,-27.4850,6.17967,0,
-22.4497,-27.4925,6.17983,0,
-22.4497,-27.5000,6.18000,0,
-22.4870,-27.5100,6.18017,0,
-22.4870,-27.5175,6.18033,0,
-22.5242,-27.5275,6.18050,0,
-22.5242,-27.5350,6.18067,0,
-22.5614,-27.5425,6.18083,0,
-22.5614,-27.5500,6.18100,0,
-22.5987,-27.5575,6.18117,0,
-22.5987,-27.5675,6.18133,0,
-22.6359,-27.5750,6.18150,0,
-22.6731,-27.5825,6.18167,0,
-22.6731,-27.5925,6.18183,0,
-22.7104,-27.6000,6.18200,0,
-22.7476,-27.6100,6.18217,0,
-22.7476,-27.6175,6.18233,0,
-22.7848,-27.6250,6.18250,0,
-22.8220,-27.6350,6.18267,0,
-22.8220,-27.6425,6.18283,0,
-22.8220,-27.6525,6.18300,0,
-22.8593,-27.6600,6.18317,0,
-22.8965,-27.6700,6.18333,0,
-22.8965,-27.6775,6.18350,0,
-22.8965,-27.6850,6.18367,0,
-22.9337,-27.6925,6.18383,0,
-22.9337,-27.7025,6.18400,0,
-22.9710,-27.7100,6.18417,0,
-22.9710,-27.7175,6.18433,0,
-23.0082,-27.7275,6.18450,0,
-23.0454,-27.7350,6.18467,0,
-23.0454,-27.7425,6.18483,0,
-23.0826,-27.7500,6.18500,0,
-23.1199,-27.7600,6.18517,0,
-23.1199,-27.7675,6.18533,0,
-23.1571,-27.7750,6.18550,0,
-23.1571,-27.7850,6.18567,0,
-23.1943,-27.7925,6.18583,0,
-23.2316,-27.8025,6.18600,0,
-23.2316,-27.8100,6.18617,0,
-23.2688,-27.8175,6.18633,0,
-23.2688,-27.8275,6.18650,0,
-23.3060,-27.8350,6.18667,0,
-23.3060,-27.8425,6.18683,0,
-23.3433,-27.8525,6.18700,0,
-23.3433,-27.8600,6.18717,0,
-23.3805,-27.8700,6.18733,0,
-23.3805,-27.8775,6.18750,0,
-23.4177,-27.8850,6.18767,0,
-23.4177,-27.8950,6.18783,0,
-23.4177,-27.9025,6.18800,0,
-23.4550,-27.9100,6.18817,0,
-23.4922,-27.9200,6.18833,0,
-23.4922,-27.9275,6.18850,0,
-23.4922,-27.9350,6.18867,0,
-23.5294,-27.9450,6.18883,0,
-23.5666,-27.9525,6.18900,0,
-23.5666,-27.9625,6.18917,0,
-23.6039,-27.9700,6.18933,0,
-23.6411,-27.9775,6.18950,0,
-23.6411,-27.9875,6.18967,0,
-23.6783,-27.9950,6.18983,0,
-23.6783,-28.0050,6.19000,0,
-23.7156,-28.0125,6.19017,0,
-23.7528,-28.0200,6.19033,0,
-23.7528,-28.0300,6.19050,0,
-23.7528,-28.0375,6.19067,0,
-23.7900,-28.0450,6.19083,0,
-23.7900,-28.0550,6.19100,0,
-23.7900,-28.0625,6.19117,0,
-23.7900,-28.0700,6.19133,0,
-23.8273,-28.0800,6.19150,0,
-23.8273,-28.0875,6.19167,0,
-23.8273,-28.0975,6.19183,0,
-23.8645,-28.1050,6.19200,0,
-23.8645,-28.1150,6.19217,0,
-23.9017,-28.1225,6.19233,0,
-23.9017,-28.1300,6.19250,0,
-23.9389,-28.1400,6.19267,0,
-23.9762,-28.1475,6.19283,0,
-23.9762,-28.1575,6.19300,0,
-24.0134,-28.1650,6.19317,0,
-24.0134,-28.1725,6.19333,0,
-24.0506,-28.1825,6.19350,0,
-24.0506,-28.1900,6.19367,0,
-24.0879,-28.1975,6.19383,0,
-24.0879,-28.2075,6.19400,0,
-24.1251,-28.2150,6.19417,0,
-24.1623,-28.2225,6.19433,0,
-24.1623,-28.2325,6.19450,0,
-24.1996,-28.2400,6.19467,0,
-24.2368,-28.2475,6.19483,0,
-24.2368,-28.2575,6.19500,0,
-24.2740,-28.2650,6.19517,0,
-24.3112,-28.2725,6.19533,0,
-24.3112,-28.2825,6.19550,0,
-24.3485,-28.2900,6.19567,0,
-24.3485,-28.3000,6.19583,0,
-24.3857,-28.3075,6.19600,0,
-24.4229,-28.3175,6.19617,0,
-24.4229,-28.3250,6.19633,0,
-24.4602,-28.3325,6.19650,0,
-24.4602,-28.3425,6.19667,0,
-24.4974,-28.3500,6.19683,0,
-24.4974,-28.3600,6.19700,0,
-24.5346,-28.3675,6.19717,0,
-24.5346,-28.3750,6.19733,0,
-24.5719,-28.3825,6.19750,0,
-24.5719,-28.3925,6.19767,0,
-24.6091,-28.4000,6.19783,0,
-24.6091,-28.4075,6.19800,0,
-24.6463,-28.4175,6.19817,0,
-24.6463,-28.4250,6.19833,0,
-24.6835,-28.4325,6.19850,0,
-24.6835,-28.4425,6.19867,0,
-24.7208,-28.4500,6.19883,0,
-24.7208,-28.4575,6.19900,0,
-24.7580,-28.4675,6.19917,0,
-24.7580,-28.4750,6.19933,0,
-24.7952,-28.4850,6.19950,0,
-24.7952,-28.4925,6.19967,0,
-24.8325,-28.5025,6.19983,0,
-24.8325,-28.5100,6.20000,0,
-24.8697,-28.5175,6.20017,0,
-24.8697,-28.5275,6.20033,0,
-24.8697,-28.5350,6.20050,0,
-24.9069,-28.5425,6.20067,0,
-24.9069,-28.5525,6.20083,0,
-24.9069,-28.5600,6.20100,0,
-24.9442,-28.5675,6.20117,0,
-24.9442,-28.5750,6.20133,0,
-24.9442,-28.5850,6.20150,0,
-24.9814,-28.5925,6.20167,0,
-24.9814,-28.6000,6.20183,0,
-25.0186,-28.6100,6.20200,0,
-25.0186,-28.6175,6.20217,0,
-25.0186,-28.6250,6.20233,0,
-25.0558,-28.6350,6.20250,0,
-25.0558,-28.6425,6.20267,0,
-25.0558,-28.6525,6.20283,0,
-25.0931,-28.6600,6.20300,0,
-25.0931,-28.6700,6.20317,0,
-25.1303,-28.6775,6.20333,0,
-25.1303,-28.6850,6.20350,0,
-25.1675,-28.6950,6.20367,0,
-25.1675,-28.7025,6.20383,0,
-25.2048,-28.7100,6.20400,0,
-25.2048,-28.7175,6.20417,0,
-25.2048,-28.7250,6.20433,0,
-25.2420,-28.7350,6.20450,0,
-25.2420,-28.7425,6.20467,0,
-25.2792,-28.7500,6.20483,0,
-25.2792,-28.7600,6.20500,0,
-25.3165,-28.7675,6.20517,0,
-25.3165,-28.7750,6.20533,0,
-25.3537,-28.7850,6.20550,0,
-25.3537,-28.7925,6.20567,0,
-25.3909,-28.8000,6.20583,0,
-25.4281,-28.8100,6.20600,0,
-25.4281,-28.8175,6.20617,0,
-25.4654,-28.8250,6.20633,0,
-25.4654,-28.8350,6.20650,0,
-25.5026,-28.8425,6.20667,0,
-25.5026,-28.8500,6.20683,0,
-25.5398,-28.8600,6.20700,0,
-25.5398,-28.8675,6.20717,0,
-25.5398,-28.8750,6.20733,0,
-25.5771,-28.8850,6.20750,0,
-25.5771,-28.8925,6.20767,0,
-25.6143,-28.9000,6.20783,0,
-25.6143,-28.9075,6.20800,0,
-25.6515,-28.9175,6.20817,0,
-25.6515,-28.9250,6.20833,0,
-25.6888,-28.9325,6.20850,0,
-25.6888,-28.9425,6.20867,0,
-25.7260,-28.9500,6.20883,0,
-25.7260,-28.9575,6.20900,0,
-25.7632,-28.9675,6.20917,0,
-25.7632,-28.9750,6.20933,0,
-25.8004,-28.9850,6.20950,0,
-25.8004,-28.9925,6.20967,0,
-25.8377,-29.0000,6.20983,0,
-25.8377,-29.0100,6.21000,0,
-25.8749,-29.0175,6.21017,0,
-25.8749,-29.0250,6.21033,0,
-25.8749,-29.0350,6.21050,0,
-25.9121,-29.0425,6.21067,0,
-25.9121,-29.0500,6.21083,0,
-25.9494,-29.0575,6.21100,0,
-25.9494,-29.0675,6.21117,0,
-25.9866,-29.0750,6.21133,0,
-25.9866,-29.0825,6.21150,0,
-26.0238,-29.0925,6.21167,0,
-26.0238,-29.1000,6.21183,0,
-26.0611,-29.1075,6.21200,0,
-26.0611,-29.1150,6.21217,0,
-26.0983,-29.1250,6.21233,0,
-26.0983,-29.1325,6.21250,0,
-26.1355,-29.1425,6.21267,0,
-26.1355,-29.1500,6.21283,0,
-26.1355,-29.1575,6.21300,0,
-26.1727,-29.1650,6.21317,0,
-26.1727,-29.1750,6.21333,0,
-26.1727,-29.1825,6.21350,0,
-26.1727,-29.1900,6.21367,0,
-26.2100,-29.2000,6.21383,0,
-26.2100,-29.2075,6.21400,0,
-26.2100,-29.2150,6.21417,0,
-26.2472,-29.2250,6.21433,0,
-26.2472,-29.2325,6.21450,0,
-26.2472,-29.2400,6.21467,0,
-26.2844,-29.2475,6.21483,0,
-26.2844,-29.2575,6.21500,0,
-26.3217,-29.2650,6.21517,0,
-26.3217,-29.2725,6.21533,0,
-26.3589,-29.2825,6.21550,0,
-26.3589,-29.2900,6.21567,0,
-26.3589,-29.2975,6.21583,0,
-26.3961,-29.3075,6.21600,0,
-26.3961,-29.3150,6.21617,0,
-26.4334,-29.3250,6.21633,0,
-26.4334,-29.3325,6.21650,0,
-26.4334,-29.3425,6.21667,0,
-26.4706,-29.3500,6.21683,0,
-26.4706,-29.3575,6.21700,0,
-26.4706,-29.3650,6.21717,0,
-26.5078,-29.3750,6.21733,0,
-26.5078,-29.3825,6.21750,0,
-26.5078,-29.3900,6.21767,0,
-26.5450,-29.3975,6.21783,0,
-26.5450,-29.4075,6.21800,0,
-26.5450,-29.4150,6.21817,0,
-26.5823,-29.4225,6.21833,0,
-26.5823,-29.4300,6.21850,0,
-26.5823,-29.4400,6.21867,0,
-26.6195,-29.4475,6.21883,0,
-26.6195,-29.4575,6.21900,0,
-26.6567,-29.4650,6.21917,0,
-26.6567,-29.4725,6.21933,0,
-26.6940,-29.4825,6.21950,0,
-26.6940,-29.4900,6.21967,0,
-26.7312,-29.4975,6.21983,0,
-26.7312,-29.5075,6.22000,0,
-26.7684,-29.5150,6.22017,0,
-26.7684,-29.5250,6.22033,0,
-26.8057,-29.5325,6.22050,0,
-26.8057,-29.5400,6.22067,0,
-26.8429,-29.5500,6.22083,0,
-26.8429,-29.5575,6.22100,0,
-26.8801,-29.5650,6.22117,0,
-26.8801,-29.5725,6.22133,0,
-26.9173,-29.5825,6.22150,0,
-26.9173,-29.5900,6.22167,0,
-26.9546,-29.5975,6.22183,0,
-26.9546,-29.6050,6.22200,0,
-26.9546,-29.6150,6.22217,0,
-26.9918,-29.6225,6.22233,0,
-26.9918,-29.6300,6.22250,0,
-27.0290,-29.6400,6.22267,0,
-27.0663,-29.6475,6.22283,0,
-27.0663,-29.6575,6.22300,0,
-27.0663,-29.6650,6.22317,0,
-27.1035,-29.6750,6.22333,0,
-27.1035,-29.6825,6.22350,0,
-27.1407,-29.6900,6.22367,0,
-27.1407,-29.7000,6.22383,0,
-27.1780,-29.7075,6.22400,0,
-27.1780,-29.7150,6.22417,0,
-27.2152,-29.7225,6.22433,0,
-27.2152,-29.7300,6.22450,0,
-27.2524,-29.7375,6.22467,0,
-27.2524,-29.7475,6.22483,0,
-27.2896,-29.7550,6.22500,0,
-27.2896,-29.7650,6.22517,0,
-27.3269,-29.7725,6.22533,0,
-27.3269,-29.7800,6.22550,0,
-27.3641,-29.7900,6.22567,0,
-27.3641,-29.7975,6.22583,0,
-27.3641,-29.8050,6.22600,0,
-27.4013,-29.8150,6.22617,0,
-27.4013,-29.8225,6.22633,0,
-27.4386,-29.8300,6.22650,0,
-27.4386,-29.8400,6.22667,0,
-27.4386,-29.8475,6.22683,0,
-27.4758,-29.8550,6.22700,0,
-27.5130,-29.8650,6.22717,0,
-27.5130,-29.8725,6.22733,0,
-27.5130,-29.8800,6.22750,0,
-27.5503,-29.8900,6.22767,0,
-27.5503,-29.8975,6.22783,0,
-27.5503,-29.9050,6.22800,0,
-27.5875,-29.9150,6.22817,0,
-27.5875,-29.9225,6.22833,0,
-27.6247,-29.9300,6.22850,0,
-27.6247,-29.9375,6.22867,0,
-27.6619,-29.9475,6.22883,0,
-27.6619,-29.9550,6.22900,0,
-27.6619,-29.9650,6.22917,0,
-27.6992,-29.9725,6.22933,0,
-27.6992,-29.9825,6.22950,0,
-27.7364,-29.9900,6.22967,0,
-27.7364,-29.9975,6.22983,0,
-27.7736,-30.0075,6.23000,0,
-27.7736,-30.0150,6.23017,0,
-27.8109,-30.0225,6.23033,0,
-27.8109,-30.0325,6.23050,0,
-27.8109,-30.0400,6.23067,0,
-27.8481,-30.0475,6.23083,0,
-27.8481,-30.0550,6.23100,0,
-27.8853,-30.0650,6.23117,0,
-27.8853,-30.0725,6.23133,0,
-27.8853,-30.0800,6.23150,0,
-27.9226,-30.0875,6.23167,0,
-27.9226,-30.0975,6.23183,0,
-27.9598,-30.1050,6.23200,0,
-27.9598,-30.1150,6.23217,0,
-27.9970,-30.1225,6.23233,0,
-27.9970,-30.1300,6.23250,0,
-27.9970,-30.1400,6.23267,0,
-28.0343,-30.1475,6.23283,0,
-28.0343,-30.1550,6.23300,0,
-28.0715,-30.1650,6.23317,0,
-28.0715,-30.1725,6.23333,0,
-28.0715,-30.1825,6.23350,0,
-28.1087,-30.1900,6.23367,0,
-28.1087,-30.1975,6.23383,0,
-28.1459,-30.2075,6.23400,0,
-28.1459,-30.2150,6.23417,0,
-28.1832,-30.2225,6.23433,0,
-28.1832,-30.2300,6.23450,0,
-28.1832,-30.2400,6.23467,0,
-28.1832,-30.2475,6.23483,0,
-28.2204,-30.2550,6.23500,0,
-28.2204,-30.2625,6.23517,0,
-28.2204,-30.2700,6.23533,0,
-28.2576,-30.2800,6.23550,0,
-28.2576,-30.2875,6.23567,0,
-28.2949,-30.2975,6.23583,0,
-28.2949,-30.3050,6.23600,0,
-28.3321,-30.3125,6.23617,0,
-28.3321,-30.3225,6.23633,0,
-28.3321,-30.3300,6.23650,0,
-28.3693,-30.3375,6.23667,0,
-28.3693,-30.3475,6.23683,0,
-28.4066,-30.3550,6.23700,0,
-28.4066,-30.3625,6.23717,0,
-28.4438,-30.3700,6.23733,0,
-28.4438,-30.3775,6.23750,0,
-28.4438,-30.3875,6.23767,0,
-28.4810,-30.3950,6.23783,0,
-28.4810,-30.4025,6.23800,0,
-28.5182,-30.4100,6.23817,0,
-28.5182,-30.4200,6.23833,0,
-28.5182,-30.4275,6.23850,0,
-28.5555,-30.4350,6.23867,0,
-28.5555,-30.4425,6.23883,0,
-28.5555,-30.4525,6.23900,0,
-28.5927,-30.4600,6.23917,0,
-28.5927,-30.4675,6.23933,0,
-28.6299,-30.4775,6.23950,0,
-28.6299,-30.4850,6.23967,0,
-28.6672,-30.4925,6.23983,0,
-28.6672,-30.5025,6.24000,0,
-28.7044,-30.5100,6.24017,0,
-28.7044,-30.5175,6.24033,0,
-28.7416,-30.5275,6.24050,0,
-28.7416,-30.5350,6.24067,0,
-28.7416,-30.5425,6.24083,0,
-28.7789,-30.5525,6.24100,0,
-28.7789,-30.5600,6.24117,0,
-28.8161,-30.5675,6.24133,0,
-28.8161,-30.5775,6.24150,0,
-28.8161,-30.5850,6.24167,0,
-28.8533,-30.5925,6.24183,0,
-28.8533,-30.6025,6.24200,0,
-28.8533,-30.6100,6.24217,0,
-28.8905,-30.6200,6.24233,0,
-28.8905,-30.6275,6.24250,0,
-28.9278,-30.6350,6.24267,0,
-28.9278,-30.6450,6.24283,0,
-28.9650,-30.6525,6.24300,0,
-28.9650,-30.6600,6.24317,0,
-29.0022,-30.6700,6.24333,0,
-29.0022,-30.6775,6.24350,0,
-29.0022,-30.6850,6.24367,0,
-29.0022,-30.6900,6.24383,0,
-28.9650,-30.6900,6.24400,0,
-28.9278,-30.6925,6.24417,0,
-28.9278,-30.6975,6.24433,0,
-28.9278,-30.7050,6.24450,0,
-28.9650,-30.7100,6.24467,0,
-29.0022,-30.7175,6.24483,0,
-28.9650,-30.7200,6.24500,0,
-28.9650,-30.7225,6.24517,0,
-28.9278,-30.7250,6.24533,0,
-28.9278,-30.7300,6.24550,0,
-28.9278,-30.7325,6.24567,0,
-28.8905,-30.7325,6.24583,0,
-28.8533,-30.7300,6.24600,0,
-28.8533,-30.7275,6.24617,0,
-28.8161,-30.7275,6.24633,0,
-28.7789,-30.7300,6.24650,0,
-28.7789,-30.7300,6.24667,0,
-28.7416,-30.7325,6.24683,0,
-28.7416,-30.7325,6.24700,0,
-28.7044,-30.7300,6.24717,0,
-28.7044,-30.7300,6.24733,0,
-28.6672,-30.7300,6.24750,0,
-28.6299,-30.7300,6.24767,0,
-28.6299,-30.7300,6.24783,0,
-28.6299,-30.7300,6.24800,0,
-28.5927,-30.7250,6.24817,0,
-28.5555,-30.7225,6.24833,0,
-28.5182,-30.7200,6.24850,0,
-28.4810,-30.7200,6.24867,0,
-28.4438,-30.7175,6.24883,0,
-28.4438,-30.7150,6.24900,0,
-28.4066,-30.7150,6.24917,0,
-28.3693,-30.7125,6.24933,0,
-28.3693,-30.7125,6.24950,0,
-28.3321,-30.7100,6.24967,0,
-28.3321,-30.7075,6.24983,0,
-28.2949,-30.7075,6.25000,0,
-28.2576,-30.7050,6.25017,0,
-28.2204,-30.7025,6.25033,0,
-28.1832,-30.6975,6.25050,0,
-28.1459,-30.6950,6.25067,0,
-28.1087,-30.6900,6.25083,0,
-28.1087,-30.6875,6.25100,0,
-28.0715,-30.6850,6.25117,0,
-28.0343,-30.6800,6.25133,0,
-27.9970,-30.6775,6.25150,0,
-27.9598,-30.6750,6.25167,0,
-27.9226,-30.6700,6.25183,0,
-27.8853,-30.6650,6.25200,0,
-27.8481,-30.6600,6.25217,0,
-27.8109,-30.6575,6.25233,0,
-27.7736,-30.6525,6.25250,0,
-27.7364,-30.6500,6.25267,0,
-27.6992,-30.6450,6.25283,0,
-27.6619,-30.6400,6.25300,0,
-27.6247,-30.6350,6.25317,0,
-27.5875,-30.6300,6.25333,0,
-27.5503,-30.6250,6.25350,0,
-27.5130,-30.6200,6.25367,0,
-27.4386,-30.6150,6.25383,0,
-27.4013,-30.6100,6.25400,0,
-27.3641,-30.6025,6.25417,0,
-27.3269,-30.5975,6.25433,0,
-27.2896,-30.5925,6.25450,0,
-27.2524,-30.5875,6.25467,0,
-27.1780,-30.5825,6.25483,0,
-27.1407,-30.5750,6.25500,0,
-27.1035,-30.5700,6.25517,0,
-27.0663,-30.5650,6.25533,0,
-27.0290,-30.5600,6.25550,0,
-26.9918,-30.5525,6.25567,0,
-26.9546,-30.5475,6.25583,0,
-26.9173,-30.5425,6.25600,0,
-26.8801,-30.5350,6.25617,0,
-26.8057,-30.5300,6.25633,0,
-26.7684,-30.5225,6.25650,0,
-26.7312,-30.5175,6.25667,0,
-26.6940,-30.5100,6.25683,0,
-26.6567,-30.5050,6.25700,0,
-26.6195,-30.4975,6.25717,0,
-26.5450,-30.4925,6.25733,0,
-26.5078,-30.4875,6.25750,0,
-26.4706,-30.4800,6.25767,0,
-26.4334,-30.4750,6.25783,0,
-26.3961,-30.4675,6.25800,0,
-26.3589,-30.4600,6.25817,0,
-26.3217,-30.4550,6.25833,0,
-26.2472,-30.4475,6.25850,0,
-26.2100,-30.4400,6.25867,0,
-26.1727,-30.4350,6.25883,0,
-26.1355,-30.4275,6.25900,0,
-26.0983,-30.4200,6.25917,0,
-26.0611,-30.4150,6.25933,0,
-26.0238,-30.4075,6.25950,0,
-25.9866,-30.4000,6.25967,0,
-25.9121,-30.3925,6.25983,0,
-25.8749,-30.3850,6.26000,0,
-25.8377,-30.3775,6.26017,0,
-25.7632,-30.3700,6.26033,0,
-25.7260,-30.3625,6.26050,0,
-25.6888,-30.3550,6.26067,0,
-25.6515,-30.3475,6.26083,0,
-25.6143,-30.3400,6.26100,0,
-25.5398,-30.3325,6.26117,0,
-25.5026,-30.3275,6.26133,0,
-25.4654,-30.3200,6.26150,0,
-25.4281,-30.3125,6.26167,0,
-25.3909,-30.3050,6.26183,0,
-25.3537,-30.2975,6.26200,0,
-25.3165,-30.2900,6.26217,0,
-25.2420,-30.2825,6.26233,0,
-25.2420,-30.2750,6.26250,0,
-25.2048,-30.2675,6.26267,0,
-25.1675,-30.2600,6.26283,0,
-25.1303,-30.2525,6.26300,0,
-25.0931,-30.2450,6.26317,0,
-25.0558,-30.2375,6.26333,0,
-25.0186,-30.2300,6.26350,0,
-24.9814,-30.2225,6.26367,0,
-24.9442,-30.2150,6.26383,0,
-24.9069,-30.2075,6.26400,0,
-24.8325,-30.2000,6.26417,0,
-24.7952,-30.1925,6.26433,0,
-24.7580,-30.1850,6.26450,0,
-24.7580,-30.1750,6.26467,0,
-24.7208,-30.1675,6.26483,0,
-24.6835,-30.1600,6.26500,0,
-24.6463,-30.1525,6.26517,0,
-24.6091,-30.1450,6.26533,0,
-24.5719,-30.1375,6.26550,0,
-24.5346,-30.1300,6.26567,0,
-24.4974,-30.1225,6.26583,0,
-24.4974,-30.1125,6.26600,0,
-24.4602,-30.1050,6.26617,0,
-24.4229,-30.0975,6.26633,0,
-24.3857,-30.0900,6.26650,0,
-24.3485,-30.0825,6.26667,0,
-24.3112,-30.0725,6.26683,0,
-24.2740,-30.0650,6.26700,0,
-24.2368,-30.0575,6.26717,0,
-24.1996,-30.0500,6.26733,0,
-24.1623,-30.0400,6.26750,0,
-24.1623,-30.0325,6.26767,0,
-24.1251,-30.0225,6.26783,0,
-24.0879,-30.0150,6.26800,0,
-24.0506,-30.0075,6.26817,0,
-24.0134,-29.9975,6.26833,0,
-24.0134,-29.9900,6.26850,0,
-23.9762,-29.9825,6.26867,0,
-23.9389,-29.9750,6.26883,0,
-23.9017,-29.9650,6.26900,0,
-23.9017,-29.9575,6.26917,0,
-23.8645,-29.9500,6.26933,0,
-23.8273,-29.9425,6.26950,0,
-23.7900,-29.9325,6.26967,0,
-23.7528,-29.9250,6.26983,0,
-23.7156,-29.9175,6.27000,0,
-23.7156,-29.9100,6.27017,0,
-23.6783,-29.9000,6.27033,0,
-23.6411,-29.8925,6.27050,0,
-23.6039,-29.8850,6.27067,0,
-23.5666,-29.8750,6.27083,0,
-23.5666,-29.8675,6.27100,0,
-23.4922,-29.8600,6.27117,0,
-23.4922,-29.8500,6.27133,0,
-23.4550,-29.8425,6.27150,0,
-23.4177,-29.8350,6.27167,0,
-23.3805,-29.8250,6.27183,0,
-23.3805,-29.8175,6.27200,0,
-23.3433,-29.8100,6.27217,0,
-23.3060,-29.8025,6.27233,0,
-23.2688,-29.7925,6.27250,0,
-23.2688,-29.7850,6.27267,0,
-23.2316,-29.7775,6.27283,0,
-23.1943,-29.7675,6.27300,0,
-23.1571,-29.7600,6.27317,0,
-23.1199,-29.7525,6.27333,0,
-23.1199,-29.7425,6.27350,0,
-23.0826,-29.7350,6.27367,0,
-23.0454,-29.7275,6.27383,0,
-23.0082,-29.7200,6.27400,0,
-22.9710,-29.7100,6.27417,0,
-22.9337,-29.7025,6.27433,0,
-22.8965,-29.6925,6.27450,0,
-22.8593,-29.6850,6.27467,0,
-22.8593,-29.6750,6.27483,0,
-22.8220,-29.6675,6.27500,0,
-22.7848,-29.6575,6.27517,0,
-22.7476,-29.6500,6.27533,0,
-22.7104,-29.6425,6.27550,0,
-22.7104,-29.6350,6.27567,0,
-22.6731,-29.6250,6.27583,0,
-22.6359,-29.6175,6.27600,0,
-22.5987,-29.6100,6.27617,0,
-22.5614,-29.6000,6.27633,0,
-22.5614,-29.5925,6.27650,0,
-22.5242,-29.5850,6.27667,0,
-22.4870,-29.5750,6.27683,0,
-22.4497,-29.5675,6.27700,0,
-22.4125,-29.5600,6.27717,0,
-22.3753,-29.5500,6.27733,0,
-22.3380,-29.5425,6.27750,0,
-22.3380,-29.5325,6.27767,0,
-22.3008,-29.5250,6.27783,0,
-22.2636,-29.5150,6.27800,0,
-22.2264,-29.5075,6.27817,0,
-22.2264,-29.5000,6.27833,0,
-22.1891,-29.4900,6.27850,0,
-22.1519,-29.4825,6.27867,0,
-22.1519,-29.4750,6.27883,0,
-22.1147,-29.4675,6.27900,0,
-22.0774,-29.4575,6.27917,0,
-22.0402,-29.4500,6.27933,0,
-22.0402,-29.4425,6.27950,0,
-22.0030,-29.4325,6.27967,0,
-21.9657,-29.4250,6.27983,0,
-21.9657,-29.4175,6.28000,0,
-21.9285,-29.4075,6.28017,0,
-21.8913,-29.4000,6.28033,0,
-21.8541,-29.3925,6.28050,0,
-21.8541,-29.3825,6.28067,0,
-21.8168,-29.3750,6.28083,0,
-21.7796,-29.3675,6.28100,0,
-21.7796,-29.3575,6.28117,0,
-21.7424,-29.3500,6.28133,0,
-21.7051,-29.3400,6.28150,0,
-21.7051,-29.3325,6.28167,0,
-21.6679,-29.3250,6.28183,0,
-21.6679,-29.3175,6.28200,0,
-21.6307,-29.3075,6.28217,0,
-21.5934,-29.3000,6.28233,0,
-21.5934,-29.2925,6.28250,0,
-21.5562,-29.2825,6.28267,0,
-21.5190,-29.2750,6.28283,0,
-21.5190,-29.2675,6.28300,0,
-21.4818,-29.2600,6.28317,0,
-21.4818,-29.2500,6.28333,0,
-21.4445,-29.2425,6.28350,0,
-21.4073,-29.2350,6.28367,0,
-21.4073,-29.2250,6.28383,0,
-21.3701,-29.2175,6.28400,0,
-21.3328,-29.2075,6.28417,0,
-21.2956,-29.2000,6.28433,0,
-21.2956,-29.1925,6.28450,0,
-21.2584,-29.1825,6.28467,0,
-21.2211,-29.1750,6.28483,0,
-21.1839,-29.1675,6.28500,0,
-21.1839,-29.1575,6.28517,0,
-21.1467,-29.1500,6.28533,0,
-21.1095,-29.1425,6.28550,0,
-21.0722,-29.1350,6.28567,0,
-21.0722,-29.1250,6.28583,0,
-21.0350,-29.1175,6.28600,0,
-20.9978,-29.1100,6.28617,0,
-20.9605,-29.1000,6.28633,0,
-20.9605,-29.0925,6.28650,0,
-20.9233,-29.0850,6.28667,0,
-20.8861,-29.0750,6.28683,0,
-20.8861,-29.0675,6.28700,0,
-20.8488,-29.0600,6.28717,0,
-20.8116,-29.0500,6.28733,0,
-20.7744,-29.0425,6.28750,0,
-20.7372,-29.0325,6.28767,0,
-20.6999,-29.0250,6.28783,0,
-20.6999,-29.0150,6.28800,0,
-20.6627,-29.0075,6.28817,0,
-20.6255,-29.0000,6.28833,0,
-20.6255,-28.9900,6.28850,0,
-20.5882,-28.9825,6.28867,0,
-20.5510,-28.9750,6.28883,0,
-20.5510,-28.9650,6.28900,0,
-20.5138,-28.9575,6.28917,0,
-20.4765,-28.9500,6.28933,0,
-20.4765,-28.9400,6.28950,0,
-20.4393,-28.9325,6.28967,0,
-20.4021,-28.9250,6.28983,0,
-20.4021,-28.9175,6.29000,0,
-20.3649,-28.9075,6.29017,0,
-20.3276,-28.9000,6.29033,0,
-20.2904,-28.8925,6.29050,0,
-20.2904,-28.8825,6.29067,0,
-20.2532,-28.8750,6.29083,0,
-20.2159,-28.8675,6.29100,0,
-20.2159,-28.8575,6.29117,0,
-20.1787,-28.8500,6.29133,0,
-20.1415,-28.8425,6.29150,0,
-20.1042,-28.8325,6.29167,0,
-20.1042,-28.8250,6.29183,0,
-20.0670,-28.8175,6.29200,0,
-20.0670,-28.8100,6.29217,0,
-20.0298,-28.8000,6.29233,0,
-19.9926,-28.7925,6.29250,0,
-19.9553,-28.7850,6.29267,0,
-19.9553,-28.7750,6.29283,0,
-19.9181,-28.7675,6.29300,0,
-19.8809,-28.7600,6.29317,0,
-19.8436,-28.7525,6.29333,0,
-19.8436,-28.7425,6.29350,0,
-19.8064,-28.7350,6.29367,0,
-19.8064,-28.7275,6.29383,0,
-19.7319,-28.7175,6.29400,0,
-19.7319,-28.7100,6.29417,0,
-19.6947,-28.7000,6.29433,0,
-19.6575,-28.6925,6.29450,0,
-19.6203,-28.6825,6.29467,0,
-19.6203,-28.6750,6.29483,0,
-19.5830,-28.6675,6.29500,0,
-19.5458,-28.6575,6.29517,0,
-19.5086,-28.6500,6.29533,0,
-19.4713,-28.6425,6.29550,0,
-19.4713,-28.6325,6.29567,0,
-19.4341,-28.6250,6.29583,0,
-19.3969,-28.6175,6.29600,0,
-19.3969,-28.6075,6.29617,0,
-19.3596,-28.6000,6.29633,0,
-19.3596,-28.5900,6.29650,0,
-19.3224,-28.5825,6.29667,0,
-19.3224,-28.5725,6.29683,0,
-19.2852,-28.5650,6.29700,0,
-19.2852,-28.5575,6.29717,0,
-19.2852,-28.5475,6.29733,0,
-19.2480,-28.5400,6.29750,0,
-19.2107,-28.5325,6.29767,0,
-19.1735,-28.5225,6.29783,0,
-19.1735,-28.5150,6.29800,0,
-19.1363,-28.5050,6.29817,0,
-19.1363,-28.4975,6.29833,0,
-19.0990,-28.4900,6.29850,0,
-19.0990,-28.4800,6.29867,0,
-19.0618,-28.4725,6.29883,0,
-19.0246,-28.4650,6.29900,0,
-19.0246,-28.4550,6.29917,0,
-18.9873,-28.4475,6.29933,0,
-18.9501,-28.4400,6.29950,0,
-18.9129,-28.4300,6.29967,0,
-18.9129,-28.4225,6.29983,0,
-18.8757,-28.4125,6.30000,0,
-18.8384,-28.4050,6.30017,0,
-18.8012,-28.3975,6.30033,0,
-18.8012,-28.3875,6.30050,0,
-18.7640,-28.3800,6.30067,0,
-18.7267,-28.3725,6.30083,0,
-18.7267,-28.3625,6.30100,0,
-18.6895,-28.3550,6.30117,0,
-18.6523,-28.3450,6.30133,0,
-18.6523,-28.3375,6.30150,0,
-18.6150,-28.3275,6.30167,0,
-18.6150,-28.3200,6.30183,0,
-18.5778,-28.3125,6.30200,0,
-18.5406,-28.3050,6.30217,0,
-18.5406,-28.2950,6.30233,0,
-18.5033,-28.2875,6.30250,0,
-18.4661,-28.2800,6.30267,0,
-18.4661,-28.2700,6.30283,0,
-18.4289,-28.2625,6.30300,0,
-18.4289,-28.2550,6.30317,0,
-18.3917,-28.2450,6.30333,0,
-18.3917,-28.2375,6.30350,0,
-18.3544,-28.2300,6.30367,0,
-18.3172,-28.2200,6.30383,0,
-18.3172,-28.2125,6.30400,0,
-18.2800,-28.2025,6.30417,0,
-18.2427,-28.1950,6.30433,0,
-18.2427,-28.1875,6.30450,0,
-18.2055,-28.1775,6.30467,0,
-18.1683,-28.1700,6.30483,0,
-18.1683,-28.1625,6.30500,0,
-18.1311,-28.1525,6.30517,0,
-18.0938,-28.1450,6.30533,0,
-18.0938,-28.1375,6.30550,0,
-18.0566,-28.1275,6.30567,0,
-18.0566,-28.1200,6.30583,0,
-18.0194,-28.1125,6.30600,0,
-17.9821,-28.1025,6.30617,0,
-17.9821,-28.0950,6.30633,0,
-17.9449,-28.0875,6.30650,0,
-17.9449,-28.0800,6.30667,0,
-17.9077,-28.0700,6.30683,0,
-17.9077,-28.0625,6.30700,0,
-17.8704,-28.0550,6.30717,0,
-17.8332,-28.0450,6.30733,0,
-17.8332,-28.0375,6.30750,0,
-17.7960,-28.0275,6.30767,0,
-17.7587,-28.0200,6.30783,0,
-17.7587,-28.0100,6.30800,0,
-17.7215,-28.0025,6.30817,0,
-17.6843,-27.9950,6.30833,0,
-17.6843,-27.9850,6.30850,0,
-17.6471,-27.9775,6.30867,0,
-17.6098,-27.9700,6.30883,0,
-17.5726,-27.9600,6.30900,0,
-17.5726,-27.9525,6.30917,0,
-17.5354,-27.9450,6.30933,0,
-17.4981,-27.9350,6.30950,0,
-17.4981,-27.9275,6.30967,0,
-17.4609,-27.9200,6.30983,0,
-17.4237,-27.9100,6.31000,0,
-17.4237,-27.9025,6.31017,0,
-17.3864,-27.8950,6.31033,0,
-17.3492,-27.8850,6.31050,0,
-17.3492,-27.8775,6.31067,0,
-17.3120,-27.8700,6.31083,0,
-17.3120,-27.8600,6.31100,0,
-17.2748,-27.8525,6.31117,0,
-17.2375,-27.8450,6.31133,0,
-17.2375,-27.8350,6.31150,0,
-17.2003,-27.8275,6.31167,0,
-17.1631,-27.8200,6.31183,0,
-17.1631,-27.8100,6.31200,0,
-17.1258,-27.8025,6.31217,0,
-17.0886,-27.7950,6.31233,0,
-17.0886,-27.7875,6.31250,0,
-17.0514,-27.7775,6.31267,0,
-17.0514,-27.7700,6.31283,0,
-17.0141,-27.7625,6.31300,0,
-16.9769,-27.7525,6.31317,0,
-16.9769,-27.7450,6.31333,0,
-16.9397,-27.7375,6.31350,0,
-16.9397,-27.7275,6.31367,0,
-16.9025,-27.7200,6.31383,0,
-16.8652,-27.7100,6.31400,0,
-16.8652,-27.7025,6.31417,0,
-16.8280,-27.6950,6.31433,0,
-16.7908,-27.6850,6.31450,0,
-16.7535,-27.6775,6.31467,0,
-16.7535,-27.6675,6.31483,0,
-16.7163,-27.6600,6.31500,0,
-16.6791,-27.6525,6.31517,0,
-16.6791,-27.6425,6.31533,0,
-16.6418,-27.6350,6.31550,0,
-16.6046,-27.6275,6.31567,0,
-16.6046,-27.6175,6.31583,0,
-16.5674,-27.6100,6.31600,0,
-16.5302,-27.6000,6.31617,0,
-16.5302,-27.5925,6.31633,0,
-16.4929,-27.5850,6.31650,0,
-16.4557,-27.5775,6.31667,0,
-16.4185,-27.5675,6.31683,0,
-16.4185,-27.5600,6.31700,0,
-16.3812,-27.5525,6.31717,0,
-16.3440,-27.5425,6.31733,0,
-16.3440,-27.5350,6.31750,0,
-16.3068,-27.5250,6.31767,0,
-16.2695,-27.5175,6.31783,0,
-16.2695,-27.5100,6.31800,0,
-16.2323,-27.5000,6.31817,0,
-16.1951,-27.4925,6.31833,0,
-16.1951,-27.4850,6.31850,0,
-16.1579,-27.4775,6.31867,0,
-16.1206,-27.4675,6.31883,0,
-16.0834,-27.4600,6.31900,0,
-16.0834,-27.4525,6.31917,0,
-16.0462,-27.4425,6.31933,0,
-16.0089,-27.4350,6.31950,0,
-15.9717,-27.4275,6.31967,0,
-15.9717,-27.4175,6.31983,0,
-15.9345,-27.4100,6.32000,0,
-15.8972,-27.4025,6.32017,0,
-15.8600,-27.3925,6.32033,0,
-15.8600,-27.3850,6.32050,0,
-15.8228,-27.3750,6.32067,0,
-15.7856,-27.3675,6.32083,0,
-15.7856,-27.3600,6.32100,0,
-15.7483,-27.3500,6.32117,0,
-15.7111,-27.3425,6.32133,0,
-15.7111,-27.3350,6.32150,0,
-15.6739,-27.3250,6.32167,0,
-15.6366,-27.3175,6.32183,0,
-15.5994,-27.3100,6.32200,0,
-15.5622,-27.3000,6.32217,0,
-15.5622,-27.2925,6.32233,0,
-15.5249,-27.2850,6.32250,0,
-15.5249,-27.2750,6.32267,0,
-15.4877,-27.2675,6.32283,0,
-15.4505,-27.2600,6.32300,0,
-15.4505,-27.2500,6.32317,0,
-15.4133,-27.2425,6.32333,0,
-15.3760,-27.2350,6.32350,0,
-15.3760,-27.2250,6.32367,0,
-15.3388,-27.2175,6.32383,0,
-15.3016,-27.2075,6.32400,0,
-15.2643,-27.2000,6.32417,0,
-15.2271,-27.1925,6.32433,0,
-15.2271,-27.1825,6.32450,0,
-15.1899,-27.1750,6.32467,0,
-15.1526,-27.1675,6.32483,0,
-15.1526,-27.1575,6.32500,0,
-15.1154,-27.1500,6.32517,0,
-15.0782,-27.1425,6.32533,0,
-15.0410,-27.1325,6.32550,0,
-15.0410,-27.1250,6.32567,0,
-15.0037,-27.1175,6.32583,0,
-14.9665,-27.1075,6.32600,0,
-14.9665,-27.1000,6.32617,0,
-14.9293,-27.0900,6.32633,0,
-14.8920,-27.0825,6.32650,0,
-14.8920,-27.0725,6.32667,0,
-14.8548,-27.0650,6.32683,0,
-14.8548,-27.0575,6.32700,0,
-14.8176,-27.0475,6.32717,0,
-14.8176,-27.0400,6.32733,0,
-14.7803,-27.0325,6.32750,0,
-14.7431,-27.0225,6.32767,0,
-14.7431,-27.0150,6.32783,0,
-14.7059,-27.0050,6.32800,0,
-14.7059,-26.9975,6.32817,0,
-14.6687,-26.9900,6.32833,0,
-14.6314,-26.9825,6.32850,0,
-14.6314,-26.9725,6.32867,0,
-14.5942,-26.9650,6.32883,0,
-14.5942,-26.9550,6.32900,0,
-14.5570,-26.9475,6.32917,0,
-14.5197,-26.9400,6.32933,0,
-14.5197,-26.9300,6.32950,0,
-14.4825,-26.9225,6.32967,0,
-14.4825,-26.9125,6.32983,0,
-14.4453,-26.9050,6.33000,0,
-14.4453,-26.8975,6.33017,0,
-14.4080,-26.8900,6.33033,0,
-14.3708,-26.8800,6.33050,0,
-14.3708,-26.8725,6.33067,0,
-14.3336,-26.8650,6.33083,0,
-14.3336,-26.8550,6.33100,0,
-14.2964,-26.8475,6.33117,0,
-14.2591,-26.8400,6.33133,0,
-14.2591,-26.8300,6.33150,0,
-14.2219,-26.8225,6.33167,0,
-14.2219,-26.8150,6.33183,0,
-14.1847,-26.8075,6.33200,0,
-14.1474,-26.7975,6.33217,0,
-14.1474,-26.7900,6.33233,0,
-14.1102,-26.7825,6.33250,0,
-14.0730,-26.7725,6.33267,0,
-14.0730,-26.7650,6.33283,0,
-14.0730,-26.7575,6.33300,0,
-14.0357,-26.7500,6.33317,0,
-13.9985,-26.7400,6.33333,0,
-13.9985,-26.7325,6.33350,0,
-13.9613,-26.7250,6.33367,0,
-13.9613,-26.7150,6.33383,0,
-13.9240,-26.7075,6.33400,0,
-13.8868,-26.7000,6.33417,0,
-13.8496,-26.6900,6.33433,0,
-13.8496,-26.6825,6.33450,0,
-13.8124,-26.6750,6.33467,0,
-13.7751,-26.6650,6.33483,0,
-13.7751,-26.6575,6.33500,0,
-13.7379,-26.6500,6.33517,0,
-13.7007,-26.6425,6.33533,0,
-13.7007,-26.6325,6.33550,0,
-13.6634,-26.6250,6.33567,0,
-13.6634,-26.6175,6.33583,0,
-13.6262,-26.6075,6.33600,0,
-13.6262,-26.6000,6.33617,0,
-13.5890,-26.5925,6.33633,0,
-13.5518,-26.5850,6.33650,0,
-13.5518,-26.5750,6.33667,0,
-13.5145,-26.5675,6.33683,0,
-13.4773,-26.5600,6.33700,0,
-13.4401,-26.5500,6.33717,0,
-13.4401,-26.5425,6.33733,0,
-13.4028,-26.5350,6.33750,0,
-13.3656,-26.5250,6.33767,0,
-13.3656,-26.5175,6.33783,0,
-13.3284,-26.5100,6.33800,0,
-13.2911,-26.5000,6.33817,0,
-13.2911,-26.4925,6.33833,0,
-13.2539,-26.4850,6.33850,0,
-13.2539,-26.4750,6.33867,0,
-13.2167,-26.4675,6.33883,0,
-13.2167,-26.4600,6.33900,0,
-13.1794,-26.4525,6.33917,0,
-13.1422,-26.4425,6.33933,0,
-13.1422,-26.4350,6.33950,0,
-13.1422,-26.4275,6.33967,0,
-13.1050,-26.4175,6.33983,0,
-13.0678,-26.4100,6.34000,0,
-13.0678,-26.4025,6.34017,0,
-13.0678,-26.3925,6.34033,0,
-13.0305,-26.3850,6.34050,0,
-13.0305,-26.3775,6.34067,0,
-12.9933,-26.3675,6.34083,0,
-12.9561,-26.3600,6.34100,0,
-12.9561,-26.3500,6.34117,0,
-12.9188,-26.3425,6.34133,0,
-12.9188,-26.3350,6.34150,0,
-12.8816,-26.3250,6.34167,0,
-12.8444,-26.3175,6.34183,0,
-12.8444,-26.3100,6.34200,0,
-12.8071,-26.3025,6.34217,0,
-12.8071,-26.2925,6.34233,0,
-12.7699,-26.2850,6.34250,0,
-12.7699,-26.2775,6.34267,0,
-12.7327,-26.2675,6.34283,0,
-12.7327,-26.2600,6.34300,0,
-12.6955,-26.2525,6.34317,0,
-12.6955,-26.2450,6.34333,0,
-12.6582,-26.2350,6.34350,0,
-12.6582,-26.2275,6.34367,0,
-12.6210,-26.2200,6.34383,0,
-12.6210,-26.2100,6.34400,0,
-12.6210,-26.2025,6.34417,0,
-12.5838,-26.1950,6.34433,0,
-12.5465,-26.1850,6.34450,0,
-12.5465,-26.1775,6.34467,0,
-12.5465,-26.1700,6.34483,0,
-12.5093,-26.1625,6.34500,0,
-12.5093,-26.1525,6.34517,0,
-12.4721,-26.1450,6.34533,0,
-12.4721,-26.1375,6.34550,0,
-12.4348,-26.1300,6.34567,0,
-12.4348,-26.1200,6.34583,0,
-12.3976,-26.1125,6.34600,0,
-12.3976,-26.1050,6.34617,0,
-12.3604,-26.0950,6.34633,0,
-12.3604,-26.0875,6.34650,0,
-12.3604,-26.0800,6.34667,0,
-12.3232,-26.0700,6.34683,0,
-12.3232,-26.0625,6.34700,0,
-12.2859,-26.0550,6.34717,0,
-12.2859,-26.0450,6.34733,0,
-12.2859,-26.0375,6.34750,0,
-12.2487,-26.0300,6.34767,0,
-12.2487,-26.0200,6.34783,0,
-12.2115,-26.0125,6.34800,0,
-12.2115,-26.0050,6.34817,0,
-12.1742,-25.9950,6.34833,0,
-12.1742,-25.9875,6.34850,0,
-12.1742,-25.9800,6.34867,0,
-12.1742,-25.9700,6.34883,0,
-12.1370,-25.9625,6.34900,0,
-12.1370,-25.9550,6.34917,0,
-12.1370,-25.9475,6.34933,0,
-12.1370,-25.9375,6.34950,0,
-12.0998,-25.9300,6.34967,0,
-12.0998,-25.9225,6.34983,0,
-12.0998,-25.9125,6.35000,0,
-12.0625,-25.9050,6.35017,0,
-12.0625,-25.8975,6.35033,0,
-12.0625,-25.8900,6.35050,0,
-12.0253,-25.8800,6.35067,0,
-12.0253,-25.8725,6.35083,0,
-11.9881,-25.8625,6.35100,0,
-11.9881,-25.8550,6.35117,0,
-11.9881,-25.8475,6.35133,0,
-11.9509,-25.8375,6.35150,0,
-11.9509,-25.8300,6.35167,0,
-11.9136,-25.8225,6.35183,0,
-11.9136,-25.8150,6.35200,0,
-11.8764,-25.8050,6.35217,0,
-11.8764,-25.7975,6.35233,0,
-11.8764,-25.7900,6.35250,0,
-11.8392,-25.7825,6.35267,0,
-11.8392,-25.7725,6.35283,0,
-11.8019,-25.7650,6.35300,0,
-11.8019,-25.7575,6.35317,0,
-11.8019,-25.7475,6.35333,0,
-11.7647,-25.7400,6.35350,0,
-11.7647,-25.7325,6.35367,0,
-11.7275,-25.7225,6.35383,0,
-11.7275,-25.7150,6.35400,0,
-11.6902,-25.7050,6.35417,0,
-11.6902,-25.6975,6.35433,0,
-11.6902,-25.6900,6.35450,0,
-11.6530,-25.6800,6.35467,0,
-11.6530,-25.6725,6.35483,0,
-11.6158,-25.6625,6.35500,0,
-11.6158,-25.6550,6.35517,0,
-11.5786,-25.6475,6.35533,0,
-11.5786,-25.6400,6.35550,0,
-11.5413,-25.6300,6.35567,0,
-11.5413,-25.6225,6.35583,0,
-11.5041,-25.6150,6.35600,0,
-11.5041,-25.6050,6.35617,0,
-11.5041,-25.5975,6.35633,0,
-11.5041,-25.5900,6.35650,0,
-11.4669,-25.5825,6.35667,0,
-11.4669,-25.5725,6.35683,0,
-11.4669,-25.5650,6.35700,0,
-11.4296,-25.5575,6.35717,0,
-11.3924,-25.5475,6.35733,0,
-11.3924,-25.5400,6.35750,0,
-11.3924,-25.5325,6.35767,0,
-11.3924,-25.5225,6.35783,0,
-11.3552,-25.5150,6.35800,0,
-11.3552,-25.5075,6.35817,0,
-11.3179,-25.4975,6.35833,0,
-11.3179,-25.4900,6.35850,0,
-11.3179,-25.4825,6.35867,0,
-11.3179,-25.4750,6.35883,0,
-11.2807,-25.4650,6.35900,0,
-11.3179,-25.4575,6.35917,0,
-11.2807,-25.4500,6.35933,0,
-11.2807,-25.4400,6.35950,0,
-11.2435,-25.4325,6.35967,0,
-11.2435,-25.4250,6.35983,0,
-11.2435,-25.4150,6.36000,0,
-11.2435,-25.4075,6.36017,0,
-11.2063,-25.4000,6.36033,0,
-11.2063,-25.3900,6.36050,0,
-11.2063,-25.3825,6.36067,0,
-11.2063,-25.3725,6.36083,0,
-11.1690,-25.3650,6.36100,0,
-11.1690,-25.3575,6.36117,0,
-11.1690,-25.3475,6.36133,0,
-11.1690,-25.3400,6.36150,0,
-11.1690,-25.3325,6.36167,0,
-11.1690,-25.3225,6.36183,0,
-11.1690,-25.3150,6.36200,0,
-11.1690,-25.3075,6.36217,0,
-11.1690,-25.2975,6.36233,0,
-11.1318,-25.2900,6.36250,0,
-11.1318,-25.2825,6.36267,0,
-11.1318,-25.2725,6.36283,0,
-11.1318,-25.2650,6.36300,0,
-11.1318,-25.2575,6.36317,0,
-11.1318,-25.2500,6.36333,0,
-11.0946,-25.2400,6.36350,0,
-11.0946,-25.2325,6.36367,0,
-11.0946,-25.2250,6.36383,0,
-11.0946,-25.2150,6.36400,0,
-11.0573,-25.2075,6.36417,0,
-11.0573,-25.2000,6.36433,0,
-11.0573,-25.1900,6.36450,0,
-11.0573,-25.1825,6.36467,0,
-11.0201,-25.1725,6.36483,0,
-11.0201,-25.1650,6.36500,0,
-11.0201,-25.1575,6.36517,0,
-11.0201,-25.1475,6.36533,0,
-10.9829,-25.1400,6.36550,0,
-10.9829,-25.1325,6.36567,0,
-10.9829,-25.1225,6.36583,0,
-10.9829,-25.1150,6.36600,0,
-10.9456,-25.1050,6.36617,0,
-10.9456,-25.0975,6.36633,0,
-10.9456,-25.0900,6.36650,0,
-10.9456,-25.0800,6.36667,0,
-10.9084,-25.0725,6.36683,0,
-10.9084,-25.0650,6.36700,0,
-10.9084,-25.0550,6.36717,0,
-10.9084,-25.0475,6.36733,0,
-10.9084,-25.0375,6.36750,0,
-10.8712,-25.0300,6.36767,0,
-10.8712,-25.0200,6.36783,0,
-10.8340,-25.0125,6.36800,0,
-10.8340,-25.0025,6.36817,0,
-10.8340,-24.9950,6.36833,0,
-10.8340,-24.9850,6.36850,0,
-10.7967,-24.9775,6.36867,0,
-10.7967,-24.9700,6.36883,0,
-10.7967,-24.9600,6.36900,0,
-10.7967,-24.9525,6.36917,0,
-10.7595,-24.9450,6.36933,0,
-10.7595,-24.9350,6.36950,0,
-10.7595,-24.9275,6.36967,0,
-10.7595,-24.9200,6.36983,0,
-10.7595,-24.9125,6.37000,0,
-10.7223,-24.9025,6.37017,0,
-10.7223,-24.8950,6.37033,0,
-10.7223,-24.8875,6.37050,0,
-10.7223,-24.8775,6.37067,0,
-10.6850,-24.8700,6.37083,0,
-10.6850,-24.8625,6.37100,0,
-10.6478,-24.8525,6.37117,0,
-10.6478,-24.8450,6.37133,0,
-10.6478,-24.8375,6.37150,0,
-10.6106,-24.8275,6.37167,0,
-10.6106,-24.8200,6.37183,0,
-10.6106,-24.8125,6.37200,0,
-10.6106,-24.8025,6.37217,0,
-10.5733,-24.7950,6.37233,0,
-10.5733,-24.7875,6.37250,0,
-10.5733,-24.7800,6.37267,0,
-10.5361,-24.7700,6.37283,0,
-10.5361,-24.7625,6.37300,0,
-10.5361,-24.7525,6.37317,0,
-10.5361,-24.7450,6.37333,0,
-10.4989,-24.7375,6.37350,0,
-10.4989,-24.7275,6.37367,0,
-10.4617,-24.7200,6.37383,0,
-10.4617,-24.7100,6.37400,0,
-10.4617,-24.7025,6.37417,0,
-10.4617,-24.6925,6.37433,0,
-10.4617,-24.6850,6.37450,0,
-10.4244,-24.6750,6.37467,0,
-10.4244,-24.6675,6.37483,0,
-10.3872,-24.6575,6.37500,0,
-10.3872,-24.6500,6.37517,0,
-10.3872,-24.6425,6.37533,0,
-10.3872,-24.6325,6.37550,0,
-10.3872,-24.6250,6.37567,0,
-10.3500,-24.6175,6.37583,0,
-10.3500,-24.6075,6.37600,0,
-10.3500,-24.6000,6.37617,0,
-10.3500,-24.5900,6.37633,0,
-10.3127,-24.5825,6.37650,0,
-10.3127,-24.5750,6.37667,0,
-10.3127,-24.5650,6.37683,0,
-10.2755,-24.5575,6.37700,0,
-10.2755,-24.5475,6.37717,0,
-10.2755,-24.5400,6.37733,0,
-10.2755,-24.5300,6.37750,0,
-10.2755,-24.5225,6.37767,0,
-10.2383,-24.5150,6.37783,0,
-10.2383,-24.5050,6.37800,0,
-10.2383,-24.4975,6.37817,0,
-10.2383,-24.4875,6.37833,0,
-10.2010,-24.4800,6.37850,0,
-10.2010,-24.4725,6.37867,0,
-10.2010,-24.4650,6.37883,0,
-10.2010,-24.4550,6.37900,0,
-10.2010,-24.4475,6.37917,0,
-10.1638,-24.4375,6.37933,0,
-10.1638,-24.4300,6.37950,0,
-10.1638,-24.4225,6.37967,0,
-10.1266,-24.4125,6.37983,0,
-10.1638,-24.4050,6.38000,0,
-10.1266,-24.3975,6.38017,0,
-10.1266,-24.3875,6.38033,0,
-10.1266,-24.3800,6.38050,0,
-10.1266,-24.3700,6.38067,0,
-10.0894,-24.3625,6.38083,0,
-10.0894,-24.3525,6.38100,0,
-10.0894,-24.3450,6.38117,0,
-10.0894,-24.3350,6.38133,0,
-10.0894,-24.3275,6.38150,0,
-10.0521,-24.3200,6.38167,0,
-10.0521,-24.3100,6.38183,0,
-10.0521,-24.3025,6.38200,0,
-10.0149,-24.2925,6.38217,0,
-10.0149,-24.2850,6.38233,0,
-10.0149,-24.2775,6.38250,0,
-10.0149,-24.2675,6.38267,0,
-10.0149,-24.2600,6.38283,0,
-9.9777,-24.2525,6.38300,0,
-9.9777,-24.2450,6.38317,0,
-9.9777,-24.2350,6.38333,0,
-9.9404,-24.2275,6.38350,0,
-9.9404,-24.2200,6.38367,0,
-9.9404,-24.2100,6.38383,0,
-9.9404,-24.2025,6.38400,0,
-9.9404,-24.1950,6.38417,0,
-9.9032,-24.1850,6.38433,0,
-9.9032,-24.1775,6.38450,0,
-9.9032,-24.1700,6.38467,0,
-9.9032,-24.1600,6.38483,0,
-9.9032,-24.1525,6.38500,0,
-9.9032,-24.1450,6.38517,0,
-9.9032,-24.1350,6.38533,0,
-9.8660,-24.1275,6.38550,0,
-9.8660,-24.1200,6.38567,0,
-9.8660,-24.1100,6.38583,0,
-9.8660,-24.1025,6.38600,0,
-9.8287,-24.0950,6.38617,0,
-9.8287,-24.0850,6.38633,0,
-9.8287,-24.0775,6.38650,0,
-9.8287,-24.0700,6.38667,0,
-9.7915,-24.0600,6.38683,0,
-9.7915,-24.0525,6.38700,0,
-9.7915,-24.0425,6.38717,0,
-9.7915,-24.0350,6.38733,0,
-9.7915,-24.0250,6.38750,0,
-9.7915,-24.0175,6.38767,0,
-9.7543,-24.0100,6.38783,0,
-9.7543,-24.0000,6.38800,0,
-9.7543,-23.9925,6.38817,0,
-9.7543,-23.9850,6.38833,0,
-9.7543,-23.9750,6.38850,0,
-9.7543,-23.9675,6.38867,0,
-9.7171,-23.9600,6.38883,0,
-9.7171,-23.9525,6.38900,0,
-9.7171,-23.9425,6.38917,0,
-9.7171,-23.9350,6.38933,0,
-9.7171,-23.9275,6.38950,0,
-9.6798,-23.9175,6.38967,0,
-9.6798,-23.9100,6.38983,0,
-9.6798,-23.9025,6.39000,0,
-9.6798,-23.8925,6.39017,0,
-9.6798,-23.8850,6.39033,0,
-9.6798,-23.8750,6.39050,0,
-9.6798,-23.8675,6.39067,0,
-9.6798,-23.8600,6.39083,0,
-9.6798,-23.8500,6.39100,0,
-9.6798,-23.8425,6.39117,0,
-9.6798,-23.8325,6.39133,0,
-9.6426,-23.8250,6.39150,0,
-9.6426,-23.8175,6.39167,0,
-9.6426,-23.8100,6.39183,0,
-9.6426,-23.8000,6.39200,0,
-9.6426,-23.7925,6.39217,0,
-9.6426,-23.7850,6.39233,0,
-9.6426,-23.7775,6.39250,0,
-9.6054,-23.7675,6.39267,0,
-9.6054,-23.7600,6.39283,0,
-9.6054,-23.7525,6.39300,0,
-9.6054,-23.7425,6.39317,0,
-9.6054,-23.7350,6.39333,0,
-9.6054,-23.7275,6.39350,0,
-9.5681,-23.7200,6.39367,0,
-9.5681,-23.7100,6.39383,0,
-9.5681,-23.7025,6.39400,0,
-9.5681,-23.6925,6.39417,0,
-9.5681,-23.6850,6.39433,0,
-9.5681,-23.6750,6.39450,0,
-9.5681,-23.6675,6.39467,0,
-9.5681,-23.6600,6.39483,0,
-9.5309,-23.6500,6.39500,0,
-9.5309,-23.6425,6.39517,0,
-9.5309,-23.6350,6.39533,0,
-9.5309,-23.6250,6.39550,0,
-9.5309,-23.6175,6.39567,0,
-9.5309,-23.6100,6.39583,0,
-9.5309,-23.6000,6.39600,0,
-9.5309,-23.5925,6.39617,0,
-9.4937,-23.5850,6.39633,0,
-9.4937,-23.5750,6.39650,0,
-9.4937,-23.5675,6.39667,0,
-9.4937,-23.5600,6.39683,0,
-9.4937,-23.5500,6.39700,0,
-9.4937,-23.5425,6.39717,0,
-9.4937,-23.5350,6.39733,0,
-9.4937,-23.5250,6.39750,0,
-9.4564,-23.5175,6.39767,0,
-9.4564,-23.5100,6.39783,0,
-9.4564,-23.5000,6.39800,0,
-9.4564,-23.4925,6.39817,0,
-9.4564,-23.4850,6.39833,0,
-9.4564,-23.4775,6.39850,0,
-9.4564,-23.4675,6.39867,0,
-9.4564,-23.4600,6.39883,0,
-9.4564,-23.4525,6.39900,0,
-9.4192,-23.4450,6.39917,0,
-9.4192,-23.4350,6.39933,0,
-9.4192,-23.4275,6.39950,0,
-9.4192,-23.4200,6.39967,0,
-9.4192,-23.4100,6.39983,0,
-9.4192,-23.4025,6.40000,0,
-9.4192,-23.3950,6.40017,0,
-9.3820,-23.3850,6.40033,0,
-9.4192,-23.3775,6.40050,0,
-9.3820,-23.3675,6.40067,0,
-9.3820,-23.3600,6.40083,0,
-9.3820,-23.3500,6.40100,0,
-9.3820,-23.3425,6.40117,0,
-9.3820,-23.3325,6.40133,0,
-9.3820,-23.3250,6.40150,0,
-9.3447,-23.3175,6.40167,0,
-9.3447,-23.3075,6.40183,0,
-9.3447,-23.3000,6.40200,0,
-9.3447,-23.2925,6.40217,0,
-9.3447,-23.2825,6.40233,0,
-9.3447,-23.2750,6.40250,0,
-9.3075,-23.2650,6.40267,0,
-9.3075,-23.2575,6.40283,0,
-9.3075,-23.2500,6.40300,0,
-9.3075,-23.2400,6.40317,0,
-9.3075,-23.2325,6.40333,0,
-9.2703,-23.2250,6.40350,0,
-9.2703,-23.2150,6.40367,0,
-9.2703,-23.2075,6.40383,0,
-9.2703,-23.1975,6.40400,0,
-9.2703,-23.1900,6.40417,0,
-9.2331,-23.1800,6.40433,0,
-9.2331,-23.1725,6.40450,0,
-9.2331,-23.1650,6.40467,0,
-9.2331,-23.1550,6.40483,0,
-9.2331,-23.1475,6.40500,0,
-9.2331,-23.1400,6.40517,0,
-9.2331,-23.1325,6.40533,0,
-9.1958,-23.1225,6.40550,0,
-9.1958,-23.1150,6.40567,0,
-9.1958,-23.1075,6.40583,0,
-9.1958,-23.0975,6.40600,0,
-9.1958,-23.0900,6.40617,0,
-9.1958,-23.0825,6.40633,0,
-9.1958,-23.0725,6.40650,0,
-9.1958,-23.0650,6.40667,0,
-9.1586,-23.0575,6.40683,0,
-9.1586,-23.0475,6.40700,0,
-9.1586,-23.0400,6.40717,0,
-9.1586,-23.0325,6.40733,0,
-9.1586,-23.0225,6.40750,0,
-9.1586,-23.0125,6.40767,0,
-9.1214,-23.0050,6.40783,0,
-9.1586,-22.9975,6.40800,0,
-9.1214,-22.9875,6.40817,0,
-9.1214,-22.9800,6.40833,0,
-9.1214,-22.9725,6.40850,0,
-9.1214,-22.9625,6.40867,0,
-9.1214,-22.9550,6.40883,0,
-9.0841,-22.9475,6.40900,0,
-9.0841,-22.9375,6.40917,0,
-9.0841,-22.9300,6.40933,0,
-9.0841,-22.9225,6.40950,0,
-9.0841,-22.9125,6.40967,0,
-9.0841,-22.9050,6.40983,0,
-9.0469,-22.8975,6.41000,0,
-9.0469,-22.8875,6.41017,0,
-9.0469,-22.8800,6.41033,0,
-9.0469,-22.8700,6.41050,0,
-9.0097,-22.8625,6.41067,0,
-9.0469,-22.8525,6.41083,0,
-9.0097,-22.8450,6.41100,0,
-9.0097,-22.8375,6.41117,0,
-9.0097,-22.8275,6.41133,0,
-9.0097,-22.8200,6.41150,0,
-9.0097,-22.8125,6.41167,0,
-9.0097,-22.8050,6.41183,0,
-9.0097,-22.7950,6.41200,0,
-8.9725,-22.7875,6.41217,0,
-8.9725,-22.7800,6.41233,0,
-8.9725,-22.7700,6.41250,0,
-8.9352,-22.7625,6.41267,0,
-8.9725,-22.7550,6.41283,0,
-8.9352,-22.7475,6.41300,0,
-8.9352,-22.7375,6.41317,0,
-8.9352,-22.7300,6.41333,0,
-8.9352,-22.7225,6.41350,0,
-8.9352,-22.7125,6.41367,0,
-8.8980,-22.7050,6.41383,0,
-8.8980,-22.6950,6.41400,0,
-8.8980,-22.6875,6.41417,0,
-8.8980,-22.6775,6.41433,0,
-8.8608,-22.6700,6.41450,0,
-8.8608,-22.6625,6.41467,0,
-8.8608,-22.6525,6.41483,0,
-8.8608,-22.6450,6.41500,0,
-8.8235,-22.6375,6.41517,0,
-8.8235,-22.6300,6.41533,0,
-8.8235,-22.6200,6.41550,0,
-8.8235,-22.6125,6.41567,0,
-8.8235,-22.6025,6.41583,0,
-8.8235,-22.5950,6.41600,0,
-8.7863,-22.5875,6.41617,0,
-8.7863,-22.5775,6.41633,0,
-8.7863,-22.5700,6.41650,0,
-8.7863,-22.5625,6.41667,0,
-8.7863,-22.5525,6.41683,0,
-8.7491,-22.5450,6.41700,0,
-8.7491,-22.5350,6.41717,0,
-8.7491,-22.5275,6.41733,0,
-8.7491,-22.5200,6.41750,0,
-8.7491,-22.5100,6.41767,0,
-8.7118,-22.5025,6.41783,0,
-8.7118,-22.4950,6.41800,0,
-8.7491,-22.4850,6.41817,0,
-8.7118,-22.4775,6.41833,0,
-8.7118,-22.4700,6.41850,0,
-8.7118,-22.4600,6.41867,0,
-8.7118,-22.4525,6.41883,0,
-8.7118,-22.4450,6.41900,0,
-8.7118,-22.4350,6.41917,0,
-8.7118,-22.4275,6.41933,0,
-8.7118,-22.4200,6.41950,0,
-8.7118,-22.4100,6.41967,0,
-8.7118,-22.4025,6.41983,0,
-8.7118,-22.3950,6.42000,0,
-8.7118,-22.3850,6.42017,0,
-8.7118,-22.3775,6.42033,0,
-8.6746,-22.3700,6.42050,0,
-8.6746,-22.3600,6.42067,0,
-8.6746,-22.3525,6.42083,0,
-8.6746,-22.3450,6.42100,0,
-8.6374,-22.3350,6.42117,0,
-8.6374,-22.3275,6.42133,0,
-8.6374,-22.3200,6.42150,0,
-8.6374,-22.3125,6.42167,0,
-8.6374,-22.3025,6.42183,0,
-8.6374,-22.2950,6.42200,0,
-8.6374,-22.2875,6.42217,0,
-8.6001,-22.2775,6.42233,0,
-8.6001,-22.2700,6.42250,0,
-8.6001,-22.2625,6.42267,0,
-8.6001,-22.2550,6.42283,0,
-8.5629,-22.2450,6.42300,0,
-8.6001,-22.2375,6.42317,0,
-8.5629,-22.2300,6.42333,0,
-8.5629,-22.2200,6.42350,0,
-8.5629,-22.2125,6.42367,0,
-8.5629,-22.2050,6.42383,0,
-8.5257,-22.1950,6.42400,0,
-8.5257,-22.1875,6.42417,0,
-8.5257,-22.1800,6.42433,0,
-8.5257,-22.1700,6.42450,0,
-8.5257,-22.1625,6.42467,0,
-8.5257,-22.1550,6.42483,0,
-8.5257,-22.1475,6.42500,0,
-8.4885,-22.1375,6.42517,0,
-8.4885,-22.1300,6.42533,0,
-8.5257,-22.1225,6.42550,0,
-8.4885,-22.1150,6.42567,0,
-8.4885,-22.1050,6.42583,0,
-8.4885,-22.0975,6.42600,0,
-8.4885,-22.0900,6.42617,0,
-8.4885,-22.0800,6.42633,0,
-8.4885,-22.0725,6.42650,0,
-8.4885,-22.0650,6.42667,0,
-8.4512,-22.0550,6.42683,0,
-8.4512,-22.0475,6.42700,0,
-8.4512,-22.0375,6.42717,0,
-8.4512,-22.0300,6.42733,0,
-8.4512,-22.0200,6.42750,0,
-8.4512,-22.0125,6.42767,0,
-8.4512,-22.0050,6.42783,0,
-8.4512,-21.9950,6.42800,0,
-8.4512,-21.9875,6.42817,0,
-8.4512,-21.9800,6.42833,0,
-8.4140,-21.9700,6.42850,0,
-8.4140,-21.9625,6.42867,0,
-8.4140,-21.9550,6.42883,0,
-8.4140,-21.9450,6.42900,0,
-8.4140,-21.9375,6.42917,0,
-8.4140,-21.9300,6.42933,0,
-8.4140,-21.9200,6.42950,0,
-8.4140,-21.9125,6.42967,0,
-8.4140,-21.9050,6.42983,0,
-8.3768,-21.8975,6.43000,0,
-8.3768,-21.8875,6.43017,0,
-8.3768,-21.8800,6.43033,0,
-8.3768,-21.8700,6.43050,0,
-8.3768,-21.8625,6.43067,0,
-8.3768,-21.8550,6.43083,0,
-8.3768,-21.8475,6.43100,0,
-8.3768,-21.8375,6.43117,0,
-8.3395,-21.8300,6.43133,0,
-8.3395,-21.8225,6.43150,0,
-8.3395,-21.8150,6.43167,0,
-8.3395,-21.8050,6.43183,0,
-8.3395,-21.7975,6.43200,0,
-8.3023,-21.7900,6.43217,0,
-8.3023,-21.7825,6.43233,0,
-8.3023,-21.7725,6.43250,0,
-8.3023,-21.7650,6.43267,0,
-8.3023,-21.7575,6.43283,0,
-8.3023,-21.7500,6.43300,0,
-8.3023,-21.7400,6.43317,0,
-8.2651,-21.7325,6.43333,0,
-8.2651,-21.7250,6.43350,0,
-8.2651,-21.7150,6.43367,0,
-8.2651,-21.7075,6.43383,0,
-8.2278,-21.7000,6.43400,0,
-8.2278,-21.6900,6.43417,0,
-8.2278,-21.6825,6.43433,0,
-8.2278,-21.6725,6.43450,0,
-8.2278,-21.6650,6.43467,0,
-8.2278,-21.6575,6.43483,0,
-8.2278,-21.6475,6.43500,0,
-8.1906,-21.6400,6.43517,0,
-8.1906,-21.6325,6.43533,0,
-8.1906,-21.6250,6.43550,0,
-8.1906,-21.6150,6.43567,0,
-8.1906,-21.6075,6.43583,0,
-8.1906,-21.6000,6.43600,0,
-8.1906,-21.5900,6.43617,0,
-8.1906,-21.5825,6.43633,0,
-8.1906,-21.5750,6.43650,0,
-8.1906,-21.5650,6.43667,0,
-8.1534,-21.5575,6.43683,0,
-8.1534,-21.5500,6.43700,0,
-8.1534,-21.5400,6.43717,0,
-8.1534,-21.5325,6.43733,0,
-8.1534,-21.5250,6.43750,0,
-8.1534,-21.5150,6.43767,0,
-8.1534,-21.5075,6.43783,0,
-8.1534,-21.5000,6.43800,0,
-8.1534,-21.4900,6.43817,0,
-8.1162,-21.4825,6.43833,0,
-8.1534,-21.4750,6.43850,0,
-8.1162,-21.4675,6.43867,0,
-8.1162,-21.4600,6.43883,0,
-8.1162,-21.4525,6.43900,0,
-8.1162,-21.4425,6.43917,0,
-8.1162,-21.4350,6.43933,0,
-8.1162,-21.4275,6.43950,0,
-8.1162,-21.4175,6.43967,0,
-8.1162,-21.4100,6.43983,0,
-8.1162,-21.4025,6.44000,0,
-8.1162,-21.3925,6.44017,0,
-8.0789,-21.3850,6.44033,0,
-8.0789,-21.3775,6.44050,0,
-8.0789,-21.3675,6.44067,0,
-8.0789,-21.3600,6.44083,0,
-8.0789,-21.3500,6.44100,0,
-8.0789,-21.3425,6.44117,0,
-8.0789,-21.3350,6.44133,0,
-8.0789,-21.3250,6.44150,0,
-8.0789,-21.3175,6.44167,0,
-8.0417,-21.3100,6.44183,0,
-8.0417,-21.3000,6.44200,0,
-8.0417,-21.2925,6.44217,0,
-8.0417,-21.2850,6.44233,0,
-8.0417,-21.2750,6.44250,0,
-8.0417,-21.2675,6.44267,0,
-8.0045,-21.2600,6.44283,0,
-8.0045,-21.2525,6.44300,0,
-8.0045,-21.2425,6.44317,0,
-8.0045,-21.2350,6.44333,0,
-8.0045,-21.2275,6.44350,0,
-8.0045,-21.2200,6.44367,0,
-8.0045,-21.2100,6.44383,0,
-8.0045,-21.2025,6.44400,0,
-7.9672,-21.1950,6.44417,0,
-7.9672,-21.1850,6.44433,0,
-7.9672,-21.1775,6.44450,0,
-7.9672,-21.1700,6.44467,0,
-7.9672,-21.1625,6.44483,0,
-7.9300,-21.1525,6.44500,0,
-7.9300,-21.1450,6.44517,0,
-7.9300,-21.1375,6.44533,0,
-7.9300,-21.1300,6.44550,0,
-7.9300,-21.1200,6.44567,0,
-7.8928,-21.1125,6.44583,0,
-7.8928,-21.1050,6.44600,0,
-7.8928,-21.0950,6.44617,0,
-7.8928,-21.0875,6.44633,0,
-7.8555,-21.0800,6.44650,0,
-7.8555,-21.0700,6.44667,0,
-7.8555,-21.0625,6.44683,0,
-7.8555,-21.0550,6.44700,0,
-7.8555,-21.0475,6.44717,0,
-7.8555,-21.0375,6.44733,0,
-7.8183,-21.0300,6.44750,0,
-7.8183,-21.0200,6.44767,0,
-7.8183,-21.0125,6.44783,0,
-7.8183,-21.0050,6.44800,0,
-7.8183,-20.9950,6.44817,0,
-7.8183,-20.9875,6.44833,0,
-7.8183,-20.9800,6.44850,0,
-7.8183,-20.9725,6.44867,0,
-7.8183,-20.9625,6.44883,0,
-7.8183,-20.9550,6.44900,0,
-7.8183,-20.9475,6.44917,0,
-7.7811,-20.9400,6.44933,0,
-7.8183,-20.9300,6.44950,0,
-7.7811,-20.9225,6.44967,0,
-7.7811,-20.9150,6.44983,0,
-7.7811,-20.9075,6.45000,0,
-7.7811,-20.8975,6.45017,0,
-7.7811,-20.8900,6.45033,0,
-7.7811,-20.8825,6.45050,0,
-7.7811,-20.8750,6.45067,0,
-7.7811,-20.8650,6.45083,0,
-7.7811,-20.8575,6.45100,0,
-7.7811,-20.8500,6.45117,0,
-7.7811,-20.8400,6.45133,0,
-7.7811,-20.8325,6.45150,0,
-7.7439,-20.8250,6.45167,0,
-7.7811,-20.8175,6.45183,0,
-7.7439,-20.8100,6.45200,0,
-7.7439,-20.8000,6.45217,0,
-7.7439,-20.7925,6.45233,0,
-7.7439,-20.7850,6.45250,0,
-7.7439,-20.7775,6.45267,0,
-7.7439,-20.7675,6.45283,0,
-7.7439,-20.7600,6.45300,0,
-7.7066,-20.7525,6.45317,0,
-7.7439,-20.7425,6.45333,0,
-7.7066,-20.7350,6.45350,0,
-7.7066,-20.7275,6.45367,0,
-7.7066,-20.7175,6.45383,0,
-7.7066,-20.7100,6.45400,0,
-7.7066,-20.7025,6.45417,0,
-7.7066,-20.6925,6.45433,0,
-7.7066,-20.6850,6.45450,0,
-7.7066,-20.6750,6.45467,0,
-7.6694,-20.6675,6.45483,0,
-7.6694,-20.6600,6.45500,0,
-7.6694,-20.6500,6.45517,0,
-7.6694,-20.6425,6.45533,0,
-7.6694,-20.6350,6.45550,0,
-7.6694,-20.6250,6.45567,0,
-7.6694,-20.6175,6.45583,0,
-7.6694,-20.6100,6.45600,0,
-7.6694,-20.6000,6.45617,0,
-7.6694,-20.5925,6.45633,0,
-7.6694,-20.5850,6.45650,0,
-7.6694,-20.5750,6.45667,0,
-7.6694,-20.5675,6.45683,0,
-7.6694,-20.5600,6.45700,0,
-7.6322,-20.5500,6.45717,0,
-7.6322,-20.5425,6.45733,0,
-7.6322,-20.5350,6.45750,0,
-7.6322,-20.5250,6.45767,0,
-7.6322,-20.5175,6.45783,0,
-7.6322,-20.5100,6.45800,0,
-7.5949,-20.5025,6.45817,0,
-7.6322,-20.4925,6.45833,0,
-7.6322,-20.4850,6.45850,0,
-7.5949,-20.4775,6.45867,0,
-7.5949,-20.4675,6.45883,0,
-7.5949,-20.4600,6.45900,0,
-7.5949,-20.4525,6.45917,0,
-7.5949,-20.4425,6.45933,0,
-7.5949,-20.4350,6.45950,0,
-7.5949,-20.4275,6.45967,0,
-7.5949,-20.4175,6.45983,0,
-7.5949,-20.4100,6.46000,0,
-7.5949,-20.4025,6.46017,0,
-7.5577,-20.3925,6.46033,0,
-7.5577,-20.3850,6.46050,0,
-7.5577,-20.3775,6.46067,0,
-7.5577,-20.3675,6.46083,0,
-7.5577,-20.3600,6.46100,0,
-7.5577,-20.3500,6.46117,0,
-7.5577,-20.3425,6.46133,0,
-7.5577,-20.3350,6.46150,0,
-7.5577,-20.3250,6.46167,0,
-7.5577,-20.3175,6.46183,0,
-7.5205,-20.3100,6.46200,0,
-7.5205,-20.3000,6.46217,0,
-7.5205,-20.2925,6.46233,0,
-7.5205,-20.2850,6.46250,0,
-7.5205,-20.2775,6.46267,0,
-7.5205,-20.2675,6.46283,0,
-7.5205,-20.2600,6.46300,0,
-7.5205,-20.2525,6.46317,0,
-7.5205,-20.2450,6.46333,0,
-7.4832,-20.2350,6.46350,0,
-7.4832,-20.2275,6.46367,0,
-7.4832,-20.2200,6.46383,0,
-7.4832,-20.2100,6.46400,0,
-7.4832,-20.2025,6.46417,0,
-7.4460,-20.1950,6.46433,0,
-7.4832,-20.1850,6.46450,0,
-7.4460,-20.1775,6.46467,0,
-7.4460,-20.1700,6.46483,0,
-7.4460,-20.1600,6.46500,0,
-7.4460,-20.1525,6.46517,0,
-7.4460,-20.1450,6.46533,0,
-7.4460,-20.1375,6.46550,0,
-7.4088,-20.1300,6.46567,0,
-7.4460,-20.1200,6.46583,0,
-7.4460,-20.1125,6.46600,0,
-7.4088,-20.1025,6.46617,0,
-7.4088,-20.0950,6.46633,0,
-7.4088,-20.0875,6.46650,0,
-7.4088,-20.0775,6.46667,0,
-7.4088,-20.0700,6.46683,0,
-7.3716,-20.0625,6.46700,0,
-7.3716,-20.0525,6.46717,0,
-7.3716,-20.0450,6.46733,0,
-7.3716,-20.0375,6.46750,0,
-7.3716,-20.0275,6.46767,0,
-7.3716,-20.0200,6.46783,0,
-7.3716,-20.0100,6.46800,0,
-7.3716,-20.0025,6.46817,0,
-7.3343,-19.9950,6.46833,0,
-7.3343,-19.9875,6.46850,0,
-7.3343,-19.9775,6.46867,0,
-7.3343,-19.9700,6.46883,0,
-7.3343,-19.9625,6.46900,0,
-7.3343,-19.9525,6.46917,0,
-7.2971,-19.9450,6.46933,0,
-7.2971,-19.9375,6.46950,0,
-7.2971,-19.9275,6.46967,0,
-7.2971,-19.9200,6.46983,0,
-7.2971,-19.9125,6.47000,0,
-7.2599,-19.9050,6.47017,0,
-7.2599,-19.8950,6.47033,0,
-7.2599,-19.8875,6.47050,0,
-7.2599,-19.8800,6.47067,0,
-7.2226,-19.8700,6.47083,0,
-7.2226,-19.8625,6.47100,0,
-7.2226,-19.8525,6.47117,0,
-7.2226,-19.8450,6.47133,0,
-7.2226,-19.8375,6.47150,0,
-7.1854,-19.8275,6.47167,0,
-7.1854,-19.8200,6.47183,0,
-7.1854,-19.8125,6.47200,0,
-7.1482,-19.8050,6.47217,0,
-7.1482,-19.7950,6.47233,0,
-7.1482,-19.7875,6.47250,0,
-7.1482,-19.7800,6.47267,0,
-7.1482,-19.7700,6.47283,0,
-7.1109,-19.7625,6.47300,0,
-7.1109,-19.7550,6.47317,0,
-7.1109,-19.7450,6.47333,0,
-7.1109,-19.7375,6.47350,0,
-7.1109,-19.7300,6.47367,0,
-7.0737,-19.7200,6.47383,0,
-7.1109,-19.7125,6.47400,0,
-7.0737,-19.7025,6.47417,0,
-7.0737,-19.6950,6.47433,0,
-7.0737,-19.6850,6.47450,0,
-7.0737,-19.6775,6.47467,0,
-7.0737,-19.6700,6.47483,0,
-7.0737,-19.6600,6.47500,0,
-7.0737,-19.6525,6.47517,0,
-7.0737,-19.6450,6.47533,0,
-7.0737,-19.6350,6.47550,0,
-7.0737,-19.6275,6.47567,0,
-7.0737,-19.6200,6.47583,0,
-7.0365,-19.6100,6.47600,0,
-7.0365,-19.6025,6.47617,0,
-7.0365,-19.5950,6.47633,0,
-7.0365,-19.5850,6.47650,0,
-7.0365,-19.5775,6.47667,0,
-7.0365,-19.5675,6.47683,0,
-7.0365,-19.5600,6.47700,0,
-7.0365,-19.5525,6.47717,0,
-7.0365,-19.5425,6.47733,0,
-7.0365,-19.5350,6.47750,0,
-6.9993,-19.5250,6.47767,0,
-6.9993,-19.5175,6.47783,0,
-6.9993,-19.5100,6.47800,0,
-6.9993,-19.5000,6.47817,0,
-6.9993,-19.4925,6.47833,0,
-6.9993,-19.4850,6.47850,0,
-6.9993,-19.4775,6.47867,0,
-6.9993,-19.4675,6.47883,0,
-6.9993,-19.4600,6.47900,0,
-6.9993,-19.4525,6.47917,0,
-6.9993,-19.4425,6.47933,0,
-6.9993,-19.4350,6.47950,0,
-6.9993,-19.4250,6.47967,0,
-6.9620,-19.4175,6.47983,0,
-6.9620,-19.4100,6.48000,0,
-6.9993,-19.4000,6.48017,0,
-6.9993,-19.3925,6.48033,0,
-6.9993,-19.3850,6.48050,0,
-6.9620,-19.3750,6.48067,0,
-6.9620,-19.3675,6.48083,0,
-6.9620,-19.3575,6.48100,0,
-6.9620,-19.3500,6.48117,0,
-6.9620,-19.3400,6.48133,0,
-6.9620,-19.3325,6.48150,0,
-6.9248,-19.3225,6.48167,0,
-6.9248,-19.3150,6.48183,0,
-6.9248,-19.3075,6.48200,0,
-6.9248,-19.2975,6.48217,0,
-6.9248,-19.2900,6.48233,0,
-6.9248,-19.2825,6.48250,0,
-6.9248,-19.2725,6.48267,0,
-6.9248,-19.2650,6.48283,0,
-6.9248,-19.2575,6.48300,0,
-6.9248,-19.2500,6.48317,0,
-6.9248,-19.2400,6.48333,0,
-6.9620,-19.2325,6.48350,0,
-6.9248,-19.2250,6.48367,0,
-6.9248,-19.2150,6.48383,0,
-6.9248,-19.2075,6.48400,0,
-6.9248,-19.2000,6.48417,0,
-6.9248,-19.1900,6.48433,0,
-6.9248,-19.1825,6.48450,0,
-6.9248,-19.1725,6.48467,0,
-6.9248,-19.1650,6.48483,0,
-6.9248,-19.1575,6.48500,0,
-6.9248,-19.1475,6.48517,0,
-6.8876,-19.1400,6.48533,0,
-6.8876,-19.1325,6.48550,0,
-6.8876,-19.1250,6.48567,0,
-6.8876,-19.1175,6.48583,0,
-6.8876,-19.1075,6.48600,0,
-6.8876,-19.1000,6.48617,0,
-6.8876,-19.0900,6.48633,0,
-6.8503,-19.0825,6.48650,0,
-6.8503,-19.0750,6.48667,0,
-6.8503,-19.0675,6.48683,0,
-6.8503,-19.0575,6.48700,0,
-6.8503,-19.0500,6.48717,0,
-6.8131,-19.0400,6.48733,0,
-6.8131,-19.0325,6.48750,0,
-6.8131,-19.0250,6.48767,0,
-6.8131,-19.0150,6.48783,0,
-6.8131,-19.0075,6.48800,0,
-6.8131,-18.9975,6.48817,0,
-6.8131,-18.9900,6.48833,0,
-6.8131,-18.9825,6.48850,0,
-6.8131,-18.9750,6.48867,0,
-6.7759,-18.9650,6.48883,0,
-6.7759,-18.9575,6.48900,0,
-6.7759,-18.9500,6.48917,0,
-6.7759,-18.9400,6.48933,0,
-6.7759,-18.9325,6.48950,0,
-6.7759,-18.9250,6.48967,0,
-6.7759,-18.9150,6.48983,0,
-6.7386,-18.9075,6.49000,0,
-6.7759,-18.9000,6.49017,0,
-6.7759,-18.8900,6.49033,0,
-6.7386,-18.8825,6.49050,0,
-6.7386,-18.8750,6.49067,0,
-6.7386,-18.8650,6.49083,0,
-6.7386,-18.8575,6.49100,0,
-6.7386,-18.8500,6.49117,0,
-6.7386,-18.8425,6.49133,0,
-6.7386,-18.8325,6.49150,0,
-6.7386,-18.8250,6.49167,0,
-6.7386,-18.8175,6.49183,0,
-6.7386,-18.8100,6.49200,0,
-6.7386,-18.8000,6.49217,0,
-6.7386,-18.7925,6.49233,0,
-6.7014,-18.7850,6.49250,0,
-6.7014,-18.7750,6.49267,0,
-6.7014,-18.7675,6.49283,0,
-6.7014,-18.7600,6.49300,0,
-6.7014,-18.7500,6.49317,0,
-6.6642,-18.7425,6.49333,0,
-6.7014,-18.7350,6.49350,0,
-6.6642,-18.7250,6.49367,0,
-6.6642,-18.7175,6.49383,0,
-6.6642,-18.7100,6.49400,0,
-6.7014,-18.7000,6.49417,0,
-6.6642,-18.6925,6.49433,0,
-6.6642,-18.6825,6.49450,0,
-6.6642,-18.6750,6.49467,0,
-6.6642,-18.6675,6.49483,0,
-6.6642,-18.6575,6.49500,0,
-6.6642,-18.6500,6.49517,0,
-6.6642,-18.6425,6.49533,0,
-6.6642,-18.6325,6.49550,0,
-6.6642,-18.6250,6.49567,0,
-6.6270,-18.6175,6.49583,0,
-6.6270,-18.6075,6.49600,0,
-6.6270,-18.6000,6.49617,0,
-6.6270,-18.5925,6.49633,0,
-6.6270,-18.5825,6.49650,0,
-6.6270,-18.5750,6.49667,0,
-6.6270,-18.5650,6.49683,0,
-6.6270,-18.5575,6.49700,0,
-6.6270,-18.5500,6.49717,0,
-6.5897,-18.5400,6.49733,0,
-6.5897,-18.5325,6.49750,0,
-6.5897,-18.5225,6.49767,0,
-6.5897,-18.5150,6.49783,0,
-6.6270,-18.5075,6.49800,0,
-6.6270,-18.4975,6.49817,0,
-6.6270,-18.4900,6.49833,0,
-6.5897,-18.4825,6.49850,0,
-6.5897,-18.4750,6.49867,0,
-6.5897,-18.4650,6.49883,0,
-6.5897,-18.4575,6.49900,0,
-6.5897,-18.4500,6.49917,0,
-6.5897,-18.4400,6.49933,0,
-6.5897,-18.4325,6.49950,0,
-6.5897,-18.4250,6.49967,0,
-6.5897,-18.4150,6.49983,0,
-6.5897,-18.4075,6.50000,0,
-6.5897,-18.4000,6.50017,0,
-6.5897,-18.3900,6.50033,0,
-6.5897,-18.3825,6.50050,0,
-6.5897,-18.3750,6.50067,0,
-6.5897,-18.3650,6.50083,0,
-6.5897,-18.3575,6.50100,0,
-6.5897,-18.3475,6.50117,0,
-6.5897,-18.3400,6.50133,0,
-6.5525,-18.3300,6.50150,0,
-6.5525,-18.3225,6.50167,0,
-6.5525,-18.3150,6.50183,0,
-6.5525,-18.3050,6.50200,0,
-6.5525,-18.2975,6.50217,0,
-6.5525,-18.2900,6.50233,0,
-6.5525,-18.2800,6.50250,0,
-6.5525,-18.2725,6.50267,0,
-6.5525,-18.2650,6.50283,0,
-6.5153,-18.2550,6.50300,0,
-6.5153,-18.2475,6.50317,0,
-6.5153,-18.2400,6.50333,0,
-6.5153,-18.2300,6.50350,0,
-6.5153,-18.2225,6.50367,0,
-6.5153,-18.2150,6.50383,0,
-6.5153,-18.2050,6.50400,0,
-6.4780,-18.1975,6.50417,0,
-6.4780,-18.1875,6.50433,0,
-6.4780,-18.1800,6.50450,0,
-6.4780,-18.1725,6.50467,0,
-6.4780,-18.1625,6.50483,0,
-6.4780,-18.1550,6.50500,0,
-6.4780,-18.1475,6.50517,0,
-6.4408,-18.1400,6.50533,0,
-6.4780,-18.1300,6.50550,0,
-6.4408,-18.1225,6.50567,0,
-6.4408,-18.1150,6.50583,0,
-6.4408,-18.1050,6.50600,0,
-6.4408,-18.0975,6.50617,0,
-6.4408,-18.0900,6.50633,0,
-6.4408,-18.0800,6.50650,0,
-6.4408,-18.0725,6.50667,0,
-6.4408,-18.0650,6.50683,0,
-6.4408,-18.0550,6.50700,0,
-6.4036,-18.0475,6.50717,0,
-6.4036,-18.0375,6.50733,0,
-6.4036,-18.0300,6.50750,0,
-6.4036,-18.0200,6.50767,0,
-6.4036,-18.0125,6.50783,0,
-6.4036,-18.0050,6.50800,0,
-6.4036,-17.9950,6.50817,0,
-6.4036,-17.9875,6.50833,0,
-6.4036,-17.9800,6.50850,0,
-6.3663,-17.9700,6.50867,0,
-6.3663,-17.9625,6.50883,0,
-6.3663,-17.9525,6.50900,0,
-6.3291,-17.9450,6.50917,0,
-6.3291,-17.9350,6.50933,0,
-6.3291,-17.9275,6.50950,0,
-6.3291,-17.9200,6.50967,0,
-6.2919,-17.9100,6.50983,0,
-6.2919,-17.9025,6.51000,0,
-6.2919,-17.8925,6.51017,0,
-6.2919,-17.8850,6.51033,0,
-6.2919,-17.8750,6.51050,0,
-6.2919,-17.8675,6.51067,0,
-6.2919,-17.8600,6.51083,0,
-6.2919,-17.8500,6.51100,0,
-6.2919,-17.8425,6.51117,0,
-6.2919,-17.8325,6.51133,0,
-6.2547,-17.8250,6.51150,0,
-6.2547,-17.8175,6.51167,0,
-6.2547,-17.8075,6.51183,0,
-6.2547,-17.8000,6.51200,0,
-6.2547,-17.7925,6.51217,0,
-6.2547,-17.7825,6.51233,0,
-6.2174,-17.7750,6.51250,0,
-6.2174,-17.7675,6.51267,0,
-6.2174,-17.7575,6.51283,0,
-6.2174,-17.7500,6.51300,0,
-6.2174,-17.7425,6.51317,0,
-6.2174,-17.7325,6.51333,0,
-6.2174,-17.7250,6.51350,0,
-6.2174,-17.7175,6.51367,0,
-6.2174,-17.7075,6.51383,0,
-6.2174,-17.7000,6.51400,0,
-6.2174,-17.6900,6.51417,0,
-6.2174,-17.6825,6.51433,0,
-6.2174,-17.6725,6.51450,0,
-6.2174,-17.6650,6.51467,0,
-6.2174,-17.6575,6.51483,0,
-6.2174,-17.6475,6.51500,0,
-6.2174,-17.6400,6.51517,0,
-6.2174,-17.6325,6.51533,0,
-6.2174,-17.6250,6.51550,0,
-6.2174,-17.6150,6.51567,0,
-6.2174,-17.6075,6.51583,0,
-6.2174,-17.5975,6.51600,0,
-6.2174,-17.5900,6.51617,0,
-6.2174,-17.5825,6.51633,0,
-6.2174,-17.5725,6.51650,0,
-6.2174,-17.5650,6.51667,0,
-6.2174,-17.5575,6.51683,0,
-6.1802,-17.5475,6.51700,0,
-6.2174,-17.5400,6.51717,0,
-6.2174,-17.5300,6.51733,0,
-6.2174,-17.5225,6.51750,0,
-6.1802,-17.5150,6.51767,0,
-6.2174,-17.5050,6.51783,0,
-6.1802,-17.4975,6.51800,0,
-6.1802,-17.4900,6.51817,0,
-6.1802,-17.4825,6.51833,0,
-6.1802,-17.4725,6.51850,0,
-6.1802,-17.4650,6.51867,0,
-6.1802,-17.4575,6.51883,0,
-6.1802,-17.4475,6.51900,0,
-6.1802,-17.4400,6.51917,0,
-6.1802,-17.4325,6.51933,0,
-6.1802,-17.4225,6.51950,0,
-6.1802,-17.4150,6.51967,0,
-6.1430,-17.4075,6.51983,0,
-6.1430,-17.3975,6.52000,0,
-6.1802,-17.3900,6.52017,0,
-6.1430,-17.3825,6.52033,0,
-6.1802,-17.3725,6.52050,0,
-6.1802,-17.3650,6.52067,0,
-6.1430,-17.3575,6.52083,0,
-6.1430,-17.3475,6.52100,0,
-6.1430,-17.3400,6.52117,0,
-6.1430,-17.3325,6.52133,0,
-6.1802,-17.3225,6.52150,0,
-6.1802,-17.3150,6.52167,0,
-6.1802,-17.3075,6.52183,0,
-6.1802,-17.2975,6.52200,0,
-6.1802,-17.2900,6.52217,0,
-6.1802,-17.2825,6.52233,0,
-6.1802,-17.2725,6.52250,0,
-6.1802,-17.2650,6.52267,0,
-6.1802,-17.2575,6.52283,0,
-6.1802,-17.2475,6.52300,0,
-6.1802,-17.2400,6.52317,0,
-6.1802,-17.2325,6.52333,0,
-6.1802,-17.2225,6.52350,0,
-6.1802,-17.2150,6.52367,0,
-6.1802,-17.2050,6.52383,0,
-6.1430,-17.1975,6.52400,0,
-6.1430,-17.1900,6.52417,0,
-6.1430,-17.1800,6.52433,0,
-6.1430,-17.1725,6.52450,0,
-6.1430,-17.1650,6.52467,0,
-6.1430,-17.1550,6.52483,0,
-6.1430,-17.1475,6.52500,0,
-6.1430,-17.1400,6.52517,0,
-6.1430,-17.1300,6.52533,0,
-6.1430,-17.1225,6.52550,0,
-6.1430,-17.1150,6.52567,0,
-6.1430,-17.1050,6.52583,0,
-6.1430,-17.0975,6.52600,0,
-6.1430,-17.0900,6.52617,0,
-6.1430,-17.0825,6.52633,0,
-6.1430,-17.0725,6.52650,0,
-6.1430,-17.0650,6.52667,0,
-6.1057,-17.0575,6.52683,0,
-6.1057,-17.0475,6.52700,0,
-6.1057,-17.0400,6.52717,0,
-6.1057,-17.0325,6.52733,0,
-6.1057,-17.0225,6.52750,0,
-6.1057,-17.0150,6.52767,0,
-6.1057,-17.0050,6.52783,0,
-6.1057,-16.9975,6.52800,0,
-6.1057,-16.9900,6.52817,0,
-6.1057,-16.9800,6.52833,0,
-6.1057,-16.9725,6.52850,0,
-6.1057,-16.9650,6.52867,0,
-6.1057,-16.9550,6.52883,0,
-6.0685,-16.9475,6.52900,0,
-6.1057,-16.9375,6.52917,0,
-6.0685,-16.9300,6.52933,0,
-6.0685,-16.9225,6.52950,0,
-6.0685,-16.9125,6.52967,0,
-6.0685,-16.9050,6.52983,0,
-6.1057,-16.8975,6.53000,0,
-6.0685,-16.8875,6.53017,0,
-6.0685,-16.8800,6.53033,0,
-6.0685,-16.8725,6.53050,0,
-6.0685,-16.8625,6.53067,0,
-6.0685,-16.8550,6.53083,0,
-6.0685,-16.8450,6.53100,0,
-6.0685,-16.8375,6.53117,0,
-6.0685,-16.8300,6.53133,0,
-6.0685,-16.8225,6.53150,0,
-6.0685,-16.8125,6.53167,0,
-6.0685,-16.8050,6.53183,0,
-6.0685,-16.7975,6.53200,0,
-6.0313,-16.7900,6.53217,0,
-6.0313,-16.7800,6.53233,0,
-6.0313,-16.7725,6.53250,0,
-6.0313,-16.7625,6.53267,0,
-6.0313,-16.7550,6.53283,0,
-6.0313,-16.7475,6.53300,0,
-6.0685,-16.7400,6.53317,0,
-6.0313,-16.7300,6.53333,0,
-6.0313,-16.7225,6.53350,0,
-6.0313,-16.7150,6.53367,0,
-6.0685,-16.7050,6.53383,0,
-6.0685,-16.6975,6.53400,0,
-6.0685,-16.6875,6.53417,0,
-6.0685,-16.6800,6.53433,0,
-6.0685,-16.6725,6.53450,0,
-6.0313,-16.6625,6.53467,0,
-6.0313,-16.6550,6.53483,0,
-6.0685,-16.6475,6.53500,0,
-6.0313,-16.6400,6.53517,0,
-6.0685,-16.6300,6.53533,0,
-6.0685,-16.6225,6.53550,0,
-6.0313,-16.6150,6.53567,0,
-6.0313,-16.6050,6.53583,0,
-6.0313,-16.5975,6.53600,0,
-6.0313,-16.5900,6.53617,0,
-6.0313,-16.5800,6.53633,0,
-6.0313,-16.5725,6.53650,0,
-6.0313,-16.5650,6.53667,0,
-6.0313,-16.5550,6.53683,0,
-6.0313,-16.5475,6.53700,0,
-6.0313,-16.5400,6.53717,0,
-6.0313,-16.5300,6.53733,0,
-6.0313,-16.5225,6.53750,0,
-6.0313,-16.5150,6.53767,0,
-6.0313,-16.5050,6.53783,0,
-6.0313,-16.4975,6.53800,0,
-6.0313,-16.4900,6.53817,0,
-6.0313,-16.4825,6.53833,0,
-6.0313,-16.4725,6.53850,0,
-6.0313,-16.4650,6.53867,0,
-6.0313,-16.4575,6.53883,0,
-6.0313,-16.4500,6.53900,0,
-6.0313,-16.4400,6.53917,0,
-6.0313,-16.4325,6.53933,0,
-6.0313,-16.4250,6.53950,0,
-6.0313,-16.4150,6.53967,0,
-6.0313,-16.4075,6.53983,0,
-6.0313,-16.4000,6.54000,0,
-6.0313,-16.3925,6.54017,0,
-6.0313,-16.3825,6.54033,0,
-6.0313,-16.3750,6.54050,0,
-6.0313,-16.3675,6.54067,0,
-6.0313,-16.3575,6.54083,0,
-6.0313,-16.3500,6.54100,0,
-6.0313,-16.3400,6.54117,0,
-6.0313,-16.3325,6.54133,0,
-5.9940,-16.3250,6.54150,0,
-5.9940,-16.3175,6.54167,0,
-5.9940,-16.3075,6.54183,0,
-5.9940,-16.3000,6.54200,0,
-5.9940,-16.2925,6.54217,0,
-5.9940,-16.2825,6.54233,0,
-5.9940,-16.2750,6.54250,0,
-5.9940,-16.2675,6.54267,0,
-5.9940,-16.2600,6.54283,0,
-5.9568,-16.2500,6.54300,0,
-5.9940,-16.2425,6.54317,0,
-5.9568,-16.2350,6.54333,0,
-5.9568,-16.2275,6.54350,0,
-5.9568,-16.2175,6.54367,0,
-5.9568,-16.2100,6.54383,0,
-5.9568,-16.2025,6.54400,0,
-5.9568,-16.1925,6.54417,0,
-5.9196,-16.1850,6.54433,0,
-5.9196,-16.1775,6.54450,0,
-5.9568,-16.1675,6.54467,0,
-5.9196,-16.1600,6.54483,0,
-5.9196,-16.1525,6.54500,0,
-5.9196,-16.1450,6.54517,0,
-5.9196,-16.1375,6.54533,0,
-5.9196,-16.1275,6.54550,0,
-5.9196,-16.1200,6.54567,0,
-5.9196,-16.1125,6.54583,0,
-5.9196,-16.1025,6.54600,0,
-5.9196,-16.0950,6.54617,0,
-5.9196,-16.0875,6.54633,0,
-5.9196,-16.0775,6.54650,0,
-5.9196,-16.0700,6.54667,0,
-5.9196,-16.0625,6.54683,0,
-5.9196,-16.0550,6.54700,0,
-5.9196,-16.0450,6.54717,0,
-5.9196,-16.0375,6.54733,0,
-5.9196,-16.0275,6.54750,0,
-5.9196,-16.0200,6.54767,0,
-5.9196,-16.0125,6.54783,0,
-5.9196,-16.0025,6.54800,0,
-5.9196,-15.9950,6.54817,0,
-5.9196,-15.9875,6.54833,0,
-5.9196,-15.9775,6.54850,0,
-5.9196,-15.9700,6.54867,0,
-5.9196,-15.9625,6.54883,0,
-5.9196,-15.9525,6.54900,0,
-5.9196,-15.9450,6.54917,0,
-5.9196,-15.9375,6.54933,0,
-5.9196,-15.9275,6.54950,0,
-5.9196,-15.9200,6.54967,0,
-5.9196,-15.9125,6.54983,0,
-5.9196,-15.9025,6.55000,0,
-5.9196,-15.8950,6.55017,0,
-5.9196,-15.8875,6.55033,0,
-5.9196,-15.8775,6.55050,0,
-5.9196,-15.8700,6.55067,0,
-5.9196,-15.8625,6.55083,0,
-5.9196,-15.8550,6.55100,0,
-5.9196,-15.8450,6.55117,0,
-5.9196,-15.8375,6.55133,0,
-5.9196,-15.8300,6.55150,0,
-5.8824,-15.8200,6.55167,0,
-5.8824,-15.8125,6.55183,0,
-5.8824,-15.8050,6.55200,0,
-5.9196,-15.7975,6.55217,0,
-5.9196,-15.7875,6.55233,0,
-5.9196,-15.7800,6.55250,0,
-5.9196,-15.7700,6.55267,0,
-5.9196,-15.7625,6.55283,0,
-5.9196,-15.7550,6.55300,0,
-5.9196,-15.7450,6.55317,0,
-5.9196,-15.7375,6.55333,0,
-5.9196,-15.7300,6.55350,0,
-5.9196,-15.7225,6.55367,0,
-5.9196,-15.7125,6.55383,0,
-5.9196,-15.7050,6.55400,0,
-5.9196,-15.6950,6.55417,0,
-5.9196,-15.6875,6.55433,0,
-5.9196,-15.6800,6.55450,0,
-5.9196,-15.6700,6.55467,0,
-5.9196,-15.6625,6.55483,0,
-5.9196,-15.6550,6.55500,0,
-5.9196,-15.6450,6.55517,0,
-5.9196,-15.6375,6.55533,0,
-5.9196,-15.6300,6.55550,0,
-5.9196,-15.6200,6.55567,0,
-5.9196,-15.6125,6.55583,0,
-5.9196,-15.6050,6.55600,0,
-5.9196,-15.5950,6.55617,0,
-5.9196,-15.5875,6.55633,0,
-5.9196,-15.5800,6.55650,0,
-5.9196,-15.5725,6.55667,0,
-5.9196,-15.5625,6.55683,0,
-5.9196,-15.5550,6.55700,0,
-5.9196,-15.5450,6.55717,0,
-5.9196,-15.5375,6.55733,0,
-5.9196,-15.5300,6.55750,0,
-5.9568,-15.5200,6.55767,0,
-5.9196,-15.5125,6.55783,0,
-5.9196,-15.5050,6.55800,0,
-5.9196,-15.4950,6.55817,0,
-5.9568,-15.4875,6.55833,0,
-5.9196,-15.4800,6.55850,0,
-5.9196,-15.4700,6.55867,0,
-5.9196,-15.4625,6.55883,0,
-5.9196,-15.4550,6.55900,0,
-5.9196,-15.4475,6.55917,0,
-5.9196,-15.4375,6.55933,0,
-5.9196,-15.4300,6.55950,0,
-5.9196,-15.4200,6.55967,0,
-5.9196,-15.4150,6.55983,0,
-5.9196,-15.4050,6.56000,0,
-5.9196,-15.3975,6.56017,0,
-5.9196,-15.3900,6.56033,0,
-5.9196,-15.3800,6.56050,0,
-5.9196,-15.3725,6.56067,0,
-5.9196,-15.3625,6.56083,0,
-5.9196,-15.3550,6.56100,0,
-5.9196,-15.3475,6.56117,0,
-5.9196,-15.3375,6.56133,0,
-5.8824,-15.3300,6.56150,0,
-5.8824,-15.3200,6.56167,0,
-5.8824,-15.3125,6.56183,0,
-5.8824,-15.3050,6.56200,0,
-5.8824,-15.2950,6.56217,0,
-5.8824,-15.2875,6.56233,0,
-5.8824,-15.2800,6.56250,0,
-5.8824,-15.2700,6.56267,0,
-5.8824,-15.2625,6.56283,0,
-5.8824,-15.2550,6.56300,0,
-5.8824,-15.2450,6.56317,0,
-5.8824,-15.2375,6.56333,0,
-5.9196,-15.2300,6.56350,0,
-5.8824,-15.2225,6.56367,0,
-5.8824,-15.2125,6.56383,0,
-5.8824,-15.2050,6.56400,0,
-5.8824,-15.1975,6.56417,0,
-5.8824,-15.1875,6.56433,0,
-5.8824,-15.1800,6.56450,0,
-5.8824,-15.1725,6.56467,0,
-5.8824,-15.1625,6.56483,0,
-5.8824,-15.1550,6.56500,0,
-5.8824,-15.1475,6.56517,0,
-5.9196,-15.1375,6.56533,0,
-5.8824,-15.1300,6.56550,0,
-5.9196,-15.1225,6.56567,0,
-5.9196,-15.1125,6.56583,0,
-5.9196,-15.1050,6.56600,0,
-5.9196,-15.0975,6.56617,0,
-5.9196,-15.0875,6.56633,0,
-5.9196,-15.0800,6.56650,0,
-5.9196,-15.0700,6.56667,0,
-5.9196,-15.0625,6.56683,0,
-5.9196,-15.0550,6.56700,0,
-5.9196,-15.0450,6.56717,0,
-5.9196,-15.0375,6.56733,0,
-5.9196,-15.0275,6.56750,0,
-5.9196,-15.0200,6.56767,0,
-5.9196,-15.0100,6.56783,0,
-5.9196,-15.0025,6.56800,0,
-5.9196,-14.9925,6.56817,0,
-5.9196,-14.9850,6.56833,0,
-5.9196,-14.9775,6.56850,0,
-5.9196,-14.9675,6.56867,0,
-5.9196,-14.9600,6.56883,0,
-5.9196,-14.9525,6.56900,0,
-5.9196,-14.9425,6.56917,0,
-5.9196,-14.9350,6.56933,0,
-5.9196,-14.9275,6.56950,0,
-5.9196,-14.9175,6.56967,0,
-5.9196,-14.9100,6.56983,0,
-5.9196,-14.9000,6.57000,0,
-5.9196,-14.8925,6.57017,0,
-5.9196,-14.8850,6.57033,0,
-5.9196,-14.8750,6.57050,0,
-5.8824,-14.8675,6.57067,0,
-5.9196,-14.8575,6.57083,0,
-5.9196,-14.8500,6.57100,0,
-5.8824,-14.8425,6.57117,0,
-5.8824,-14.8325,6.57133,0,
-5.8824,-14.8250,6.57150,0,
-5.8824,-14.8175,6.57167,0,
-5.8824,-14.8100,6.57183,0,
-5.8824,-14.8000,6.57200,0,
-5.8824,-14.7925,6.57217,0,
-5.8824,-14.7850,6.57233,0,
-5.8824,-14.7750,6.57250,0,
-5.8824,-14.7675,6.57267,0,
-5.8824,-14.7575,6.57283,0,
-5.8824,-14.7500,6.57300,0,
-5.8824,-14.7400,6.57317,0,
-5.8824,-14.7325,6.57333,0,
-5.8824,-14.7250,6.57350,0,
-5.8824,-14.7175,6.57367,0,
-5.8824,-14.7075,6.57383,0,
-5.8824,-14.7000,6.57400,0,
-5.8824,-14.6900,6.57417,0,
-5.8824,-14.6825,6.57433,0,
-5.8824,-14.6750,6.57450,0,
-5.8824,-14.6650,6.57467,0,
-5.8824,-14.6575,6.57483,0,
-5.8824,-14.6500,6.57500,0,
-5.8824,-14.6400,6.57517,0,
-5.8824,-14.6325,6.57533,0,
-5.8824,-14.6225,6.57550,0,
-5.8824,-14.6150,6.57567,0,
-5.8824,-14.6075,6.57583,0,
-5.8824,-14.5975,6.57600,0,
-5.9196,-14.5900,6.57617,0,
-5.9196,-14.5825,6.57633,0,
-5.9196,-14.5725,6.57650,0,
-5.9196,-14.5650,6.57667,0,
-5.9196,-14.5550,6.57683,0,
-5.9196,-14.5475,6.57700,0,
-5.9196,-14.5400,6.57717,0,
-5.9196,-14.5300,6.57733,0,
-5.9196,-14.5225,6.57750,0,
-5.9196,-14.5125,6.57767,0,
-5.9568,-14.5050,6.57783,0,
-5.9568,-14.4975,6.57800,0,
-5.9568,-14.4875,6.57817,0,
-5.9568,-14.4800,6.57833,0,
-5.9568,-14.4725,6.57850,0,
-5.9568,-14.4625,6.57867,0,
-5.9568,-14.4550,6.57883,0,
-5.9568,-14.4475,6.57900,0,
-5.9568,-14.4375,6.57917,0,
-5.9568,-14.4300,6.57933,0,
-5.9568,-14.4225,6.57950,0,
-5.9568,-14.4125,6.57967,0,
-5.9568,-14.4050,6.57983,0,
-5.9568,-14.3975,6.58000,0,
-5.9568,-14.3875,6.58017,0,
-5.9568,-14.3800,6.58033,0,
-5.9568,-14.3700,6.58050,0,
-5.9568,-14.3625,6.58067,0,
-5.9568,-14.3550,6.58083,0,
-5.9568,-14.3450,6.58100,0,
-5.9568,-14.3375,6.58117,0,
-5.9568,-14.3275,6.58133,0,
-5.9568,-14.3200,6.58150,0,
-5.9568,-14.3125,6.58167,0,
-5.9568,-14.3050,6.58183,0,
-5.9568,-14.2950,6.58200,0,
-5.9568,-14.2875,6.58217,0,
-5.9568,-14.2800,6.58233,0,
-5.9568,-14.2700,6.58250,0,
-5.9568,-14.2625,6.58267,0,
-5.9568,-14.2550,6.58283,0,
-5.9568,-14.2450,6.58300,0,
-5.9568,-14.2375,6.58317,0,
-5.9568,-14.2300,6.58333,0,
-5.9568,-14.2200,6.58350,0,
-5.9568,-14.2125,6.58367,0,
-5.9568,-14.2050,6.58383,0,
-5.9568,-14.1950,6.58400,0,
-5.9568,-14.1875,6.58417,0,
-5.9568,-14.1775,6.58433,0,
-5.9568,-14.1700,6.58450,0,
-5.9568,-14.1625,6.58467,0,
-5.9568,-14.1525,6.58483,0,
-5.9568,-14.1450,6.58500,0,
-5.9568,-14.1375,6.58517,0,
-5.9568,-14.1275,6.58533,0,
-5.9568,-14.1200,6.58550,0,
-5.9940,-14.1125,6.58567,0,
-5.9568,-14.1025,6.58583,0,
-5.9940,-14.0950,6.58600,0,
-5.9940,-14.0875,6.58617,0,
-5.9940,-14.0775,6.58633,0,
-5.9940,-14.0700,6.58650,0,
-5.9940,-14.0625,6.58667,0,
-5.9940,-14.0525,6.58683,0,
-5.9940,-14.0450,6.58700,0,
-5.9940,-14.0350,6.58717,0,
-5.9940,-14.0275,6.58733,0,
-5.9940,-14.0175,6.58750,0,
-5.9940,-14.0100,6.58767,0,
-5.9940,-14.0000,6.58783,0,
-5.9940,-13.9925,6.58800,0,
-6.0313,-13.9850,6.58817,0,
-6.0313,-13.9750,6.58833,0,
-6.0313,-13.9675,6.58850,0,
-6.0313,-13.9600,6.58867,0,
-6.0313,-13.9500,6.58883,0,
-6.0685,-13.9425,6.58900,0,
-6.0685,-13.9325,6.58917,0,
-6.0685,-13.9250,6.58933,0,
-6.0685,-13.9175,6.58950,0,
-6.0685,-13.9075,6.58967,0,
-6.0685,-13.9000,6.58983,0,
-6.0685,-13.8900,6.59000,0,
-6.0685,-13.8825,6.59017,0,
-6.1057,-13.8725,6.59033,0,
-6.1057,-13.8650,6.59050,0,
-6.1057,-13.8550,6.59067,0,
-6.1057,-13.8475,6.59083,0,
-6.1057,-13.8400,6.59100,0,
-6.1057,-13.8300,6.59117,0,
-6.1057,-13.8225,6.59133,0,
-6.1057,-13.8150,6.59150,0,
-6.1057,-13.8075,6.59167,0,
-6.1057,-13.7975,6.59183,0,
-6.1057,-13.7900,6.59200,0,
-6.1057,-13.7825,6.59217,0,
-6.1430,-13.7725,6.59233,0,
-6.1430,-13.7650,6.59250,0,
-6.1430,-13.7575,6.59267,0,
-6.1057,-13.7500,6.59283,0,
-6.1430,-13.7400,6.59300,0,
-6.1430,-13.7325,6.59317,0,
-6.1430,-13.7250,6.59333,0,
-6.1430,-13.7150,6.59350,0,
-6.1430,-13.7075,6.59367,0,
-6.1430,-13.6975,6.59383,0,
-6.1057,-13.6900,6.59400,0,
-6.1057,-13.6800,6.59417,0,
-6.1057,-13.6725,6.59433,0,
-6.1057,-13.6625,6.59450,0,
-6.1057,-13.6550,6.59467,0,
-6.1057,-13.6475,6.59483,0,
-6.1057,-13.6400,6.59500,0,
-6.1057,-13.6300,6.59517,0,
-6.1057,-13.6225,6.59533,0,
-6.1057,-13.6125,6.59550,0,
-6.1057,-13.6050,6.59567,0,
-6.1430,-13.5975,6.59583,0,
-6.1430,-13.5875,6.59600,0,
-6.1430,-13.5800,6.59617,0,
-6.1430,-13.5725,6.59633,0,
-6.1430,-13.5625,6.59650,0,
-6.1430,-13.5550,6.59667,0,
-6.1430,-13.5475,6.59683,0,
-6.1430,-13.5375,6.59700,0,
-6.1430,-13.5300,6.59717,0,
-6.1430,-13.5200,6.59733,0,
-6.1802,-13.5125,6.59750,0,
-6.1802,-13.5050,6.59767,0,
-6.1802,-13.4975,6.59783,0,
-6.1802,-13.4875,6.59800,0,
-6.1802,-13.4800,6.59817,0,
-6.1802,-13.4725,6.59833,0,
-6.1802,-13.4650,6.59850,0,
-6.1802,-13.4550,6.59867,0,
-6.1802,-13.4475,6.59883,0,
-6.1802,-13.4400,6.59900,0,
-6.1802,-13.4300,6.59917,0,
-6.1802,-13.4225,6.59933,0,
-6.1802,-13.4150,6.59950,0,
-6.1802,-13.4075,6.59967,0,
-6.1802,-13.3975,6.59983,0,
-6.1802,-13.3900,6.60000,0,
-6.1802,-13.3800,6.60017,0,
-6.1802,-13.3725,6.60033,0,
-6.1802,-13.3650,6.60050,0,
-6.1802,-13.3550,6.60067,0,
-6.1802,-13.3475,6.60083,0,
-6.1802,-13.3375,6.60100,0,
-6.1802,-13.3300,6.60117,0,
-6.1802,-13.3225,6.60133,0,
-6.1802,-13.3150,6.60150,0,
-6.1802,-13.3050,6.60167,0,
-6.1802,-13.2975,6.60183,0,
-6.1802,-13.2900,6.60200,0,
-6.1802,-13.2825,6.60217,0,
-6.1802,-13.2725,6.60233,0,
-6.1802,-13.2650,6.60250,0,
-6.1802,-13.2575,6.60267,0,
-6.1802,-13.2475,6.60283,0,
-6.1802,-13.2400,6.60300,0,
-6.1802,-13.2325,6.60317,0,
-6.1802,-13.2225,6.60333,0,
-6.1802,-13.2150,6.60350,0,
-6.2174,-13.2050,6.60367,0,
-6.1802,-13.1975,6.60383,0,
-6.2174,-13.1900,6.60400,0,
-6.2174,-13.1800,6.60417,0,
-6.2174,-13.1725,6.60433,0,
-6.2174,-13.1625,6.60450,0,
-6.2547,-13.1550,6.60467,0,
-6.2547,-13.1475,6.60483,0,
-6.2547,-13.1400,6.60500,0,
-6.2547,-13.1300,6.60517,0,
-6.2547,-13.1225,6.60533,0,
-6.2547,-13.1150,6.60550,0,
-6.2547,-13.1075,6.60567,0,
-6.2547,-13.0975,6.60583,0,
-6.2547,-13.0900,6.60600,0,
-6.2547,-13.0825,6.60617,0,
-6.2547,-13.0725,6.60633,0,
-6.2547,-13.0650,6.60650,0,
-6.2547,-13.0575,6.60667,0,
-6.2547,-13.0475,6.60683,0,
-6.2547,-13.0400,6.60700,0,
-6.2547,-13.0300,6.60717,0,
-6.2547,-13.0225,6.60733,0,
-6.2547,-13.0125,6.60750,0,
-6.2547,-13.0050,6.60767,0,
-6.2547,-12.9975,6.60783,0,
-6.2919,-12.9875,6.60800,0,
-6.2919,-12.9800,6.60817,0,
-6.2919,-12.9725,6.60833,0,
-6.2919,-12.9650,6.60850,0,
-6.2919,-12.9550,6.60867,0,
-6.2919,-12.9475,6.60883,0,
-6.2919,-12.9400,6.60900,0,
-6.3291,-12.9300,6.60917,0,
-6.3291,-12.9225,6.60933,0,
-6.3291,-12.9125,6.60950,0,
-6.3291,-12.9050,6.60967,0,
-6.3291,-12.8975,6.60983,0,
-6.3291,-12.8875,6.61000,0,
-6.3663,-12.8800,6.61017,0,
-6.3663,-12.8700,6.61033,0,
-6.3663,-12.8625,6.61050,0,
-6.3663,-12.8550,6.61067,0,
-6.4036,-12.8450,6.61083,0,
-6.4036,-12.8375,6.61100,0,
-6.4036,-12.8275,6.61117,0,
-6.4036,-12.8200,6.61133,0,
-6.4408,-12.8125,6.61150,0,
-6.4408,-12.8050,6.61167,0,
-6.4408,-12.7950,6.61183,0,
-6.4408,-12.7875,6.61200,0,
-6.4408,-12.7800,6.61217,0,
-6.4408,-12.7700,6.61233,0,
-6.4408,-12.7625,6.61250,0,
-6.4780,-12.7550,6.61267,0,
-6.4780,-12.7450,6.61283,0,
-6.4780,-12.7375,6.61300,0,
-6.4780,-12.7300,6.61317,0,
-6.4780,-12.7225,6.61333,0,
-6.5153,-12.7125,6.61350,0,
-6.5153,-12.7050,6.61367,0,
-6.5153,-12.6950,6.61383,0,
-6.5153,-12.6875,6.61400,0,
-6.5153,-12.6775,6.61417,0,
-6.5525,-12.6700,6.61433,0,
-6.5525,-12.6625,6.61450,0,
-6.5525,-12.6525,6.61467,0,
-6.5525,-12.6450,6.61483,0,
-6.5525,-12.6375,6.61500,0,
-6.5525,-12.6300,6.61517,0,
-6.5525,-12.6200,6.61533,0,
-6.5525,-12.6125,6.61550,0,
-6.5525,-12.6025,6.61567,0,
-6.5525,-12.5950,6.61583,0,
-6.5525,-12.5875,6.61600,0,
-6.5525,-12.5775,6.61617,0,
-6.5525,-12.5700,6.61633,0,
-6.5897,-12.5625,6.61650,0,
-6.5525,-12.5525,6.61667,0,
-6.5897,-12.5450,6.61683,0,
-6.5897,-12.5350,6.61700,0,
-6.5897,-12.5275,6.61717,0,
-6.5897,-12.5175,6.61733,0,
-6.5897,-12.5100,6.61750,0,
-6.5897,-12.5025,6.61767,0,
-6.6270,-12.4925,6.61783,0,
-6.6270,-12.4850,6.61800,0,
-6.6270,-12.4775,6.61817,0,
-6.6270,-12.4700,6.61833,0,
-6.6270,-12.4600,6.61850,0,
-6.6270,-12.4525,6.61867,0,
-6.6270,-12.4450,6.61883,0,
-6.6642,-12.4350,6.61900,0,
-6.6642,-12.4275,6.61917,0,
-6.6642,-12.4200,6.61933,0,
-6.6642,-12.4100,6.61950,0,
-6.6642,-12.4025,6.61967,0,
-6.6642,-12.3950,6.61983,0,
-6.6642,-12.3850,6.62000,0,
-6.6642,-12.3775,6.62017,0,
-6.7014,-12.3700,6.62033,0,
-6.7014,-12.3600,6.62050,0,
-6.7014,-12.3525,6.62067,0,
-6.7014,-12.3425,6.62083,0,
-6.7014,-12.3350,6.62100,0,
-6.7014,-12.3275,6.62117,0,
-6.7014,-12.3200,6.62133,0,
-6.7014,-12.3100,6.62150,0,
-6.7014,-12.3025,6.62167,0,
-6.7014,-12.2950,6.62183,0,
-6.7014,-12.2875,6.62200,0,
-6.7014,-12.2775,6.62217,0,
-6.7386,-12.2700,6.62233,0,
-6.7386,-12.2625,6.62250,0,
-6.7386,-12.2550,6.62267,0,
-6.7386,-12.2450,6.62283,0,
-6.7386,-12.2375,6.62300,0,
-6.7386,-12.2300,6.62317,0,
-6.7386,-12.2200,6.62333,0,
-6.7386,-12.2125,6.62350,0,
-6.7759,-12.2050,6.62367,0,
-6.7759,-12.1950,6.62383,0,
-6.7759,-12.1875,6.62400,0,
-6.7759,-12.1775,6.62417,0,
-6.7759,-12.1700,6.62433,0,
-6.8131,-12.1625,6.62450,0,
-6.8131,-12.1525,6.62467,0,
-6.8131,-12.1450,6.62483,0,
-6.8131,-12.1375,6.62500,0,
-6.8503,-12.1300,6.62517,0,
-6.8503,-12.1225,6.62533,0,
-6.8503,-12.1125,6.62550,0,
-6.8503,-12.1050,6.62567,0,
-6.8503,-12.0950,6.62583,0,
-6.8503,-12.0875,6.62600,0,
-6.8503,-12.0800,6.62617,0,
-6.8876,-12.0700,6.62633,0,
-6.8876,-12.0625,6.62650,0,
-6.8876,-12.0550,6.62667,0,
-6.8876,-12.0450,6.62683,0,
-6.8876,-12.0375,6.62700,0,
-6.8876,-12.0300,6.62717,0,
-6.8876,-12.0200,6.62733,0,
-6.8876,-12.0125,6.62750,0,
-6.8876,-12.0025,6.62767,0,
-6.8876,-11.9950,6.62783,0,
-6.9248,-11.9875,6.62800,0,
-6.9248,-11.9800,6.62817,0,
-6.9248,-11.9700,6.62833,0,
-6.9248,-11.9625,6.62850,0,
-6.9248,-11.9550,6.62867,0,
-6.9248,-11.9450,6.62883,0,
-6.9248,-11.9375,6.62900,0,
-6.9620,-11.9275,6.62917,0,
-6.9620,-11.9200,6.62933,0,
-6.9620,-11.9125,6.62950,0,
-6.9620,-11.9025,6.62967,0,
-6.9620,-11.8950,6.62983,0,
-6.9620,-11.8875,6.63000,0,
-6.9993,-11.8775,6.63017,0,
-6.9993,-11.8700,6.63033,0,
-6.9993,-11.8600,6.63050,0,
-6.9993,-11.8525,6.63067,0,
-6.9993,-11.8450,6.63083,0,
-6.9993,-11.8375,6.63100,0,
-6.9993,-11.8275,6.63117,0,
-6.9993,-11.8200,6.63133,0,
-6.9993,-11.8125,6.63150,0,
-6.9993,-11.8050,6.63167,0,
-7.0365,-11.7950,6.63183,0,
-6.9993,-11.7875,6.63200,0,
-6.9993,-11.7800,6.63217,0,
-6.9993,-11.7700,6.63233,0,
-7.0365,-11.7625,6.63250,0,
-7.0365,-11.7550,6.63267,0,
-7.0365,-11.7475,6.63283,0,
-7.0365,-11.7375,6.63300,0,
-7.0365,-11.7300,6.63317,0,
-7.0737,-11.7225,6.63333,0,
-7.0365,-11.7125,6.63350,0,
-7.0737,-11.7050,6.63367,0,
-7.0737,-11.6975,6.63383,0,
-7.0737,-11.6875,6.63400,0,
-7.0737,-11.6800,6.63417,0,
-7.0737,-11.6700,6.63433,0,
-7.0737,-11.6625,6.63450,0,
-7.0737,-11.6550,6.63467,0,
-7.1109,-11.6475,6.63483,0,
-7.0737,-11.6375,6.63500,0,
-7.1109,-11.6300,6.63517,0,
-7.1109,-11.6225,6.63533,0,
-7.1109,-11.6150,6.63550,0,
-7.1109,-11.6050,6.63567,0,
-7.1482,-11.5975,6.63583,0,
-7.1482,-11.5900,6.63600,0,
-7.1482,-11.5825,6.63617,0,
-7.1482,-11.5725,6.63633,0,
-7.1854,-11.5650,6.63650,0,
-7.1482,-11.5575,6.63667,0,
-7.1854,-11.5500,6.63683,0,
-7.2226,-11.5400,6.63700,0,
-7.1854,-11.5325,6.63717,0,
-7.2226,-11.5225,6.63733,0,
-7.2226,-11.5150,6.63750,0,
-7.2226,-11.5075,6.63767,0,
-7.2226,-11.4975,6.63783,0,
-7.2599,-11.4900,6.63800,0,
-7.2599,-11.4825,6.63817,0,
-7.2599,-11.4750,6.63833,0,
-7.2599,-11.4675,6.63850,0,
-7.2599,-11.4575,6.63867,0,
-7.2599,-11.4500,6.63883,0,
-7.2599,-11.4425,6.63900,0,
-7.2599,-11.4325,6.63917,0,
-7.2599,-11.4250,6.63933,0,
-7.2971,-11.4175,6.63950,0,
-7.2971,-11.4100,6.63967,0,
-7.2971,-11.4000,6.63983,0,
-7.2971,-11.3925,6.64000,0,
-7.2971,-11.3850,6.64017,0,
-7.2971,-11.3750,6.64033,0,
-7.2971,-11.3675,6.64050,0,
-7.2971,-11.3600,6.64067,0,
-7.2971,-11.3500,6.64083,0,
-7.3343,-11.3425,6.64100,0,
-7.3343,-11.3350,6.64117,0,
-7.3343,-11.3250,6.64133,0,
-7.3343,-11.3175,6.64150,0,
-7.3343,-11.3100,6.64167,0,
-7.3716,-11.3025,6.64183,0,
-7.3716,-11.2925,6.64200,0,
-7.3716,-11.2850,6.64217,0,
-7.3716,-11.2775,6.64233,0,
-7.4088,-11.2675,6.64250,0,
-7.4088,-11.2600,6.64267,0,
-7.4088,-11.2525,6.64283,0,
-7.4460,-11.2425,6.64300,0,
-7.4460,-11.2350,6.64317,0,
-7.4460,-11.2275,6.64333,0,
-7.4460,-11.2200,6.64350,0,
-7.4460,-11.2100,6.64367,0,
-7.4832,-11.2025,6.64383,0,
-7.4832,-11.1950,6.64400,0,
-7.4832,-11.1850,6.64417,0,
-7.4832,-11.1775,6.64433,0,
-7.4832,-11.1700,6.64450,0,
-7.5205,-11.1600,6.64467,0,
-7.5205,-11.1525,6.64483,0,
-7.5205,-11.1450,6.64500,0,
-7.5205,-11.1375,6.64517,0,
-7.5205,-11.1275,6.64533,0,
-7.5205,-11.1200,6.64550,0,
-7.5205,-11.1125,6.64567,0,
-7.5205,-11.1025,6.64583,0,
-7.5205,-11.0950,6.64600,0,
-7.5205,-11.0875,6.64617,0,
-7.5205,-11.0800,6.64633,0,
-7.5577,-11.0700,6.64650,0,
-7.5577,-11.0625,6.64667,0,
-7.5577,-11.0550,6.64683,0,
-7.5577,-11.0450,6.64700,0,
-7.5577,-11.0375,6.64717,0,
-7.5577,-11.0300,6.64733,0,
-7.5949,-11.0200,6.64750,0,
-7.5949,-11.0125,6.64767,0,
-7.5949,-11.0025,6.64783,0,
-7.6322,-10.9950,6.64800,0,
-7.6322,-10.9875,6.64817,0,
-7.6322,-10.9800,6.64833,0,
-7.6322,-10.9700,6.64850,0,
-7.6694,-10.9625,6.64867,0,
-7.6694,-10.9550,6.64883,0,
-7.6694,-10.9450,6.64900,0,
-7.6694,-10.9375,6.64917,0,
-7.6694,-10.9300,6.64933,0,
-7.6694,-10.9200,6.64950,0,
-7.7066,-10.9125,6.64967,0,
-7.7066,-10.9050,6.64983,0,
-7.7066,-10.8975,6.65000,0,
-7.6694,-10.8875,6.65017,0,
-7.6694,-10.8800,6.65033,0,
-7.6694,-10.8725,6.65050,0,
-7.6694,-10.8625,6.65067,0,
-7.7066,-10.8550,6.65083,0,
-7.7066,-10.8475,6.65100,0,
-7.7066,-10.8375,6.65117,0,
-7.7066,-10.8300,6.65133,0,
-7.7439,-10.8225,6.65150,0,
-7.7439,-10.8150,6.65167,0,
-7.7439,-10.8050,6.65183,0,
-7.7439,-10.7975,6.65200,0,
-7.7811,-10.7900,6.65217,0,
-7.7811,-10.7825,6.65233,0,
-7.7811,-10.7725,6.65250,0,
-7.8183,-10.7650,6.65267,0,
-7.7811,-10.7575,6.65283,0,
-7.7811,-10.7475,6.65300,0,
-7.8183,-10.7400,6.65317,0,
-7.8183,-10.7325,6.65333,0,
-7.8183,-10.7250,6.65350,0,
-7.8183,-10.7150,6.65367,0,
-7.8183,-10.7075,6.65383,0,
-7.8555,-10.6975,6.65400,0,
-7.8555,-10.6900,6.65417,0,
-7.8555,-10.6800,6.65433,0,
-7.8928,-10.6725,6.65450,0,
-7.8928,-10.6650,6.65467,0,
-7.8928,-10.6550,6.65483,0,
-7.9300,-10.6475,6.65500,0,
-7.9300,-10.6400,6.65517,0,
-7.9300,-10.6325,6.65533,0,
-7.9300,-10.6250,6.65550,0,
-7.9300,-10.6150,6.65567,0,
-7.9300,-10.6075,6.65583,0,
-7.9300,-10.6000,6.65600,0,
-7.9300,-10.5925,6.65617,0,
-7.9300,-10.5825,6.65633,0,
-7.9672,-10.5750,6.65650,0,
-7.9672,-10.5675,6.65667,0,
-7.9672,-10.5600,6.65683,0,
-7.9672,-10.5500,6.65700,0,
-8.0045,-10.5425,6.65717,0,
-8.0417,-10.5350,6.65733,0,
-8.0417,-10.5250,6.65750,0,
-8.0789,-10.5175,6.65767,0,
-8.0789,-10.5100,6.65783,0,
-8.0789,-10.5000,6.65800,0,
-8.1162,-10.4925,6.65817,0,
-8.1162,-10.4850,6.65833,0,
-8.1162,-10.4775,6.65850,0,
-8.1534,-10.4700,6.65867,0,
-8.1534,-10.4600,6.65883,0,
-8.1906,-10.4525,6.65900,0,
-8.1906,-10.4450,6.65917,0,
-8.1906,-10.4350,6.65933,0,
-8.1906,-10.4275,6.65950,0,
-8.1906,-10.4200,6.65967,0,
-8.2278,-10.4100,6.65983,0,
-8.2278,-10.4025,6.66000,0,
-8.2278,-10.3950,6.66017,0,
-8.2278,-10.3850,6.66033,0,
-8.2278,-10.3775,6.66050,0,
-8.2651,-10.3700,6.66067,0,
-8.2651,-10.3600,6.66083,0,
-8.2651,-10.3525,6.66100,0,
-8.2651,-10.3450,6.66117,0,
-8.3023,-10.3350,6.66133,0,
-8.3023,-10.3275,6.66150,0,
-8.3023,-10.3200,6.66167,0,
-8.3395,-10.3125,6.66183,0,
-8.3395,-10.3025,6.66200,0,
-8.3395,-10.2950,6.66217,0,
-8.3768,-10.2875,6.66233,0,
-8.3768,-10.2775,6.66250,0,
-8.4140,-10.2700,6.66267,0,
-8.4140,-10.2625,6.66283,0,
-8.4140,-10.2550,6.66300,0,
-8.4140,-10.2450,6.66317,0,
-8.4140,-10.2375,6.66333,0,
-8.4512,-10.2300,6.66350,0,
-8.4512,-10.2200,6.66367,0,
-8.4512,-10.2125,6.66383,0,
-8.4512,-10.2050,6.66400,0,
-8.4512,-10.1950,6.66417,0,
-8.4885,-10.1875,6.66433,0,
-8.4885,-10.1800,6.66450,0,
-8.4885,-10.1700,6.66467,0,
-8.4885,-10.1625,6.66483,0,
-8.5257,-10.1550,6.66500,0,
-8.5257,-10.1450,6.66517,0,
-8.5257,-10.1375,6.66533,0,
-8.5257,-10.1300,6.66550,0,
-8.5257,-10.1225,6.66567,0,
-8.5257,-10.1125,6.66583,0,
-8.5257,-10.1050,6.66600,0,
-8.5257,-10.0950,6.66617,0,
-8.5257,-10.0875,6.66633,0,
-8.5257,-10.0800,6.66650,0,
-8.5629,-10.0700,6.66667,0,
-8.5629,-10.0625,6.66683,0,
-8.5629,-10.0525,6.66700,0,
-8.5629,-10.0450,6.66717,0,
-8.6001,-10.0375,6.66733,0,
-8.6374,-10.0275,6.66750,0,
-8.6374,-10.0200,6.66767,0,
-8.6746,-10.0100,6.66783,0,
-8.6746,-10.0025,6.66800,0,
-8.6746,-9.9925,6.66817,0,
-8.7118,-9.9850,6.66833,0,
-8.7118,-9.9775,6.66850,0,
-8.7118,-9.9700,6.66867,0,
-8.7491,-9.9600,6.66883,0,
-8.7118,-9.9525,6.66900,0,
-8.7118,-9.9450,6.66917,0,
-8.7118,-9.9350,6.66933,0,
-8.7118,-9.9275,6.66950,0,
-8.7118,-9.9200,6.66967,0,
-8.7118,-9.9100,6.66983,0,
-8.7118,-9.9025,6.67000,0,
-8.6746,-9.8950,6.67017,0,
-8.6746,-9.8850,6.67033,0,
-8.6746,-9.8775,6.67050,0,
-8.6746,-9.8700,6.67067,0,
-8.6746,-9.8600,6.67083,0,
-8.6746,-9.8525,6.67100,0,
-8.6746,-9.8450,6.67117,0,
-8.7118,-9.8350,6.67133,0,
-8.7118,-9.8275,6.67150,0,
-8.7491,-9.8200,6.67167,0,
-8.7491,-9.8100,6.67183,0,
-8.7491,-9.8025,6.67200,0,
-8.7863,-9.7950,6.67217,0,
-8.7863,-9.7875,6.67233,0,
-8.7863,-9.7775,6.67250,0,
-8.7863,-9.7700,6.67267,0,
-8.8235,-9.7600,6.67283,0,
-8.8235,-9.7525,6.67300,0,
-8.8235,-9.7450,6.67317,0,
-8.8235,-9.7350,6.67333,0,
-8.8608,-9.7275,6.67350,0,
-8.8608,-9.7200,6.67367,0,
-8.8608,-9.7100,6.67383,0,
-8.8608,-9.7025,6.67400,0,
-8.8980,-9.6925,6.67417,0,
-8.8980,-9.6850,6.67433,0,
-8.8980,-9.6775,6.67450,0,
-8.8980,-9.6675,6.67467,0,
-8.9352,-9.6600,6.67483,0,
-8.9352,-9.6525,6.67500,0,
-8.9352,-9.6450,6.67517,0,
-8.9352,-9.6350,6.67533,0,
-8.9352,-9.6275,6.67550,0,
-8.9352,-9.6200,6.67567,0,
-8.9352,-9.6100,6.67583,0,
-8.9352,-9.6025,6.67600,0,
-8.9725,-9.5950,6.67617,0,
-8.9725,-9.5850,6.67633,0,
-8.9352,-9.5775,6.67650,0,
-8.9725,-9.5700,6.67667,0,
-8.9725,-9.5600,6.67683,0,
-8.9725,-9.5525,6.67700,0,
-9.0097,-9.5450,6.67717,0,
-9.0469,-9.5350,6.67733,0,
-9.0469,-9.5275,6.67750,0,
-9.0841,-9.5175,6.67767,0,
-9.0841,-9.5100,6.67783,0,
-9.1214,-9.5025,6.67800,0,
-9.1214,-9.4950,6.67817,0,
-9.1586,-9.4850,6.67833,0,
-9.1586,-9.4775,6.67850,0,
-9.1586,-9.4700,6.67867,0,
-9.1586,-9.4600,6.67883,0,
-9.1958,-9.4525,6.67900,0,
-9.1958,-9.4450,6.67917,0,
-9.1958,-9.4350,6.67933,0,
-9.2331,-9.4275,6.67950,0,
-9.2331,-9.4200,6.67967,0,
-9.2331,-9.4100,6.67983,0,
-9.2703,-9.4025,6.68000,0,
-9.2703,-9.3950,6.68017,0,
-9.2703,-9.3850,6.68033,0,
-9.3075,-9.3775,6.68050,0,
-9.3075,-9.3700,6.68067,0,
-9.2703,-9.3600,6.68083,0,
-9.2703,-9.3525,6.68100,0,
-9.2703,-9.3450,6.68117,0,
-9.2703,-9.3350,6.68133,0,
-9.2703,-9.3275,6.68150,0,
-9.2703,-9.3200,6.68167,0,
-9.2703,-9.3100,6.68183,0,
-9.2703,-9.3025,6.68200,0,
-9.2703,-9.2950,6.68217,0,
-9.2703,-9.2875,6.68233,0,
-9.2703,-9.2775,6.68250,0,
-9.2703,-9.2700,6.68267,0,
-9.2703,-9.2625,6.68283,0,
-9.2703,-9.2525,6.68300,0,
-9.3075,-9.2450,6.68317,0,
-9.3075,-9.2375,6.68333,0,
-9.3075,-9.2275,6.68350,0,
-9.3447,-9.2200,6.68367,0,
-9.3447,-9.2125,6.68383,0,
-9.3820,-9.2025,6.68400,0,
-9.3820,-9.1950,6.68417,0,
-9.3820,-9.1850,6.68433,0,
-9.3820,-9.1775,6.68450,0,
-9.3820,-9.1700,6.68467,0,
-9.4192,-9.1600,6.68483,0,
-9.4192,-9.1525,6.68500,0,
-9.4192,-9.1450,6.68517,0,
-9.4192,-9.1350,6.68533,0,
-9.4564,-9.1275,6.68550,0,
-9.4564,-9.1200,6.68567,0,
-9.4937,-9.1100,6.68583,0,
-9.4937,-9.1025,6.68600,0,
-9.5309,-9.0950,6.68617,0,
-9.5309,-9.0850,6.68633,0,
-9.5681,-9.0775,6.68650,0,
-9.6054,-9.0700,6.68667,0,
-9.6054,-9.0600,6.68683,0,
-9.6426,-9.0525,6.68700,0,
-9.6798,-9.0450,6.68717,0,
-9.6798,-9.0350,6.68733,0,
-9.7171,-9.0275,6.68750,0,
-9.7171,-9.0175,6.68767,0,
-9.7171,-9.0100,6.68783,0,
-9.7171,-9.0000,6.68800,0,
-9.7171,-8.9925,6.68817,0,
-9.7543,-8.9850,6.68833,0,
-9.7171,-8.9750,6.68850,0,
-9.7543,-8.9675,6.68867,0,
-9.7543,-8.9600,6.68883,0,
-9.7543,-8.9500,6.68900,0,
-9.7171,-8.9425,6.68917,0,
-9.7171,-8.9350,6.68933,0,
-9.7171,-8.9250,6.68950,0,
-9.7171,-8.9175,6.68967,0,
-9.7543,-8.9075,6.68983,0,
-9.7543,-8.9000,6.69000,0,
-9.7543,-8.8925,6.69017,0,
-9.7543,-8.8825,6.69033,0,
-9.7543,-8.8750,6.69050,0,
-9.7543,-8.8650,6.69067,0,
-9.7543,-8.8575,6.69083,0,
-9.7915,-8.8500,6.69100,0,
-9.7915,-8.8400,6.69117,0,
-9.7915,-8.8325,6.69133,0,
-9.7915,-8.8225,6.69150,0,
-9.7915,-8.8150,6.69167,0,
-9.8287,-8.8075,6.69183,0,
-9.8287,-8.7975,6.69200,0,
-9.8287,-8.7900,6.69217,0,
-9.8660,-8.7825,6.69233,0,
-9.8660,-8.7725,6.69250,0,
-9.9032,-8.7650,6.69267,0,
-9.9032,-8.7575,6.69283,0,
-9.9032,-8.7475,6.69300,0,
-9.9032,-8.7400,6.69317,0,
-9.9032,-8.7325,6.69333,0,
-9.9032,-8.7225,6.69350,0,
-9.9404,-8.7150,6.69367,0,
-9.9404,-8.7075,6.69383,0,
-9.9777,-8.6975,6.69400,0,
-9.9777,-8.6900,6.69417,0,
-9.9777,-8.6800,6.69433,0,
-9.9777,-8.6725,6.69450,0,
-10.0149,-8.6650,6.69467,0,
-10.0149,-8.6550,6.69483,0,
-10.0149,-8.6475,6.69500,0,
-10.0149,-8.6400,6.69517,0,
-10.0521,-8.6325,6.69533,0,
-10.0521,-8.6225,6.69550,0,
-10.0521,-8.6150,6.69567,0,
-10.0521,-8.6075,6.69583,0,
-10.0894,-8.5975,6.69600,0,
-10.1266,-8.5900,6.69617,0,
-10.1266,-8.5825,6.69633,0,
-10.1266,-8.5725,6.69650,0,
-10.1266,-8.5650,6.69667,0,
-10.1638,-8.5575,6.69683,0,
-10.1638,-8.5500,6.69700,0,
-10.1638,-8.5400,6.69717,0,
-10.1638,-8.5325,6.69733,0,
-10.1638,-8.5250,6.69750,0,
-10.1638,-8.5150,6.69767,0,
-10.2010,-8.5075,6.69783,0,
-10.1638,-8.5000,6.69800,0,
-10.2010,-8.4925,6.69817,0,
-10.2010,-8.4825,6.69833,0,
-10.2010,-8.4750,6.69850,0,
-10.2010,-8.4675,6.69867,0,
-10.2383,-8.4600,6.69883,0,
-10.2383,-8.4500,6.69900,0,
-10.2383,-8.4425,6.69917,0,
-10.2383,-8.4350,6.69933,0,
-10.2383,-8.4250,6.69950,0,
-10.2755,-8.4175,6.69967,0,
-10.2755,-8.4100,6.69983,0,
-10.2755,-8.4000,6.70000,0,
-10.2755,-8.3925,6.70017,0,
-10.2755,-8.3850,6.70033,0,
-10.2755,-8.3750,6.70050,0,
-10.2755,-8.3675,6.70067,0,
-10.2383,-8.3600,6.70083,0,
-10.2383,-8.3500,6.70100,0,
-10.2383,-8.3425,6.70117,0,
-10.2010,-8.3325,6.70133,0,
-10.2383,-8.3250,6.70150,0,
-10.2383,-8.3175,6.70167,0,
-10.2383,-8.3100,6.70183,0,
-10.2383,-8.3000,6.70200,0,
-10.2755,-8.2925,6.70217,0,
-10.2383,-8.2850,6.70233,0,
-10.2755,-8.2750,6.70250,0,
-10.2755,-8.2675,6.70267,0,
-10.3127,-8.2600,6.70283,0,
-10.3127,-8.2500,6.70300,0,
-10.3127,-8.2425,6.70317,0,
-10.3500,-8.2350,6.70333,0,
-10.3872,-8.2275,6.70350,0,
-10.4244,-8.2175,6.70367,0,
-10.4617,-8.2100,6.70383,0,
-10.4617,-8.2025,6.70400,0,
-10.4617,-8.1925,6.70417,0,
-10.4989,-8.1850,6.70433,0,
-10.4989,-8.1750,6.70450,0,
-10.5361,-8.1675,6.70467,0,
-10.5733,-8.1600,6.70483,0,
-10.5733,-8.1525,6.70500,0,
-10.5733,-8.1425,6.70517,0,
-10.6106,-8.1350,6.70533,0,
-10.6106,-8.1275,6.70550,0,
-10.6106,-8.1200,6.70567,0,
-10.6106,-8.1100,6.70583,0,
-10.6106,-8.1025,6.70600,0,
-10.6106,-8.0950,6.70617,0,
-10.6106,-8.0850,6.70633,0,
-10.6106,-8.0775,6.70650,0,
-10.6106,-8.0675,6.70667,0,
-10.6106,-8.0600,6.70683,0,
-10.5733,-8.0525,6.70700,0,
-10.6106,-8.0425,6.70717,0,
-10.6106,-8.0350,6.70733,0,
-10.6106,-8.0250,6.70750,0,
-10.6106,-8.0175,6.70767,0,
-10.6478,-8.0100,6.70783,0,
-10.6106,-8.0000,6.70800,0,
-10.6106,-7.9925,6.70817,0,
-10.6478,-7.9850,6.70833,0,
-10.6478,-7.9750,6.70850,0,
-10.6478,-7.9675,6.70867,0,
-10.6478,-7.9600,6.70883,0,
-10.6478,-7.9500,6.70900,0,
-10.6850,-7.9425,6.70917,0,
-10.6850,-7.9325,6.70933,0,
-10.7223,-7.9250,6.70950,0,
-10.7223,-7.9175,6.70967,0,
-10.7223,-7.9075,6.70983,0,
-10.7595,-7.9000,6.71000,0,
-10.7595,-7.8925,6.71017,0,
-10.7595,-7.8825,6.71033,0,
-10.8340,-7.8750,6.71050,0,
-10.8712,-7.8675,6.71067,0,
-10.8712,-7.8575,6.71083,0,
-10.9084,-7.8500,6.71100,0,
-10.9084,-7.8425,6.71117,0,
-10.9084,-7.8325,6.71133,0,
-10.9084,-7.8250,6.71150,0,
-10.9084,-7.8175,6.71167,0,
-10.9084,-7.8100,6.71183,0,
-10.9084,-7.8000,6.71200,0,
-10.9084,-7.7925,6.71217,0,
-10.9084,-7.7850,6.71233,0,
-10.9084,-7.7750,6.71250,0,
-10.9084,-7.7675,6.71267,0,
-10.9456,-7.7575,6.71283,0,
-10.9084,-7.7500,6.71300,0,
-10.9084,-7.7425,6.71317,0,
-10.9084,-7.7325,6.71333,0,
-10.9084,-7.7250,6.71350,0,
-10.9084,-7.7150,6.71367,0,
-10.8712,-7.7075,6.71383,0,
-10.9084,-7.6975,6.71400,0,
-10.9084,-7.6900,6.71417,0,
-10.8712,-7.6800,6.71433,0,
-10.9084,-7.6725,6.71450,0,
-10.9084,-7.6625,6.71467,0,
-10.9084,-7.6550,6.71483,0,
-10.9084,-7.6475,6.71500,0,
-10.9084,-7.6400,6.71517,0,
-10.9084,-7.6300,6.71533,0,
-10.9456,-7.6225,6.71550,0,
-10.9456,-7.6125,6.71567,0,
-10.9456,-7.6050,6.71583,0,
-10.9829,-7.5975,6.71600,0,
-10.9829,-7.5875,6.71617,0,
-10.9829,-7.5800,6.71633,0,
-10.9829,-7.5700,6.71650,0,
-10.9829,-7.5625,6.71667,0,
-10.9829,-7.5550,6.71683,0,
-11.0201,-7.5450,6.71700,0,
-11.0573,-7.5375,6.71717,0,
-11.0573,-7.5275,6.71733,0,
-11.0573,-7.5200,6.71750,0,
-11.0946,-7.5125,6.71767,0,
-11.0946,-7.5025,6.71783,0,
-11.0946,-7.4950,6.71800,0,
-11.1318,-7.4850,6.71817,0,
-11.1318,-7.4775,6.71833,0,
-11.1318,-7.4700,6.71850,0,
-11.1690,-7.4625,6.71867,0,
-11.1690,-7.4525,6.71883,0,
-11.1690,-7.4450,6.71900,0,
-11.2063,-7.4350,6.71917,0,
-11.2063,-7.4275,6.71933,0,
-11.2063,-7.4200,6.71950,0,
-11.2435,-7.4100,6.71967,0,
-11.2435,-7.4025,6.71983,0,
-11.2435,-7.3950,6.72000,0,
-11.2807,-7.3850,6.72017,0,
-11.2807,-7.3775,6.72033,0,
-11.2807,-7.3675,6.72050,0,
-11.2807,-7.3600,6.72067,0,
-11.2807,-7.3500,6.72083,0,
-11.2807,-7.3425,6.72100,0,
-11.2807,-7.3325,6.72117,0,
-11.2807,-7.3250,6.72133,0,
-11.2807,-7.3175,6.72150,0,
-11.2807,-7.3100,6.72167,0,
-11.2807,-7.3000,6.72183,0,
-11.2807,-7.2925,6.72200,0,
-11.3179,-7.2825,6.72217,0,
-11.3179,-7.2750,6.72233,0,
-11.3552,-7.2675,6.72250,0,
-11.3552,-7.2600,6.72267,0,
-11.3552,-7.2500,6.72283,0,
-11.3924,-7.2425,6.72300,0,
-11.3924,-7.2325,6.72317,0,
-11.3924,-7.2250,6.72333,0,
-11.4296,-7.2175,6.72350,0,
-11.4296,-7.2075,6.72367,0,
-11.4296,-7.2000,6.72383,0,
-11.3924,-7.1925,6.72400,0,
-11.4296,-7.1825,6.72417,0,
-11.4296,-7.1750,6.72433,0,
-11.4296,-7.1650,6.72450,0,
-11.4296,-7.1575,6.72467,0,
-11.4669,-7.1500,6.72483,0,
-11.4669,-7.1425,6.72500,0,
-11.4669,-7.1325,6.72517,0,
-11.5041,-7.1250,6.72533,0,
-11.5041,-7.1175,6.72550,0,
-11.5041,-7.1075,6.72567,0,
-11.5413,-7.1000,6.72583,0,
-11.5413,-7.0925,6.72600,0,
-11.5413,-7.0825,6.72617,0,
-11.5786,-7.0750,6.72633,0,
-11.5786,-7.0675,6.72650,0,
-11.5786,-7.0575,6.72667,0,
-11.6158,-7.0500,6.72683,0,
-11.6158,-7.0425,6.72700,0,
-11.6158,-7.0325,6.72717,0,
-11.6530,-7.0250,6.72733,0,
-11.6530,-7.0150,6.72750,0,
-11.6530,-7.0075,6.72767,0,
-11.6530,-6.9975,6.72783,0,
-11.6530,-6.9900,6.72800,0,
-11.6902,-6.9825,6.72817,0,
-11.6902,-6.9750,6.72833,0,
-11.6902,-6.9650,6.72850,0,
-11.6902,-6.9575,6.72867,0,
-11.6902,-6.9475,6.72883,0,
-11.7275,-6.9400,6.72900,0,
-11.7275,-6.9300,6.72917,0,
-11.7275,-6.9225,6.72933,0,
-11.7275,-6.9125,6.72950,0,
-11.7275,-6.9050,6.72967,0,
-11.7275,-6.8975,6.72983,0,
-11.7275,-6.8875,6.73000,0,
-11.7275,-6.8800,6.73017,0,
-11.7275,-6.8725,6.73033,0,
-11.7275,-6.8625,6.73050,0,
-11.7647,-6.8550,6.73067,0,
-11.7647,-6.8475,6.73083,0,
-11.7647,-6.8400,6.73100,0,
-11.7647,-6.8300,6.73117,0,
-11.7647,-6.8225,6.73133,0,
-11.7647,-6.8150,6.73150,0,
-11.7647,-6.8075,6.73167,0,
-11.8019,-6.8000,6.73183,0,
-11.7647,-6.7900,6.73200,0,
-11.7647,-6.7825,6.73217,0,
-11.7275,-6.7750,6.73233,0,
-11.7275,-6.7650,6.73250,0,
-11.7275,-6.7575,6.73267,0,
-11.6902,-6.7500,6.73283,0,
-11.7275,-6.7400,6.73300,0,
-11.6902,-6.7325,6.73317,0,
-11.6902,-6.7250,6.73333,0,
-11.6530,-6.7150,6.73350,0,
-11.6902,-6.7075,6.73367,0,
-11.6902,-6.7000,6.73383,0,
-11.6902,-6.6900,6.73400,0,
-11.7275,-6.6825,6.73417,0,
-11.7275,-6.6750,6.73433,0,
-11.7275,-6.6650,6.73450,0,
-11.7647,-6.6575,6.73467,0,
-11.7647,-6.6500,6.73483,0,
-11.7647,-6.6425,6.73500,0,
-11.7647,-6.6325,6.73517,0,
-11.8019,-6.6250,6.73533,0,
-11.8392,-6.6175,6.73550,0,
-11.8392,-6.6100,6.73567,0,
-11.8392,-6.6000,6.73583,0,
-11.8392,-6.5925,6.73600,0,
-11.8392,-6.5850,6.73617,0,
-11.8764,-6.5775,6.73633,0,
-11.8764,-6.5675,6.73650,0,
-11.8764,-6.5600,6.73667,0,
-11.8764,-6.5525,6.73683,0,
-11.8764,-6.5425,6.73700,0,
-11.8764,-6.5350,6.73717,0,
-11.8392,-6.5250,6.73733,0,
-11.8392,-6.5175,6.73750,0,
-11.8019,-6.5100,6.73767,0,
-11.8019,-6.5000,6.73783,0,
-11.8019,-6.4925,6.73800,0,
-11.8019,-6.4850,6.73817,0,
-11.8019,-6.4775,6.73833,0,
-11.8392,-6.4675,6.73850,0,
-11.8019,-6.4600,6.73867,0,
-11.8019,-6.4525,6.73883,0,
-11.8392,-6.4450,6.73900,0,
-11.8392,-6.4350,6.73917,0,
-11.8019,-6.4275,6.73933,0,
-11.8019,-6.4200,6.73950,0,
-11.8019,-6.4100,6.73967,0,
-11.8019,-6.4025,6.73983,0,
-11.8019,-6.3950,6.74000,0,
-11.8019,-6.3850,6.74017,0,
-11.8019,-6.3775,6.74033,0,
-11.8019,-6.3700,6.74050,0,
-11.8019,-6.3600,6.74067,0,
-11.7647,-6.3525,6.74083,0,
-11.7647,-6.3425,6.74100,0,
-11.7647,-6.3350,6.74117,0,
-11.8019,-6.3275,6.74133,0,
-11.8019,-6.3200,6.74150,0,
-11.8019,-6.3100,6.74167,0,
-11.8019,-6.3025,6.74183,0,
-11.7647,-6.2950,6.74200,0,
-11.8019,-6.2850,6.74217,0,
-11.7647,-6.2775,6.74233,0,
-11.8019,-6.2700,6.74250,0,
-11.8019,-6.2600,6.74267,0,
-11.8019,-6.2525,6.74283,0,
-11.8019,-6.2450,6.74300,0,
-11.8392,-6.2375,6.74317,0,
-11.8764,-6.2275,6.74333,0,
-11.8764,-6.2200,6.74350,0,
-11.8764,-6.2125,6.74367,0,
-11.8764,-6.2025,6.74383,0,
-11.8392,-6.1950,6.74400,0,
-11.8392,-6.1875,6.74417,0,
-11.8392,-6.1775,6.74433,0,
-11.8019,-6.1700,6.74450,0,
-11.8019,-6.1625,6.74467,0,
-11.8019,-6.1550,6.74483,0,
-11.7647,-6.1450,6.74500,0,
-11.7647,-6.1375,6.74517,0,
-11.7647,-6.1300,6.74533,0,
-11.7647,-6.1225,6.74550,0,
-11.7275,-6.1125,6.74567,0,
-11.7647,-6.1050,6.74583,0,
-11.7647,-6.0950,6.74600,0,
-11.7647,-6.0875,6.74617,0,
-11.7647,-6.0800,6.74633,0,
-11.7647,-6.0700,6.74650,0,
-11.7647,-6.0625,6.74667,0,
-11.7647,-6.0550,6.74683,0,
-11.7647,-6.0450,6.74700,0,
-11.7647,-6.0375,6.74717,0,
-11.7647,-6.0300,6.74733,0,
-11.7647,-6.0200,6.74750,0,
-11.7275,-6.0125,6.74767,0,
-11.7275,-6.0025,6.74783,0,
-11.7275,-5.9950,6.74800,0,
-11.7275,-5.9875,6.74817,0,
-11.6902,-5.9800,6.74833,0,
-11.7275,-5.9700,6.74850,0,
-11.7275,-5.9625,6.74867,0,
-11.7647,-5.9550,6.74883,0,
-11.7647,-5.9475,6.74900,0,
-11.7647,-5.9375,6.74917,0,
-11.7647,-5.9300,6.74933,0,
-11.7275,-5.9225,6.74950,0,
-11.7275,-5.9150,6.74967,0,
-11.7275,-5.9050,6.74983,0,
-11.7647,-5.8975,6.75000,0,
-11.7647,-5.8900,6.75017,0,
-11.8019,-5.8800,6.75033,0,
-11.8392,-5.8725,6.75050,0,
-11.8019,-5.8650,6.75067,0,
-11.8392,-5.8550,6.75083,0,
-11.8392,-5.8475,6.75100,0,
-11.8392,-5.8400,6.75117,0,
-11.8392,-5.8325,6.75133,0,
-11.8764,-5.8225,6.75150,0,
-11.8764,-5.8150,6.75167,0,
-11.8764,-5.8075,6.75183,0,
-11.8764,-5.8000,6.75200,0,
-11.9136,-5.7900,6.75217,0,
-11.9509,-5.7825,6.75233,0,
-11.9881,-5.7725,6.75250,0,
-11.9881,-5.7650,6.75267,0,
-11.9881,-5.7575,6.75283,0,
-11.9509,-5.7475,6.75300,0,
-11.9509,-5.7400,6.75317,0,
-11.9881,-5.7325,6.75333,0,
-11.9881,-5.7250,6.75350,0,
-11.9509,-5.7150,6.75367,0,
-11.9509,-5.7075,6.75383,0,
-11.9136,-5.7000,6.75400,0,
-11.8764,-5.6900,6.75417,0,
-11.8764,-5.6825,6.75433,0,
-11.8764,-5.6725,6.75450,0,
-11.8764,-5.6650,6.75467,0,
-11.8764,-5.6575,6.75483,0,
-11.8764,-5.6500,6.75500,0,
-11.8764,-5.6400,6.75517,0,
-11.8764,-5.6325,6.75533,0,
-11.9136,-5.6250,6.75550,0,
-11.9136,-5.6150,6.75567,0,
-11.9136,-5.6075,6.75583,0,
-11.9509,-5.6000,6.75600,0,
-11.9509,-5.5925,6.75617,0,
-11.9509,-5.5825,6.75633,0,
-11.9509,-5.5750,6.75650,0,
-11.9509,-5.5675,6.75667,0,
-11.9509,-5.5575,6.75683,0,
-11.9509,-5.5500,6.75700,0,
-11.9509,-5.5425,6.75717,0,
-11.9509,-5.5325,6.75733,0,
-11.9136,-5.5250,6.75750,0,
-11.9136,-5.5150,6.75767,0,
-11.9136,-5.5075,6.75783,0,
-11.9136,-5.5000,6.75800,0,
-11.9136,-5.4900,6.75817,0,
-11.9136,-5.4825,6.75833,0,
-11.9136,-5.4750,6.75850,0,
-11.9136,-5.4675,6.75867,0,
-11.9136,-5.4575,6.75883,0,
-11.9509,-5.4500,6.75900,0,
-11.9136,-5.4425,6.75917,0,
-11.9136,-5.4325,6.75933,0,
-11.9136,-5.4250,6.75950,0,
-11.9136,-5.4150,6.75967,0,
-11.8764,-5.4075,6.75983,0,
-11.8764,-5.4000,6.76000,0,
-11.8392,-5.3900,6.76017,0,
-11.8392,-5.3825,6.76033,0,
-11.8019,-5.3725,6.76050,0,
-11.8019,-5.3650,6.76067,0,
-11.7647,-5.3550,6.76083,0,
-11.7275,-5.3475,6.76100,0,
-11.7275,-5.3375,6.76117,0,
-11.7275,-5.3300,6.76133,0,
-11.7275,-5.3225,6.76150,0,
-11.7647,-5.3125,6.76167,0,
-11.7647,-5.3050,6.76183,0,
-11.8019,-5.2975,6.76200,0,
-11.8019,-5.2875,6.76217,0,
-11.8019,-5.2800,6.76233,0,
-11.8392,-5.2725,6.76250,0,
-11.8764,-5.2625,6.76267,0,
-11.8764,-5.2550,6.76283,0,
-11.9136,-5.2475,6.76300,0,
-11.9136,-5.2375,6.76317,0,
-11.9509,-5.2300,6.76333,0,
-11.9509,-5.2225,6.76350,0,
-11.9881,-5.2125,6.76367,0,
-11.9881,-5.2050,6.76383,0,
-11.9881,-5.1975,6.76400,0,
-11.9881,-5.1875,6.76417,0,
-11.9881,-5.1800,6.76433,0,
-11.9881,-5.1725,6.76450,0,
-11.9881,-5.1625,6.76467,0,
-11.9509,-5.1550,6.76483,0,
-11.9509,-5.1475,6.76500,0,
-11.9136,-5.1375,6.76517,0,
-11.9136,-5.1300,6.76533,0,
-11.9509,-5.1225,6.76550,0,
-11.9136,-5.1125,6.76567,0,
-11.9136,-5.1050,6.76583,0,
-11.9136,-5.0975,6.76600,0,
-11.9136,-5.0875,6.76617,0,
-11.9136,-5.0800,6.76633,0,
-11.9136,-5.0700,6.76650,0,
-11.9136,-5.0625,6.76667,0,
-11.9136,-5.0525,6.76683,0,
-11.8764,-5.0450,6.76700,0,
-11.8392,-5.0375,6.76717,0,
-11.8392,-5.0275,6.76733,0,
-11.8392,-5.0175,6.76750,0,
-11.8392,-5.0100,6.76767,0,
-11.8392,-5.0025,6.76783,0,
-11.8019,-4.9925,6.76800,0,
-11.8019,-4.9850,6.76817,0,
-11.7647,-4.9775,6.76833,0,
-11.7647,-4.9675,6.76850,0,
-11.7275,-4.9600,6.76867,0,
-11.7647,-4.9525,6.76883,0,
-11.7647,-4.9425,6.76900,0,
-11.8019,-4.9350,6.76917,0,
-11.7647,-4.9275,6.76933,0,
-11.7647,-4.9175,6.76950,0,
-11.7647,-4.9100,6.76967,0,
-11.8019,-4.9025,6.76983,0,
-11.8019,-4.8925,6.77000,0,
-11.8019,-4.8850,6.77017,0,
-11.8019,-4.8750,6.77033,0,
-11.8019,-4.8675,6.77050,0,
-11.8019,-4.8600,6.77067,0,
-11.8019,-4.8500,6.77083,0,
-11.7647,-4.8425,6.77100,0,
-11.7647,-4.8325,6.77117,0,
-11.7647,-4.8250,6.77133,0,
-11.7647,-4.8175,6.77150,0,
-11.7647,-4.8100,6.77167,0,
-11.7647,-4.8000,6.77183,0,
-11.7275,-4.7925,6.77200,0,
-11.7275,-4.7850,6.77217,0,
-11.7275,-4.7750,6.77233,0,
-11.7275,-4.7675,6.77250,0,
-11.6902,-4.7575,6.77267,0,
-11.6530,-4.7500,6.77283,0,
-11.6158,-4.7400,6.77300,0,
-11.6158,-4.7325,6.77317,0,
-11.5786,-4.7250,6.77333,0,
-11.5786,-4.7150,6.77350,0,
-11.5786,-4.7075,6.77367,0,
-11.5786,-4.7000,6.77383,0,
-11.5786,-4.6900,6.77400,0,
-11.5786,-4.6825,6.77417,0,
-11.5786,-4.6725,6.77433,0,
-11.5413,-4.6650,6.77450,0,
-11.5413,-4.6575,6.77467,0,
-11.5413,-4.6475,6.77483,0,
-11.5413,-4.6400,6.77500,0,
-11.5413,-4.6325,6.77517,0,
-11.5413,-4.6225,6.77533,0,
-11.5413,-4.6150,6.77550,0,
-11.5041,-4.6075,6.77567,0,
-11.5041,-4.5975,6.77583,0,
-11.4669,-4.5900,6.77600,0,
-11.4296,-4.5825,6.77617,0,
-11.4296,-4.5725,6.77633,0,
-11.4669,-4.5650,6.77650,0,
-11.3924,-4.5550,6.77667,0,
-11.3552,-4.5475,6.77683,0,
-11.3179,-4.5400,6.77700,0,
-11.3552,-4.5300,6.77717,0,
-11.3552,-4.5225,6.77733,0,
-11.3552,-4.5125,6.77750,0,
-11.3179,-4.5050,6.77767,0,
-11.2807,-4.4950,6.77783,0,
-11.2435,-4.4875,6.77800,0,
-11.2063,-4.4800,6.77817,0,
-11.1690,-4.4725,6.77833,0,
-11.1318,-4.4625,6.77850,0,
-11.0946,-4.4550,6.77867,0,
-11.0946,-4.4475,6.77883,0,
-11.0573,-4.4375,6.77900,0,
-11.0201,-4.4300,6.77917,0,
-11.0201,-4.4225,6.77933,0,
-11.0201,-4.4125,6.77950,0,
-11.0201,-4.4050,6.77967,0,
-11.0201,-4.3975,6.77983,0,
-10.9829,-4.3875,6.78000,0,
-10.9829,-4.3800,6.78017,0,
-10.9829,-4.3700,6.78033,0,
-10.9456,-4.3625,6.78050,0,
-10.9456,-4.3525,6.78067,0,
-10.9456,-4.3450,6.78083,0,
-10.9084,-4.3350,6.78100,0,
-10.9084,-4.3275,6.78117,0,
-10.9084,-4.3175,6.78133,0,
-10.9084,-4.3100,6.78150,0,
-10.8712,-4.3025,6.78167,0,
-10.8712,-4.2925,6.78183,0,
-10.8712,-4.2850,6.78200,0,
-10.8712,-4.2775,6.78217,0,
-10.8712,-4.2675,6.78233,0,
-10.8712,-4.2600,6.78250,0,
-10.8340,-4.2525,6.78267,0,
-10.8340,-4.2425,6.78283,0,
-10.7967,-4.2350,6.78300,0,
-10.7967,-4.2275,6.78317,0,
-10.7967,-4.2200,6.78333,0,
-10.7595,-4.2100,6.78350,0,
-10.7595,-4.2025,6.78367,0,
-10.7595,-4.1950,6.78383,0,
-10.7595,-4.1850,6.78400,0,
-10.7595,-4.1775,6.78417,0,
-10.7223,-4.1700,6.78433,0,
-10.7595,-4.1600,6.78450,0,
-10.7595,-4.1525,6.78467,0,
-10.7223,-4.1450,6.78483,0,
-10.7223,-4.1375,6.78500,0,
-10.7595,-4.1300,6.78517,0,
-10.7223,-4.1200,6.78533,0,
-10.7223,-4.1125,6.78550,0,
-10.7223,-4.1050,6.78567,0,
-10.7223,-4.0950,6.78583,0,
-10.7223,-4.0875,6.78600,0,
-10.7223,-4.0775,6.78617,0,
-10.7595,-4.0700,6.78633,0,
-10.7595,-4.0625,6.78650,0,
-10.7595,-4.0525,6.78667,0,
-10.7223,-4.0450,6.78683,0,
-10.6850,-4.0375,6.78700,0,
-10.6478,-4.0275,6.78717,0,
-10.6106,-4.0175,6.78733,0,
-10.6106,-4.0100,6.78750,0,
-10.6478,-4.0000,6.78767,0,
-10.6478,-3.9925,6.78783,0,
-10.6106,-3.9850,6.78800,0,
-10.6106,-3.9775,6.78817,0,
-10.6106,-3.9675,6.78833,0,
-10.6106,-3.9600,6.78850,0,
-10.6106,-3.9525,6.78867,0,
-10.6106,-3.9425,6.78883,0,
-10.6106,-3.9350,6.78900,0,
-10.5733,-3.9275,6.78917,0,
-10.5733,-3.9200,6.78933,0,
-10.5733,-3.9100,6.78950,0,
-10.5733,-3.9025,6.78967,0,
-10.5361,-3.8950,6.78983,0,
-10.4989,-3.8850,6.79000,0,
-10.4617,-3.8775,6.79017,0,
-10.4244,-3.8700,6.79033,0,
-10.3872,-3.8600,6.79050,0,
-10.3127,-3.8525,6.79067,0,
-10.3127,-3.8450,6.79083,0,
-10.2383,-3.8350,6.79100,0,
-10.2383,-3.8275,6.79117,0,
-10.2010,-3.8200,6.79133,0,
-10.1638,-3.8100,6.79150,0,
-10.1638,-3.8025,6.79167,0,
-10.1266,-3.7925,6.79183,0,
-10.0894,-3.7850,6.79200,0,
-10.0894,-3.7775,6.79217,0,
-10.0521,-3.7700,6.79233,0,
-10.0521,-3.7600,6.79250,0,
-10.0521,-3.7525,6.79267,0,
-10.0521,-3.7450,6.79283,0,
-10.0149,-3.7350,6.79300,0,
-10.0149,-3.7275,6.79317,0,
-10.0149,-3.7200,6.79333,0,
-9.9777,-3.7100,6.79350,0,
-9.9777,-3.7025,6.79367,0,
-9.9777,-3.6925,6.79383,0,
-9.9777,-3.6850,6.79400,0,
-9.9777,-3.6775,6.79417,0,
-9.9404,-3.6675,6.79433,0,
-9.9777,-3.6600,6.79450,0,
-9.9404,-3.6500,6.79467,0,
-9.9404,-3.6425,6.79483,0,
-9.9032,-3.6350,6.79500,0,
-9.9032,-3.6250,6.79517,0,
-9.8660,-3.6175,6.79533,0,
-9.8287,-3.6100,6.79550,0,
-9.7915,-3.6000,6.79567,0,
-9.7915,-3.5925,6.79583,0,
-9.7543,-3.5850,6.79600,0,
-9.7171,-3.5750,6.79617,0,
-9.7171,-3.5675,6.79633,0,
-9.6798,-3.5575,6.79650,0,
-9.6426,-3.5500,6.79667,0,
-9.6426,-3.5425,6.79683,0,
-9.6054,-3.5325,6.79700,0,
-9.6054,-3.5250,6.79717,0,
-9.5681,-3.5150,6.79733,0,
-9.5309,-3.5075,6.79750,0,
-9.5309,-3.4975,6.79767,0,
-9.4937,-3.4900,6.79783,0,
-9.4937,-3.4825,6.79800,0,
-9.4564,-3.4750,6.79817,0,
-9.4564,-3.4650,6.79833,0,
-9.4192,-3.4575,6.79850,0,
-9.3820,-3.4500,6.79867,0,
-9.3447,-3.4400,6.79883,0,
-9.3075,-3.4325,6.79900,0,
-9.3075,-3.4225,6.79917,0,
-9.2703,-3.4150,6.79933,0,
-9.2331,-3.4075,6.79950,0,
-9.1958,-3.3975,6.79967,0,
-9.1958,-3.3900,6.79983,0,
-9.1958,-3.3800,6.80000,0,
-9.1586,-3.3725,6.80017,0,
-9.1586,-3.3625,6.80033,0,
-9.1214,-3.3550,6.80050,0,
-9.1214,-3.3450,6.80067,0,
-9.1214,-3.3375,6.80083,0,
-9.0841,-3.3300,6.80100,0,
-9.0841,-3.3200,6.80117,0,
-9.0469,-3.3125,6.80133,0,
-9.0097,-3.3050,6.80150,0,
-8.9725,-3.2950,6.80167,0,
-8.9725,-3.2875,6.80183,0,
-8.9352,-3.2800,6.80200,0,
-8.8980,-3.2700,6.80217,0,
-8.8980,-3.2625,6.80233,0,
-8.8980,-3.2550,6.80250,0,
-8.8608,-3.2450,6.80267,0,
-8.8608,-3.2375,6.80283,0,
-8.8235,-3.2300,6.80300,0,
-8.7863,-3.2200,6.80317,0,
-8.7863,-3.2125,6.80333,0,
-8.7491,-3.2050,6.80350,0,
-8.7491,-3.1950,6.80367,0,
-8.7118,-3.1875,6.80383,0,
-8.6746,-3.1800,6.80400,0,
-8.6746,-3.1700,6.80417,0,
-8.6374,-3.1625,6.80433,0,
-8.6001,-3.1550,6.80450,0,
-8.6001,-3.1475,6.80467,0,
-8.5629,-3.1375,6.80483,0,
-8.5257,-3.1300,6.80500,0,
-8.4885,-3.1225,6.80517,0,
-8.4512,-3.1150,6.80533,0,
-8.4140,-3.1050,6.80550,0,
-8.4140,-3.0975,6.80567,0,
-8.3768,-3.0900,6.80583,0,
-8.3395,-3.0800,6.80600,0,
-8.3023,-3.0725,6.80617,0,
-8.2651,-3.0650,6.80633,0,
-8.2651,-3.0575,6.80650,0,
-8.2278,-3.0475,6.80667,0,
-8.2278,-3.0400,6.80683,0,
-8.1906,-3.0300,6.80700,0,
-8.1534,-3.0225,6.80717,0,
-8.1534,-3.0150,6.80733,0,
-8.1162,-3.0050,6.80750,0,
-8.0789,-2.9975,6.80767,0,
-8.0789,-2.9900,6.80783,0,
-8.0417,-2.9825,6.80800,0,
-8.0417,-2.9725,6.80817,0,
-8.0417,-2.9650,6.80833,0,
-8.0045,-2.9575,6.80850,0,
-7.9672,-2.9500,6.80867,0,
-7.9300,-2.9400,6.80883,0,
-7.8928,-2.9325,6.80900,0,
-7.8555,-2.9250,6.80917,0,
-7.8183,-2.9150,6.80933,0,
-7.7811,-2.9075,6.80950,0,
-7.7439,-2.9000,6.80967,0,
-7.7066,-2.8900,6.80983,0,
-7.6694,-2.8825,6.81000,0,
-7.6322,-2.8750,6.81017,0,
-7.5577,-2.8650,6.81033,0,
-7.5205,-2.8575,6.81050,0,
-7.4832,-2.8475,6.81067,0,
-7.4460,-2.8400,6.81083,0,
-7.4088,-2.8325,6.81100,0,
-7.4088,-2.8250,6.81117,0,
-7.3716,-2.8150,6.81133,0,
-7.3343,-2.8075,6.81150,0,
-7.2971,-2.8000,6.81167,0,
-7.2599,-2.7925,6.81183,0,
-7.2226,-2.7825,6.81200,0,
-7.1854,-2.7750,6.81217,0,
-7.1482,-2.7675,6.81233,0,
-7.1109,-2.7575,6.81250,0,
-7.0737,-2.7500,6.81267,0,
-7.0365,-2.7425,6.81283,0,
-6.9993,-2.7325,6.81300,0,
-6.9620,-2.7250,6.81317,0,
-6.9248,-2.7150,6.81333,0,
-6.9248,-2.7075,6.81350,0,
-6.8876,-2.6975,6.81367,0,
-6.8503,-2.6900,6.81383,0,
-6.8131,-2.6800,6.81400,0,
-6.7759,-2.6725,6.81417,0,
-6.7386,-2.6650,6.81433,0,
-6.7014,-2.6550,6.81450,0,
-6.6642,-2.6475,6.81467,0,
-6.6642,-2.6400,6.81483,0,
-6.6270,-2.6300,6.81500,0,
-6.5897,-2.6225,6.81517,0,
-6.5525,-2.6150,6.81533,0,
-6.5153,-2.6050,6.81550,0,
-6.4780,-2.5975,6.81567,0,
-6.4408,-2.5900,6.81583,0,
-6.4036,-2.5800,6.81600,0,
-6.3663,-2.5725,6.81617,0,
-6.3291,-2.5625,6.81633,0,
-6.2547,-2.5550,6.81650,0,
-6.2174,-2.5475,6.81667,0,
-6.1802,-2.5375,6.81683,0,
-6.1802,-2.5300,6.81700,0,
-6.1430,-2.5200,6.81717,0,
-6.1057,-2.5125,6.81733,0,
-6.0685,-2.5050,6.81750,0,
-6.0313,-2.4950,6.81767,0,
-5.9940,-2.4875,6.81783,0,
-5.9568,-2.4800,6.81800,0,
-5.9196,-2.4700,6.81817,0,
-5.8824,-2.4625,6.81833,0,
-5.8824,-2.4550,6.81850,0,
-5.8079,-2.4450,6.81867,0,
-5.7707,-2.4375,6.81883,0,
-5.7334,-2.4300,6.81900,0,
-5.6962,-2.4200,6.81917,0,
-5.6590,-2.4125,6.81933,0,
-5.5845,-2.4025,6.81950,0,
-5.5473,-2.3950,6.81967,0,
-5.5101,-2.3850,6.81983,0,
-5.4728,-2.3775,6.82000,0,
-5.4356,-2.3700,6.82017,0,
-5.3611,-2.3600,6.82033,0,
-5.3239,-2.3525,6.82050,0,
-5.2867,-2.3425,6.82067,0,
-5.2494,-2.3350,6.82083,0,
-5.2122,-2.3275,6.82100,0,
-5.1750,-2.3175,6.82117,0,
-5.1378,-2.3100,6.82133,0,
-5.0633,-2.3025,6.82150,0,
-5.0261,-2.2950,6.82167,0,
-5.0261,-2.2850,6.82183,0,
-4.9888,-2.2775,6.82200,0,
-4.9144,-2.2700,6.82217,0,
-4.9144,-2.2600,6.82233,0,
-4.8399,-2.2525,6.82250,0,
-4.8027,-2.2450,6.82267,0,
-4.7654,-2.2350,6.82283,0,
-4.7282,-2.2275,6.82300,0,
-4.6910,-2.2200,6.82317,0,
-4.6538,-2.2100,6.82333,0,
-4.6165,-2.2025,6.82350,0,
-4.5421,-2.1950,6.82367,0,
-4.5048,-2.1850,6.82383,0,
-4.4676,-2.1775,6.82400,0,
-4.3932,-2.1700,6.82417,0,
-4.3559,-2.1600,6.82433,0,
-4.2815,-2.1525,6.82450,0,
-4.2442,-2.1450,6.82467,0,
-4.2070,-2.1375,6.82483,0,
-4.1698,-2.1275,6.82500,0,
-4.0953,-2.1200,6.82517,0,
-4.0581,-2.1125,6.82533,0,
-4.0208,-2.1025,6.82550,0,
-3.9836,-2.0950,6.82567,0,
-3.9092,-2.0875,6.82583,0,
-3.8719,-2.0775,6.82600,0,
-3.7975,-2.0700,6.82617,0,
-3.7602,-2.0625,6.82633,0,
-3.7230,-2.0525,6.82650,0,
-3.6858,-2.0450,6.82667,0,
-3.6113,-2.0375,6.82683,0,
-3.5741,-2.0275,6.82700,0,
-3.5369,-2.0200,6.82717,0,
-3.4996,-2.0100,6.82733,0,
-3.4252,-2.0025,6.82750,0,
-3.3879,-1.9950,6.82767,0,
-3.3507,-1.9875,6.82783,0,
-3.3135,-1.9775,6.82800,0,
-3.2390,-1.9700,6.82817,0,
-3.2018,-1.9625,6.82833,0,
-3.1646,-1.9550,6.82850,0,
-3.1273,-1.9450,6.82867,0,
-3.0529,-1.9375,6.82883,0,
-3.0156,-1.9300,6.82900,0,
-2.9784,-1.9200,6.82917,0,
-2.9412,-1.9125,6.82933,0,
-2.9039,-1.9050,6.82950,0,
-2.8667,-1.8975,6.82967,0,
-2.7923,-1.8875,6.82983,0,
-2.7550,-1.8800,6.83000,0,
-2.7178,-1.8725,6.83017,0,
-2.6433,-1.8625,6.83033,0,
-2.6061,-1.8550,6.83050,0,
-2.5689,-1.8475,6.83067,0,
-2.5316,-1.8400,6.83083,0,
-2.4944,-1.8300,6.83100,0,
-2.4572,-1.8225,6.83117,0,
-2.3827,-1.8150,6.83133,0,
-2.3455,-1.8075,6.83150,0,
-2.3083,-1.7975,6.83167,0,
-2.2710,-1.7900,6.83183,0,
-2.1966,-1.7825,6.83200,0,
-2.1593,-1.7750,6.83217,0,
-2.1221,-1.7650,6.83233,0,
-2.0849,-1.7575,6.83250,0,
-2.0104,-1.7500,6.83267,0,
-1.9732,-1.7425,6.83283,0,
-1.9360,-1.7350,6.83300,0,
-1.8987,-1.7250,6.83317,0,
-1.8243,-1.7175,6.83333,0,
-1.7870,-1.7100,6.83350,0,
-1.7126,-1.7000,6.83367,0,
-1.6754,-1.6925,6.83383,0,
-1.6381,-1.6825,6.83400,0,
-1.5637,-1.6750,6.83417,0,
-1.4892,-1.6675,6.83433,0,
-1.4520,-1.6575,6.83450,0,
-1.4147,-1.6500,6.83467,0,
-1.3775,-1.6425,6.83483,0,
-1.3403,-1.6350,6.83500,0,
-1.2658,-1.6275,6.83517,0,
-1.2286,-1.6200,6.83533,0,
-1.1541,-1.6100,6.83550,0,
-1.1169,-1.6025,6.83567,0,
-1.0797,-1.5950,6.83583,0,
-1.0052,-1.5850,6.83600,0,
-0.9308,-1.5775,6.83617,0,
-0.8935,-1.5700,6.83633,0,
-0.8563,-1.5600,6.83650,0,
-0.7818,-1.5525,6.83667,0,
-0.7446,-1.5450,6.83683,0,
-0.7074,-1.5350,6.83700,0,
-0.6329,-1.5275,6.83717,0,
-0.5957,-1.5200,6.83733,0,
-0.5212,-1.5100,6.83750,0,
-0.4840,-1.5025,6.83767,0,
-0.4468,-1.4950,6.83783,0,
-0.3723,-1.4875,6.83800,0,
-0.3351,-1.4775,6.83817,0,
-0.2978,-1.4700,6.83833,0,
-0.2606,-1.4625,6.83850,0,
-0.1861,-1.4550,6.83867,0,
-0.1489,-1.4450,6.83883,0,
-0.0745,-1.4375,6.83900,0,
-0.0372,-1.4300,6.83917,0,
0.0000,-1.4200,6.83933,0,
0.0745,-1.4125,6.83950,0,
0.1117,-1.4050,6.83967,0,
0.1489,-1.3975,6.83983,0,
0.1862,-1.3875,6.84000,0,
0.2606,-1.3800,6.84017,0,
0.2978,-1.3700,6.84033,0,
0.3351,-1.3625,6.84050,0,
0.3723,-1.3550,6.84067,0,
0.3723,-1.3450,6.84083,0,
0.3723,-1.3375,6.84100,0,
0.2978,-1.3275,6.84117,0,
0.2234,-1.3200,6.84133,0,
0.1117,-1.3125,6.84150,0,
0.0745,-1.3050,6.84167,0,
0.0372,-1.2950,6.84183,0,
0.0372,-1.2875,6.84200,0,
0.0000,-1.2800,6.84217,0,
0.0000,-1.2700,6.84233,0,
0.0000,-1.2625,6.84250,0,
0.0000,-1.2550,6.84267,0,
0.0000,-1.2475,6.84283,0,
0.0000,-1.2375,6.84300,0,
0.0000,-1.2300,6.84317,0,
0.0000,-1.2225,6.84333,0,
0.0000,-1.2125,6.84350,0,
0.0000,-1.2050,6.84367,0,
0.0000,-1.1975,6.84383,0,
0.0000,-1.1875,6.84400,0,
0.0000,-1.1800,6.84417,0,
0.0000,-1.1725,6.84433,0,
0.0000,-1.1625,6.84450,0,
0.0000,-1.1550,6.84467,0,
0.0000,-1.1475,6.84483,0,
0.0000,-1.1400,6.84500,0,
0.0000,-1.1300,6.84517,0,
0.0000,-1.1225,6.84533,0,
0.0000,-1.1150,6.84550,0,
0.0000,-1.1050,6.84567,0,
0.0000,-1.0975,6.84583,0,
0.0000,-1.0900,6.84600,0,
0.0000,-1.0825,6.84617,0,
0.0000,-1.0725,6.84633,0,
0.0000,-1.0650,6.84650,0,
0.0000,-1.0575,6.84667,0,
0.0000,-1.0475,6.84683,0,
0.0000,-1.0400,6.84700,0,
0.0000,-1.0325,6.84717,0,
0.0000,-1.0225,6.84733,0,
0.0000,-1.0150,6.84750,0,
0.0000,-1.0075,6.84767,0,
0.0000,-0.9975,6.84783,0,
0.0000,-0.9900,6.84800,0,
0.0000,-0.9825,6.84817,0,
0.0000,-0.9750,6.84833,0,
0.0000,-0.9650,6.84850,0,
0.0000,-0.9575,6.84867,0,
0.0000,-0.9500,6.84883,0,
0.0000,-0.9425,6.84900,0,
0.0000,-0.9325,6.84917,0,
0.0000,-0.9250,6.84933,0,
0.0000,-0.9175,6.84950,0,
0.0000,-0.9100,6.84967,0,
0.0000,-0.9000,6.84983,0,
0.0000,-0.8925,6.85000,0,
0.0000,-0.8850,6.85017,0,
0.0000,-0.8750,6.85033,0,
0.0000,-0.8675,6.85050,0,
0.0000,-0.8600,6.85067,0,
0.0000,-0.8500,6.85083,0,
0.0000,-0.8425,6.85100,0,
0.0000,-0.8350,6.85117,0,
0.0000,-0.8250,6.85133,0,
0.0000,-0.8175,6.85150,0,
0.0000,-0.8100,6.85167,0,
0.0000,-0.8025,6.85183,0,
0.0000,-0.7950,6.85200,0,
0.0000,-0.7850,6.85217,0,
0.0000,-0.7775,6.85233,0,
0.0000,-0.7700,6.85250,0,
0.0000,-0.7600,6.85267,0,
0.0000,-0.7525,6.85283,0,
0.0000,-0.7450,6.85300,0,
0.0000,-0.7375,6.85317,0,
0.0000,-0.7275,6.85333,0,
0.0000,-0.7200,6.85350,0,
0.0000,-0.7100,6.85367,0,
0.0000,-0.7025,6.85383,0,
0.0000,-0.6950,6.85400,0,
0.0000,-0.6850,6.85417,0,
0.0000,-0.6775,6.85433,0,
0.0000,-0.6700,6.85450,0,
0.0000,-0.6600,6.85467,0,
0.0000,-0.6525,6.85483,0,
0.0000,-0.6450,6.85500,0,
0.0000,-0.6375,6.85517,0,
0.0000,-0.6275,6.85533,0,
0.0000,-0.6200,6.85550,0,
0.0000,-0.6125,6.85567,0,
0.0000,-0.6050,6.85583,0,
0.0000,-0.5950,6.85600,0,
0.0000,-0.5875,6.85617,0,
0.0000,-0.5800,6.85633,0,
0.0000,-0.5725,6.85650,0,
0.0000,-0.5650,6.85667,0,
0.0000,-0.5550,6.85683,0,
0.0000,-0.5475,6.85700,0,
0.0000,-0.5400,6.85717,0,
0.0000,-0.5300,6.85733,0,
0.0000,-0.5225,6.85750,0,
0.0000,-0.5150,6.85767,0,
0.0000,-0.5050,6.85783,0,
0.0000,-0.4975,6.85800,0,
0.0000,-0.4900,6.85817,0,
0.0000,-0.4825,6.85833,0,
0.0000,-0.4725,6.85850,0,
0.0000,-0.4650,6.85867,0,
0.0000,-0.4575,6.85883,0,
0.0000,-0.4500,6.85900,0,
0.0000,-0.4400,6.85917,0,
0.0000,-0.4325,6.85933,0,
0.0000,-0.4250,6.85950,0,
0.0000,-0.4150,6.85967,0,
0.0000,-0.4075,6.85983,0,
0.0000,-0.4000,6.86000,0,
0.0000,-0.3900,6.86017,0,
0.0000,-0.3825,6.86033,0,
0.0000,-0.3725,6.86050,0,
0.0000,-0.3650,6.86067,0,
0.0000,-0.3550,6.86083,0,
0.0000,-0.3475,6.86100,0,
0.0000,-0.3400,6.86117,0,
0.0000,-0.3325,6.86133,0,
0.0000,-0.3225,6.86150,0,
0.0000,-0.3150,6.86167,0,
0.0000,-0.3075,6.86183,0,
0.0000,-0.3000,6.86200,0,
0.0000,-0.2900,6.86217,0,
0.0000,-0.2825,6.86233,0,
0.0000,-0.2750,6.86250,0,
0.0000,-0.2650,6.86267,0,
0.0000,-0.2575,6.86283,0,
0.0000,-0.2500,6.86300,0,
0.0000,-0.2400,6.86317,0,
0.0000,-0.2325,6.86333,0,
0.0000,-0.2250,6.86350,0,
0.0000,-0.2150,6.86367,0,
0.0000,-0.2075,6.86383,0,
0.0000,-0.2000,6.86400,0,
0.0000,-0.1900,6.86417,0,
0.0000,-0.1825,6.86433,0,
0.0000,-0.1725,6.86450,0,
0.0000,-0.1650,6.86467,0,
0.0000,-0.1575,6.86483,0,
0.0000,-0.1500,6.86500,0,
0.0000,-0.1400,6.86517,0,
0.0000,-0.1325,6.86533,0,
0.0000,-0.1250,6.86550,0,
0.0000,-0.1175,6.86567,0,
0.0000,-0.1075,6.86583,0,
0.0000,-0.1000,6.86600,0,
0.0000,-0.0900,6.86617,0,
0.0000,-0.0825,6.86633,0,
0.0000,-0.0750,6.86650,0,
0.0000,-0.0675,6.86667,0,
0.0000,-0.0600,6.86683,0,
0.0000,-0.0525,6.86700,0,
0.0000,-0.0475,6.86717,0,
0.0000,-0.0475,6.86733,0,
0.0000,-0.0450,6.86750,0,
0.0000,-0.0375,6.86767,0,
0.0000,-0.0300,6.86783,0,
0.0000,-0.0225,6.86800,0,
0.0000,-0.0200,6.86817,0,
0.0000,-0.0175,6.86833,0,
0.0000,-0.0150,6.86850,0,
0.0000,-0.0075,6.86867,0,
0.0000,0.0000,6.86883,0,
0.0000,0.0025,6.86900,0,
0.0000,0.0000,6.86917,0,
0.0000,-0.0025,6.86933,0,
0.0000,-0.0050,6.86950,0,
0.0000,-0.0025,6.86967,0,
0.0000,-0.0000,6.86983,0,
0.0000,0.0025,6.87000,0,
0.0000,-0.0000,6.87017,0,
0.0000,-0.0025,6.87033,0,
0.0000,-0.0025,6.87050,0,
0.0000,-0.0025,6.87067,0,
0.0000,-0.0000,6.87083,0,
0.0000,-0.0000,6.87100,0,
0.0000,-0.0000,6.87117,0,
0.0000,-0.0025,6.87133,0,
0.0000,-0.0025,6.87150,0,
0.0000,-0.0025,6.87167,0,
0.0000,-0.0000,6.87183,0,
0.0000,-0.0025,6.87200,0,
0.0000,-0.0025,6.87217,0,
0.0000,-0.0025,6.87233,0,
0.0000,-0.0025,6.87250,0,
0.0000,-0.0050,6.87267,0,
0.0000,-0.0075,6.87283,0,
0.0000,-0.0100,6.87300,0,
0.0000,-0.0100,6.87317,0,
0.0000,-0.0125,6.87333,0,
0.0000,-0.0125,6.87350,0,
0.0000,-0.0150,6.87367,0,
0.0000,-0.0175,6.87383,0,
0.0000,-0.0200,6.87400,0,
0.0000,-0.0225,6.87417,0,
0.0000,-0.0250,6.87433,0,
0.0000,-0.0300,6.87450,0,
0.0000,-0.0325,6.87467,0,
0.0000,-0.0350,6.87483,0,
0.0000,-0.0375,6.87500,0,
0.0000,-0.0400,6.87517,0,
0.0000,-0.0450,6.87533,0,
0.0000,-0.0475,6.87550,0,
0.0000,-0.0525,6.87567,0,
0.0000,-0.0575,6.87583,0,
0.0000,-0.0600,6.87600,0,
0.0000,-0.0650,6.87617,0,
0.0000,-0.0675,6.87633,0,
0.0000,-0.0725,6.87650,0,
0.0000,-0.0775,6.87667,0,
0.0000,-0.0825,6.87683,0,
0.0000,-0.0875,6.87700,0,
0.0000,-0.0925,6.87717,0,
0.0000,-0.0975,6.87733,0,
0.0000,-0.1025,6.87750,0,
0.0000,-0.1100,6.87767,0,
0.0000,-0.1150,6.87783,0,
0.0000,-0.1225,6.87800,0,
0.0000,-0.1275,6.87817,0,
0.0000,-0.1325,6.87833,0,
0.0000,-0.1400,6.87850,0,
0.0000,-0.1450,6.87867,0,
0.0000,-0.1525,6.87883,0,
0.0000,-0.1575,6.87900,0,
0.0000,-0.1625,6.87917,0,
0.0000,-0.1700,6.87933,0,
0.0000,-0.1775,6.87950,0,
0.0000,-0.1825,6.87967,0,
0.0000,-0.1900,6.87983,0,
0.0000,-0.1950,6.88000,0,
0.0000,-0.2025,6.88017,0,
0.0000,-0.2075,6.88033,0,
0.0000,-0.2150,6.88050,0,
0.0000,-0.2200,6.88067,0,
0.0000,-0.2275,6.88083,0,
0.0000,-0.2325,6.88100,0,
0.0000,-0.2400,6.88117,0,
0.0000,-0.2450,6.88133,0,
0.0000,-0.2525,6.88150,0,
0.0000,-0.2600,6.88167,0,
0.0000,-0.2650,6.88183,0,
0.0000,-0.2725,6.88200,0,
0.0000,-0.2800,6.88217,0,
0.0000,-0.2875,6.88233,0,
0.0000,-0.2950,6.88250,0,
0.0000,-0.3025,6.88267,0,
0.0000,-0.3100,6.88283,0,
0.0000,-0.3150,6.88300,0,
0.0000,-0.3225,6.88317,0,
0.0000,-0.3300,6.88333,0,
0.0000,-0.3375,6.88350,0,
0.0000,-0.3450,6.88367,0,
0.0000,-0.3525,6.88383,0,
0.0000,-0.3600,6.88400,0,
0.0000,-0.3675,6.88417,0,
0.0000,-0.3750,6.88433,0,
0.0000,-0.3800,6.88450,0,
0.0000,-0.3875,6.88467,0,
0.0000,-0.3950,6.88483,0,
0.0000,-0.4025,6.88500,0,
0.0000,-0.4100,6.88517,0,
0.0000,-0.4175,6.88533,0,
0.0000,-0.4250,6.88550,0,
0.0000,-0.4325,6.88567,0,
0.0000,-0.4400,6.88583,0,
0.0000,-0.4475,6.88600,0,
0.0000,-0.4550,6.88617,0,
0.0000,-0.4625,6.88633,0,
0.0000,-0.4700,6.88650,0,
0.0000,-0.4800,6.88667,0,
0.0000,-0.4875,6.88683,0,
0.0000,-0.4950,6.88700,0,
0.0000,-0.5025,6.88717,0,
0.0000,-0.5100,6.88733,0,
0.0000,-0.5175,6.88750,0,
0.0000,-0.5275,6.88767,0,
0.0000,-0.5350,6.88783,0,
0.0000,-0.5425,6.88800,0,
0.0000,-0.5500,6.88817,0,
0.0000,-0.5575,6.88833,0,
0.0000,-0.5650,6.88850,0,
0.0000,-0.5725,6.88867,0,
0.0000,-0.5800,6.88883,0,
0.0000,-0.5875,6.88900,0,
0.0000,-0.5975,6.88917,0,
0.0000,-0.6050,6.88933,0,
0.0000,-0.6125,6.88950,0,
0.0000,-0.6200,6.88967,0,
0.0000,-0.6300,6.88983,0,
0.0000,-0.6375,6.89000,0,
0.0000,-0.6475,6.89017,0,
0.0000,-0.6550,6.89033,0,
0.0000,-0.6625,6.89050,0,
0.0000,-0.6725,6.89067,0,
0.0000,-0.6800,6.89083,0,
0.0000,-0.6875,6.89100,0,
0.0000,-0.6950,6.89117,0,
0.0000,-0.7050,6.89133,0,
0.0000,-0.7125,6.89150,0,
0.0000,-0.7200,6.89167,0,
0.0000,-0.7275,6.89183,0,
0.0000,-0.7350,6.89200,0,
0.0000,-0.7425,6.89217,0,
0.0000,-0.7525,6.89233,0,
0.0000,-0.7600,6.89250,0,
0.0000,-0.7675,6.89267,0,
0.0000,-0.7775,6.89283,0,
0.0000,-0.7850,6.89300,0,
0.0000,-0.7925,6.89317,0,
0.0000,-0.8025,6.89333,0,
0.0000,-0.8100,6.89350,0,
0.0000,-0.8200,6.89367,0,
0.0000,-0.8275,6.89383,0,
0.0000,-0.8350,6.89400,0,
0.0000,-0.8450,6.89417,0,
0.0000,-0.8525,6.89433,0,
0.0000,-0.8600,6.89450,0,
0.0000,-0.8700,6.89467,0,
0.0000,-0.8775,6.89483,0,
0.0000,-0.8850,6.89500,0,
0.0000,-0.8950,6.89517,0,
0.0000,-0.9025,6.89533,0,
0.0000,-0.9100,6.89550,0,
0.0000,-0.9200,6.89567,0,
0.0000,-0.9275,6.89583,0,
0.0000,-0.9350,6.89600,0,
-0.0372,-0.9450,6.89617,0,
-0.0372,-0.9525,6.89633,0,
-0.0372,-0.9625,6.89650,0,
-0.0372,-0.9700,6.89667,0,
-0.0372,-0.9800,6.89683,0,
-0.0372,-0.9875,6.89700,0,
-0.0745,-0.9975,6.89717,0,
-0.1117,-1.0050,6.89733,0,
-0.1117,-1.0125,6.89750,0,
-0.1861,-1.0225,6.89767,0,
-0.2234,-1.0300,6.89783,0,
-0.2978,-1.0375,6.89800,0,
-0.3723,-1.0450,6.89817,0,
-0.4468,-1.0525,6.89833,0,
-0.5585,-1.0625,6.89850,0,
-0.6329,-1.0700,6.89867,0,
-0.7446,-1.0775,6.89883,0,
-0.8563,-1.0850,6.89900,0,
-0.9680,-1.0925,6.89917,0,
-1.0797,-1.1025,6.89933,0,
-1.1914,-1.1100,6.89950,0,
-1.3031,-1.1200,6.89967,0,
-1.4147,-1.1275,6.89983,0,
-1.5264,-1.1350,6.90000,0,
-1.6754,-1.1450,6.90017,0,
-1.7870,-1.1525,6.90033,0,
-1.8987,-1.1600,6.90050,0,
-2.0104,-1.1700,6.90067,0,
-2.1221,-1.1775,6.90083,0,
-2.2338,-1.1850,6.90100,0,
-2.3827,-1.1950,6.90117,0,
-2.4944,-1.2025,6.90133,0,
-2.6061,-1.2100,6.90150,0,
-2.6806,-1.2175,6.90167,0,
-2.7923,-1.2275,6.90183,0,
-2.9039,-1.2350,6.90200,0,
-3.0156,-1.2425,6.90217,0,
-3.1273,-1.2525,6.90233,0,
-3.2390,-1.2600,6.90250,0,
-3.3135,-1.2675,6.90267,0,
-3.4252,-1.2750,6.90283,0,
-3.5369,-1.2850,6.90300,0,
-3.6485,-1.2925,6.90317,0,
-3.7230,-1.3000,6.90333,0,
-3.8347,-1.3100,6.90350,0,
-3.9464,-1.3175,6.90367,0,
-4.0581,-1.3275,6.90383,0,
-4.1698,-1.3350,6.90400,0,
-4.2815,-1.3425,6.90417,0,
-4.3932,-1.3500,6.90433,0,
-4.5048,-1.3600,6.90450,0,
-4.6165,-1.3675,6.90467,0,
-4.6910,-1.3750,6.90483,0,
-4.8027,-1.3825,6.90500,0,
-4.8771,-1.3900,6.90517,0,
-4.9516,-1.3975,6.90533,0,
-5.0261,-1.4075,6.90550,0,
-5.0633,-1.4150,6.90567,0,
-5.1378,-1.4225,6.90583,0,
-5.2122,-1.4300,6.90600,0,
-5.2867,-1.4400,6.90617,0,
-5.3611,-1.4475,6.90633,0,
-5.4356,-1.4575,6.90650,0,
-5.5101,-1.4650,6.90667,0,
-5.5845,-1.4725,6.90683,0,
-5.6217,-1.4825,6.90700,0,
-5.6962,-1.4900,6.90717,0,
-5.8079,-1.4975,6.90733,0,
-5.9196,-1.5075,6.90750,0,
-6.0313,-1.5150,6.90767,0,
-6.1057,-1.5225,6.90783,0,
-6.2174,-1.5300,6.90800,0,
-6.3291,-1.5375,6.90817,0,
-6.4408,-1.5475,6.90833,0,
-6.5153,-1.5550,6.90850,0,
-6.6270,-1.5625,6.90867,0,
-6.7014,-1.5700,6.90883,0,
-6.7759,-1.5775,6.90900,0,
-6.8876,-1.5875,6.90917,0,
-6.9993,-1.5950,6.90933,0,
-7.0737,-1.6025,6.90950,0,
-7.1854,-1.6125,6.90967,0,
-7.2599,-1.6200,6.90983,0,
-7.3343,-1.6275,6.91000,0,
-7.4088,-1.6375,6.91017,0,
-7.5205,-1.6450,6.91033,0,
-7.6322,-1.6525,6.91050,0,
-7.7066,-1.6625,6.91067,0,
-7.8183,-1.6700,6.91083,0,
-7.8928,-1.6800,6.91100,0,
-8.0045,-1.6875,6.91117,0,
-8.0789,-1.6950,6.91133,0,
-8.1534,-1.7025,6.91150,0,
-8.2651,-1.7100,6.91167,0,
-8.3395,-1.7200,6.91183,0,
-8.4512,-1.7275,6.91200,0,
-8.5257,-1.7350,6.91217,0,
-8.5629,-1.7425,6.91233,0,
-8.6374,-1.7500,6.91250,0,
-8.7491,-1.7600,6.91267,0,
-8.8235,-1.7675,6.91283,0,
-8.8980,-1.7750,6.91300,0,
-9.0097,-1.7850,6.91317,0,
-9.0841,-1.7925,6.91333,0,
-9.1958,-1.8000,6.91350,0,
-9.3075,-1.8100,6.91367,0,
-9.3447,-1.8175,6.91383,0,
-9.4192,-1.8250,6.91400,0,
-9.4937,-1.8350,6.91417,0,
-9.5681,-1.8425,6.91433,0,
-9.6426,-1.8525,6.91450,0,
-9.7171,-1.8600,6.91467,0,
-9.7915,-1.8675,6.91483,0,
-9.8287,-1.8775,6.91500,0,
-9.9032,-1.8850,6.91517,0,
-9.9404,-1.8925,6.91533,0,
-10.0149,-1.9025,6.91550,0,
-10.0894,-1.9100,6.91567,0,
-10.1638,-1.9175,6.91583,0,
-10.2383,-1.9250,6.91600,0,
-10.3127,-1.9350,6.91617,0,
-10.3872,-1.9425,6.91633,0,
-10.4617,-1.9500,6.91650,0,
-10.5733,-1.9600,6.91667,0,
-10.6478,-1.9675,6.91683,0,
-10.7223,-1.9775,6.91700,0,
-10.8340,-1.9850,6.91717,0,
-10.9084,-1.9925,6.91733,0,
-10.9829,-2.0025,6.91750,0,
-11.0201,-2.0100,6.91767,0,
-11.0946,-2.0175,6.91783,0,
-11.1318,-2.0275,6.91800,0,
-11.2063,-2.0350,6.91817,0,
-11.2435,-2.0425,6.91833,0,
-11.3179,-2.0500,6.91850,0,
-11.3924,-2.0575,6.91867,0,
-11.4296,-2.0650,6.91883,0,
-11.5041,-2.0750,6.91900,0,
-11.5413,-2.0825,6.91917,0,
-11.6158,-2.0900,6.91933,0,
-11.7275,-2.0975,6.91950,0,
-11.8019,-2.1050,6.91967,0,
-11.8392,-2.1150,6.91983,0,
-11.9136,-2.1225,6.92000,0,
-11.9509,-2.1300,6.92017,0,
-12.0253,-2.1400,6.92033,0,
-12.0625,-2.1475,6.92050,0,
-12.0998,-2.1575,6.92067,0,
-12.1742,-2.1650,6.92083,0,
-12.2115,-2.1725,6.92100,0,
-12.3232,-2.1800,6.92117,0,
-12.3604,-2.1900,6.92133,0,
-12.4348,-2.1975,6.92150,0,
-12.5093,-2.2050,6.92167,0,
-12.5838,-2.2150,6.92183,0,
-12.6210,-2.2225,6.92200,0,
-12.6955,-2.2300,6.92217,0,
-12.7699,-2.2375,6.92233,0,
-12.8444,-2.2475,6.92250,0,
-12.9188,-2.2550,6.92267,0,
-12.9561,-2.2625,6.92283,0,
-13.0305,-2.2700,6.92300,0,
-13.1050,-2.2800,6.92317,0,
-13.1422,-2.2875,6.92333,0,
-13.2167,-2.2950,6.92350,0,
-13.2911,-2.3050,6.92367,0,
-13.3656,-2.3125,6.92383,0,
-13.4401,-2.3225,6.92400,0,
-13.5145,-2.3300,6.92417,0,
-13.5890,-2.3375,6.92433,0,
-13.6634,-2.3475,6.92450,0,
-13.7751,-2.3550,6.92467,0,
-13.8496,-2.3625,6.92483,0,
-13.9240,-2.3700,6.92500,0,
-13.9985,-2.3775,6.92517,0,
-14.0357,-2.3875,6.92533,0,
-14.1102,-2.3950,6.92550,0,
-14.1847,-2.4025,6.92567,0,
-14.2219,-2.4100,6.92583,0,
-14.2591,-2.4175,6.92600,0,
-14.3336,-2.4275,6.92617,0,
-14.3708,-2.4350,6.92633,0,
-14.4080,-2.4425,6.92650,0,
-14.4453,-2.4525,6.92667,0,
-14.4825,-2.4600,6.92683,0,
-14.4825,-2.4675,6.92700,0,
-14.5197,-2.4775,6.92717,0,
-14.5197,-2.4850,6.92733,0,
-14.5570,-2.4925,6.92750,0,
-14.5942,-2.5025,6.92767,0,
-14.6314,-2.5100,6.92783,0,
-14.7059,-2.5175,6.92800,0,
-14.7803,-2.5250,6.92817,0,
-14.8176,-2.5350,6.92833,0,
-14.8920,-2.5425,6.92850,0,
-14.9665,-2.5500,6.92867,0,
-15.0410,-2.5600,6.92883,0,
-15.1154,-2.5675,6.92900,0,
-15.1899,-2.5750,6.92917,0,
-15.3016,-2.5850,6.92933,0,
-15.3760,-2.5925,6.92950,0,
-15.4877,-2.6000,6.92967,0,
-15.5622,-2.6100,6.92983,0,
-15.6366,-2.6175,6.93000,0,
-15.7483,-2.6250,6.93017,0,
-15.8600,-2.6350,6.93033,0,
-15.9717,-2.6425,6.93050,0,
-16.0089,-2.6525,6.93067,0,
-16.0834,-2.6600,6.93083,0,
-16.1206,-2.6700,6.93100,0,
-16.1951,-2.6775,6.93117,0,
-16.1951,-2.6850,6.93133,0,
-16.2695,-2.6925,6.93150,0,
-16.3440,-2.7025,6.93167,0,
-16.3440,-2.7100,6.93183,0,
-16.3812,-2.7175,6.93200,0,
-16.4557,-2.7275,6.93217,0,
-16.4929,-2.7350,6.93233,0,
-16.5302,-2.7425,6.93250,0,
-16.5674,-2.7500,6.93267,0,
-16.6046,-2.7600,6.93283,0,
-16.6418,-2.7675,6.93300,0,
-16.6791,-2.7750,6.93317,0,
-16.6791,-2.7850,6.93333,0,
-16.7163,-2.7925,6.93350,0,
-16.7535,-2.8000,6.93367,0,
-16.7908,-2.8100,6.93383,0,
-16.8280,-2.8175,6.93400,0,
-16.8652,-2.8250,6.93417,0,
-16.9025,-2.8350,6.93433,0,
-16.9025,-2.8425,6.93450,0,
-16.8652,-2.8525,6.93467,0,
-16.9025,-2.8600,6.93483,0,
-16.9397,-2.8700,6.93500,0,
-16.9769,-2.8775,6.93517,0,
-17.0141,-2.8850,6.93533,0,
-17.0886,-2.8950,6.93550,0,
-17.1258,-2.9025,6.93567,0,
-17.1631,-2.9100,6.93583,0,
-17.1631,-2.9175,6.93600,0,
-17.2003,-2.9275,6.93617,0,
-17.2003,-2.9350,6.93633,0,
-17.2375,-2.9425,6.93650,0,
-17.3120,-2.9525,6.93667,0,
-17.3120,-2.9600,6.93683,0,
-17.3864,-2.9675,6.93700,0,
-17.4237,-2.9775,6.93717,0,
-17.4981,-2.9850,6.93733,0,
-17.5354,-2.9950,6.93750,0,
-17.5726,-3.0025,6.93767,0,
-17.6098,-3.0100,6.93783,0,
-17.6471,-3.0200,6.93800,0,
-17.6843,-3.0275,6.93817,0,
-17.6843,-3.0350,6.93833,0,
-17.7215,-3.0425,6.93850,0,
-17.7587,-3.0525,6.93867,0,
-17.8332,-3.0600,6.93883,0,
-17.8704,-3.0675,6.93900,0,
-17.9077,-3.0750,6.93917,0,
-17.9821,-3.0850,6.93933,0,
-18.0194,-3.0925,6.93950,0,
-18.0566,-3.1000,6.93967,0,
-18.0938,-3.1075,6.93983,0,
-18.1683,-3.1175,6.94000,0,
-18.2055,-3.1250,6.94017,0,
-18.2800,-3.1350,6.94033,0,
-18.3172,-3.1425,6.94050,0,
-18.3917,-3.1525,6.94067,0,
-18.4289,-3.1600,6.94083,0,
-18.5033,-3.1700,6.94100,0,
-18.5406,-3.1775,6.94117,0,
-18.5778,-3.1850,6.94133,0,
-18.6523,-3.1950,6.94150,0,
-18.6895,-3.2025,6.94167,0,
-18.7267,-3.2100,6.94183,0,
-18.7640,-3.2200,6.94200,0,
-18.8012,-3.2275,6.94217,0,
-18.8384,-3.2350,6.94233,0,
-18.8384,-3.2425,6.94250,0,
-18.8384,-3.2525,6.94267,0,
-18.8012,-3.2600,6.94283,0,
-18.7640,-3.2675,6.94300,0,
-18.8012,-3.2775,6.94317,0,
-18.8384,-3.2850,6.94333,0,
-18.8757,-3.2925,6.94350,0,
-18.8757,-3.3025,6.94367,0,
-18.9129,-3.3100,6.94383,0,
-18.9501,-3.3200,6.94400,0,
-18.9873,-3.3275,6.94417,0,
-19.0618,-3.3375,6.94433,0,
-19.1363,-3.3450,6.94450,0,
-19.1735,-3.3525,6.94467,0,
-19.2107,-3.3600,6.94483,0,
-19.2852,-3.3700,6.94500,0,
-19.3224,-3.3775,6.94517,0,
-19.3224,-3.3850,6.94533,0,
-19.3224,-3.3925,6.94550,0,
-19.3224,-3.4000,6.94567,0,
-19.3596,-3.4100,6.94583,0,
-19.3969,-3.4175,6.94600,0,
-19.4341,-3.4250,6.94617,0,
-19.5086,-3.4325,6.94633,0,
-19.5086,-3.4425,6.94650,0,
-19.3969,-3.4500,6.94667,0,
-19.3969,-3.4575,6.94683,0,
-19.4341,-3.4675,6.94700,0,
-19.4713,-3.4750,6.94717,0,
-19.5086,-3.4850,6.94733,0,
-19.5830,-3.4925,6.94750,0,
-19.6203,-3.5000,6.94767,0,
-19.6947,-3.5100,6.94783,0,
-19.7319,-3.5175,6.94800,0,
-19.7692,-3.5275,6.94817,0,
-19.7692,-3.5350,6.94833,0,
-19.8064,-3.5425,6.94850,0,
-19.8436,-3.5525,6.94867,0,
-19.8809,-3.5600,6.94883,0,
-19.9181,-3.5675,6.94900,0,
-19.9181,-3.5775,6.94917,0,
-19.9553,-3.5850,6.94933,0,
-19.9553,-3.5925,6.94950,0,
-19.8809,-3.6000,6.94967,0,
-19.8436,-3.6100,6.94983,0,
-19.8809,-3.6175,6.95000,0,
-19.8809,-3.6275,6.95017,0,
-19.9553,-3.6350,6.95033,0,
-19.9553,-3.6425,6.95050,0,
-19.9926,-3.6525,6.95067,0,
-20.0298,-3.6600,6.95083,0,
-20.0298,-3.6700,6.95100,0,
-20.0670,-3.6775,6.95117,0,
-20.1042,-3.6850,6.95133,0,
-20.1415,-3.6950,6.95150,0,
-20.2159,-3.7025,6.95167,0,
-20.2159,-3.7100,6.95183,0,
-20.2159,-3.7175,6.95200,0,
-20.2159,-3.7275,6.95217,0,
-20.2159,-3.7350,6.95233,0,
-20.2532,-3.7425,6.95250,0,
-20.2904,-3.7500,6.95267,0,
-20.2904,-3.7600,6.95283,0,
-20.3276,-3.7675,6.95300,0,
-20.3649,-3.7750,6.95317,0,
-20.4021,-3.7850,6.95333,0,
-20.4021,-3.7925,6.95350,0,
-20.4021,-3.8000,6.95367,0,
-20.4021,-3.8100,6.95383,0,
-20.4393,-3.8175,6.95400,0,
-20.4765,-3.8275,6.95417,0,
-20.4765,-3.8350,6.95433,0,
-20.4765,-3.8425,6.95450,0,
-20.5138,-3.8525,6.95467,0,
-20.5138,-3.8600,6.95483,0,
-20.5138,-3.8700,6.95500,0,
-20.5138,-3.8775,6.95517,0,
-20.4765,-3.8850,6.95533,0,
-20.4393,-3.8950,6.95550,0,
-20.4393,-3.9025,6.95567,0,
-20.4393,-3.9100,6.95583,0,
-20.4393,-3.9175,6.95600,0,
-20.4393,-3.9275,6.95617,0,
-20.4393,-3.9350,6.95633,0,
-20.4765,-3.9425,6.95650,0,
-20.4765,-3.9525,6.95667,0,
-20.4765,-3.9600,6.95683,0,
-20.4765,-3.9700,6.95700,0,
-20.5138,-3.9775,6.95717,0,
-20.4765,-3.9875,6.95733,0,
-20.4765,-3.9950,6.95750,0,
-20.4765,-4.0050,6.95767,0,
-20.5138,-4.0125,6.95783,0,
-20.5510,-4.0200,6.95800,0,
-20.5510,-4.0300,6.95817,0,
-20.5510,-4.0375,6.95833,0,
-20.4765,-4.0450,6.95850,0,
-20.5138,-4.0525,6.95867,0,
-20.5138,-4.0625,6.95883,0,
-20.5138,-4.0700,6.95900,0,
-20.4765,-4.0775,6.95917,0,
-20.4393,-4.0875,6.95933,0,
-20.3649,-4.0950,6.95950,0,
-20.3649,-4.1025,6.95967,0,
-20.3276,-4.1125,6.95983,0,
-20.2904,-4.1200,6.96000,0,
-20.2532,-4.1275,6.96017,0,
-20.2532,-4.1375,6.96033,0,
-20.2532,-4.1450,6.96050,0,
-20.2532,-4.1525,6.96067,0,
-20.2904,-4.1625,6.96083,0,
-20.2904,-4.1700,6.96100,0,
-20.3276,-4.1800,6.96117,0,
-20.3276,-4.1875,6.96133,0,
-20.3649,-4.1950,6.96150,0,
-20.3276,-4.2050,6.96167,0,
-20.2904,-4.2125,6.96183,0,
-20.2904,-4.2200,6.96200,0,
-20.2904,-4.2300,6.96217,0,
-20.2532,-4.2375,6.96233,0,
-20.2532,-4.2450,6.96250,0,
-20.2159,-4.2525,6.96267,0,
-20.2159,-4.2600,6.96283,0,
-20.2532,-4.2700,6.96300,0,
-20.2532,-4.2775,6.96317,0,
-20.2904,-4.2875,6.96333,0,
-20.3276,-4.2950,6.96350,0,
-20.3276,-4.3025,6.96367,0,
-20.3649,-4.3125,6.96383,0,
-20.3649,-4.3200,6.96400,0,
-20.4021,-4.3275,6.96417,0,
-20.4021,-4.3375,6.96433,0,
-20.4393,-4.3450,6.96450,0,
-20.4393,-4.3525,6.96467,0,
-20.4393,-4.3625,6.96483,0,
-20.4765,-4.3700,6.96500,0,
-20.4765,-4.3775,6.96517,0,
-20.5138,-4.3850,6.96533,0,
-20.5138,-4.3950,6.96550,0,
-20.5510,-4.4025,6.96567,0,
-20.6255,-4.4100,6.96583,0,
-20.6999,-4.4175,6.96600,0,
-20.7744,-4.4250,6.96617,0,
-20.8116,-4.4350,6.96633,0,
-20.8861,-4.4425,6.96650,0,
-20.9605,-4.4525,6.96667,0,
-20.9605,-4.4600,6.96683,0,
-20.9978,-4.4675,6.96700,0,
-20.9978,-4.4750,6.96717,0,
-21.0722,-4.4850,6.96733,0,
-21.0722,-4.4925,6.96750,0,
-21.1095,-4.5000,6.96767,0,
-21.1467,-4.5100,6.96783,0,
-21.1839,-4.5175,6.96800,0,
-21.2211,-4.5275,6.96817,0,
-21.2584,-4.5350,6.96833,0,
-21.2956,-4.5425,6.96850,0,
-21.3328,-4.5525,6.96867,0,
-21.3701,-4.5600,6.96883,0,
-21.3701,-4.5675,6.96900,0,
-21.3701,-4.5750,6.96917,0,
-21.3701,-4.5825,6.96933,0,
-21.3328,-4.5925,6.96950,0,
-21.2584,-4.6000,6.96967,0,
-21.2584,-4.6075,6.96983,0,
-21.1839,-4.6150,6.97000,0,
-21.1839,-4.6250,6.97017,0,
-21.2211,-4.6325,6.97033,0,
-21.2584,-4.6400,6.97050,0,
-21.2584,-4.6500,6.97067,0,
-21.2956,-4.6575,6.97083,0,
-21.3328,-4.6650,6.97100,0,
-21.3701,-4.6750,6.97117,0,
-21.4073,-4.6825,6.97133,0,
-21.4445,-4.6900,6.97150,0,
-21.4818,-4.7000,6.97167,0,
-21.4818,-4.7075,6.97183,0,
-21.4818,-4.7150,6.97200,0,
-21.5190,-4.7225,6.97217,0,
-21.5562,-4.7325,6.97233,0,
-21.5562,-4.7400,6.97250,0,
-21.5190,-4.7475,6.97267,0,
-21.4445,-4.7550,6.97283,0,
-21.4445,-4.7650,6.97300,0,
-21.4073,-4.7725,6.97317,0,
-21.4445,-4.7800,6.97333,0,
-21.4818,-4.7900,6.97350,0,
-21.5190,-4.7975,6.97367,0,
-21.5934,-4.8050,6.97383,0,
-21.5934,-4.8150,6.97400,0,
-21.5934,-4.8225,6.97417,0,
-21.5934,-4.8300,6.97433,0,
-21.5934,-4.8400,6.97450,0,
-21.6307,-4.8475,6.97467,0,
-21.6307,-4.8575,6.97483,0,
-21.6307,-4.8650,6.97500,0,
-21.5934,-4.8725,6.97517,0,
-21.5562,-4.8825,6.97533,0,
-21.5190,-4.8900,6.97550,0,
-21.5190,-4.8975,6.97567,0,
-21.5190,-4.9075,6.97583,0,
-21.5562,-4.9150,6.97600,0,
-21.5562,-4.9225,6.97617,0,
-21.5562,-4.9300,6.97633,0,
-21.5562,-4.9400,6.97650,0,
-21.4818,-4.9475,6.97667,0,
-21.4073,-4.9575,6.97683,0,
-21.3328,-4.9650,6.97700,0,
-21.2956,-4.9725,6.97717,0,
-21.2584,-4.9825,6.97733,0,
-21.2211,-4.9900,6.97750,0,
-21.1839,-5.0000,6.97767,0,
-21.1095,-5.0075,6.97783,0,
-21.1095,-5.0150,6.97800,0,
-21.0722,-5.0250,6.97817,0,
-21.0722,-5.0325,6.97833,0,
-21.0350,-5.0400,6.97850,0,
-20.9978,-5.0475,6.97867,0,
-20.9605,-5.0575,6.97883,0,
-20.9233,-5.0650,6.97900,0,
-20.8861,-5.0725,6.97917,0,
-20.8488,-5.0800,6.97933,0,
-20.8488,-5.0900,6.97950,0,
-20.8116,-5.0975,6.97967,0,
-20.8116,-5.1050,6.97983,0,
-20.8116,-5.1150,6.98000,0,
-20.8116,-5.1225,6.98017,0,
-20.8116,-5.1300,6.98033,0,
-20.8488,-5.1400,6.98050,0,
-20.8488,-5.1475,6.98067,0,
-20.8488,-5.1550,6.98083,0,
-20.8488,-5.1650,6.98100,0,
-20.8488,-5.1750,6.98117,0,
-20.8861,-5.1825,6.98133,0,
-20.8861,-5.1900,6.98150,0,
-20.8861,-5.2000,6.98167,0,
-20.8861,-5.2075,6.98183,0,
-20.8861,-5.2150,6.98200,0,
-20.8861,-5.2225,6.98217,0,
-20.8488,-5.2300,6.98233,0,
-20.8861,-5.2400,6.98250,0,
-20.8861,-5.2475,6.98267,0,
-20.9233,-5.2550,6.98283,0,
-20.9233,-5.2625,6.98300,0,
-20.9605,-5.2700,6.98317,0,
-20.9605,-5.2800,6.98333,0,
-20.9978,-5.2875,6.98350,0,
-20.9978,-5.2950,6.98367,0,
-21.0350,-5.3050,6.98383,0,
-21.0350,-5.3125,6.98400,0,
-21.0350,-5.3225,6.98417,0,
-21.0722,-5.3300,6.98433,0,
-21.1095,-5.3400,6.98450,0,
-21.1467,-5.3475,6.98467,0,
-21.1839,-5.3550,6.98483,0,
-21.2211,-5.3650,6.98500,0,
-21.2211,-5.3725,6.98517,0,
-21.1839,-5.3800,6.98533,0,
-21.1467,-5.3875,6.98550,0,
-21.1467,-5.3975,6.98567,0,
-21.1467,-5.4050,6.98583,0,
-21.1467,-5.4125,6.98600,0,
-21.1095,-5.4200,6.98617,0,
-21.1095,-5.4300,6.98633,0,
-21.1095,-5.4375,6.98650,0,
-21.1467,-5.4475,6.98667,0,
-21.1095,-5.4550,6.98683,0,
-21.1095,-5.4625,6.98700,0,
-21.1467,-5.4725,6.98717,0,
-21.1467,-5.4800,6.98733,0,
-21.1467,-5.4875,6.98750,0,
-21.1839,-5.4975,6.98767,0,
-21.1839,-5.5050,6.98783,0,
-21.1467,-5.5150,6.98800,0,
-21.1095,-5.5225,6.98817,0,
-21.1095,-5.5300,6.98833,0,
-21.1095,-5.5400,6.98850,0,
-21.1095,-5.5475,6.98867,0,
-21.1095,-5.5550,6.98883,0,
-21.1095,-5.5650,6.98900,0,
-21.1095,-5.5725,6.98917,0,
-21.1095,-5.5800,6.98933,0,
-21.1095,-5.5875,6.98950,0,
-21.1095,-5.5975,6.98967,0,
-21.1095,-5.6050,6.98983,0,
-21.1467,-5.6125,6.99000,0,
-21.1095,-5.6225,6.99017,0,
-21.1095,-5.6300,6.99033,0,
-21.1095,-5.6400,6.99050,0,
-21.1095,-5.6475,6.99067,0,
-21.1095,-5.6550,6.99083,0,
-21.1095,-5.6650,6.99100,0,
-21.1095,-5.6725,6.99117,0,
-21.1095,-5.6800,6.99133,0,
-21.1095,-5.6900,6.99150,0,
-21.1095,-5.6975,6.99167,0,
-21.1095,-5.7050,6.99183,0,
-21.1467,-5.7125,6.99200,0,
-21.1467,-5.7225,6.99217,0,
-21.1095,-5.7300,6.99233,0,
-21.0722,-5.7375,6.99250,0,
-21.0722,-5.7475,6.99267,0,
-21.0722,-5.7550,6.99283,0,
-21.0722,-5.7625,6.99300,0,
-21.0722,-5.7725,6.99317,0,
-21.1095,-5.7800,6.99333,0,
-21.1467,-5.7900,6.99350,0,
-21.1095,-5.7975,6.99367,0,
-21.1467,-5.8050,6.99383,0,
-21.1095,-5.8150,6.99400,0,
-21.1095,-5.8225,6.99417,0,
-21.1095,-5.8300,6.99433,0,
-21.1467,-5.8400,6.99450,0,
-21.1467,-5.8475,6.99467,0,
-21.1467,-5.8550,6.99483,0,
-21.1467,-5.8650,6.99500,0,
-21.1467,-5.8725,6.99517,0,
-21.1095,-5.8800,6.99533,0,
-21.0722,-5.8900,6.99550,0,
-20.9978,-5.8975,6.99567,0,
-20.9233,-5.9050,6.99583,0,
-20.8861,-5.9125,6.99600,0,
-20.8116,-5.9225,6.99617,0,
-20.7744,-5.9300,6.99633,0,
-20.7372,-5.9375,6.99650,0,
-20.6999,-5.9475,6.99667,0,
-20.6627,-5.9550,6.99683,0,
-20.5882,-5.9625,6.99700,0,
-20.5510,-5.9725,6.99717,0,
-20.5138,-5.9800,6.99733,0,
-20.5138,-5.9900,6.99750,0,
-20.5138,-5.9975,6.99767,0,
-20.4765,-6.0075,6.99783,0,
-20.5138,-6.0150,6.99800,0,
-20.5138,-6.0225,6.99817,0,
-20.5138,-6.0325,6.99833,0,
-20.5138,-6.0400,6.99850,0,
-20.5882,-6.0475,6.99867,0,
-20.6255,-6.0575,6.99883,0,
-20.6999,-6.0650,6.99900,0,
-20.7372,-6.0725,6.99917,0,
-20.7744,-6.0800,6.99933,0,
-20.8116,-6.0875,6.99950,0,
-20.8861,-6.0975,6.99967,0,
-20.9233,-6.1050,6.99983,0,
-20.9605,-6.1150,7.00000,0,
-20.9978,-6.1225,7.00017,0,
-20.9978,-6.1300,7.00033,0,
-20.9978,-6.1400,7.00050,0,
-20.9605,-6.1475,7.00067,0,
-20.8488,-6.1575,7.00083,0,
-20.8116,-6.1650,7.00100,0,
-20.7744,-6.1725,7.00117,0,
-20.7372,-6.1825,7.00133,0,
-20.6999,-6.1900,7.00150,0,
-20.6627,-6.1975,7.00167,0,
-20.6627,-6.2075,7.00183,0,
-20.6255,-6.2150,7.00200,0,
-20.6255,-6.2225,7.00217,0,
-20.6255,-6.2325,7.00233,0,
-20.5882,-6.2400,7.00250,0,
-20.5882,-6.2475,7.00267,0,
-20.6255,-6.2550,7.00283,0,
-20.6255,-6.2625,7.00300,0,
-20.5138,-6.2725,7.00317,0,
-20.2904,-6.2800,7.00333,0,
-20.2532,-6.2900,7.00350,0,
-20.2532,-6.2975,7.00367,0,
-20.2159,-6.3050,7.00383,0,
-20.2159,-6.3150,7.00400,0,
-20.2159,-6.3225,7.00417,0,
-20.2159,-6.3300,7.00433,0,
-20.2159,-6.3400,7.00450,0,
-20.2159,-6.3475,7.00467,0,
-20.2159,-6.3550,7.00483,0,
-20.1787,-6.3650,7.00500,0,
-20.1787,-6.3725,7.00517,0,
-20.1787,-6.3800,7.00533,0,
-20.1415,-6.3900,7.00550,0,
-20.1787,-6.3975,7.00567,0,
-20.2159,-6.4050,7.00583,0,
-20.2532,-6.4125,7.00600,0,
-20.2532,-6.4225,7.00617,0,
-20.1787,-6.4300,7.00633,0,
-20.1787,-6.4375,7.00650,0,
-20.2159,-6.4475,7.00667,0,
-20.2159,-6.4550,7.00683,0,
-20.2532,-6.4625,7.00700,0,
-20.2532,-6.4725,7.00717,0,
-20.2159,-6.4800,7.00733,0,
-20.1787,-6.4875,7.00750,0,
-20.1787,-6.4975,7.00767,0,
-20.1787,-6.5050,7.00783,0,
-20.1415,-6.5125,7.00800,0,
-20.1042,-6.5225,7.00817,0,
-20.1042,-6.5300,7.00833,0,
-20.1042,-6.5375,7.00850,0,
-20.0670,-6.5475,7.00867,0,
-20.0670,-6.5550,7.00883,0,
-20.1042,-6.5625,7.00900,0,
-20.1415,-6.5700,7.00917,0,
-20.1787,-6.5800,7.00933,0,
-20.2159,-6.5875,7.00950,0,
-20.2159,-6.5950,7.00967,0,
-20.2904,-6.6050,7.00983,0,
-20.2904,-6.6125,7.01000,0,
-20.2904,-6.6225,7.01017,0,
-20.2904,-6.6300,7.01033,0,
-20.2904,-6.6375,7.01050,0,
-20.2904,-6.6475,7.01067,0,
-20.2532,-6.6550,7.01083,0,
-20.2532,-6.6650,7.01100,0,
-20.2532,-6.6725,7.01117,0,
-20.2159,-6.6800,7.01133,0,
-20.2159,-6.6875,7.01150,0,
-20.2159,-6.6975,7.01167,0,
-20.2159,-6.7050,7.01183,0,
-20.1787,-6.7125,7.01200,0,
-20.1787,-6.7200,7.01217,0,
-20.1415,-6.7300,7.01233,0,
-20.1042,-6.7375,7.01250,0,
-20.1042,-6.7450,7.01267,0,
-20.0670,-6.7525,7.01283,0,
-20.0298,-6.7625,7.01300,0,
-20.0298,-6.7700,7.01317,0,
-19.9553,-6.7800,7.01333,0,
-19.8809,-6.7875,7.01350,0,
-19.8064,-6.7950,7.01367,0,
-19.7692,-6.8050,7.01383,0,
-19.7319,-6.8125,7.01400,0,
-19.6947,-6.8225,7.01417,0,
-19.6575,-6.8300,7.01433,0,
-19.6575,-6.8375,7.01450,0,
-19.5830,-6.8475,7.01467,0,
-19.5086,-6.8550,7.01483,0,
-19.4341,-6.8650,7.01500,0,
-19.3596,-6.8725,7.01517,0,
-19.3224,-6.8800,7.01533,0,
-19.2852,-6.8875,7.01550,0,
-19.2852,-6.8975,7.01567,0,
-19.2852,-6.9050,7.01583,0,
-19.2480,-6.9125,7.01600,0,
-19.2480,-6.9225,7.01617,0,
-19.2480,-6.9300,7.01633,0,
-19.2480,-6.9375,7.01650,0,
-19.2107,-6.9475,7.01667,0,
-19.1735,-6.9550,7.01683,0,
-19.1363,-6.9625,7.01700,0,
-19.1363,-6.9725,7.01717,0,
-19.0990,-6.9800,7.01733,0,
-19.0618,-6.9900,7.01750,0,
-19.0246,-6.9975,7.01767,0,
-19.0246,-7.0050,7.01783,0,
-19.0246,-7.0150,7.01800,0,
-19.0246,-7.0225,7.01817,0,
-19.0246,-7.0300,7.01833,0,
-18.9873,-7.0375,7.01850,0,
-18.9873,-7.0475,7.01867,0,
-18.9873,-7.0550,7.01883,0,
-18.9873,-7.0625,7.01900,0,
-18.9501,-7.0700,7.01917,0,
-18.9873,-7.0800,7.01933,0,
-18.9501,-7.0875,7.01950,0,
-18.9501,-7.0950,7.01967,0,
-18.9873,-7.1050,7.01983,0,
-18.9873,-7.1125,7.02000,0,
-18.9501,-7.1200,7.02017,0,
-18.9501,-7.1300,7.02033,0,
-18.9129,-7.1375,7.02050,0,
-18.9129,-7.1475,7.02067,0,
-18.9129,-7.1550,7.02083,0,
-18.9129,-7.1625,7.02100,0,
-18.8757,-7.1725,7.02117,0,
-18.8384,-7.1800,7.02133,0,
-18.8012,-7.1875,7.02150,0,
-18.7267,-7.1975,7.02167,0,
-18.6895,-7.2050,7.02183,0,
-18.6523,-7.2150,7.02200,0,
-18.6150,-7.2225,7.02217,0,
-18.5778,-7.2300,7.02233,0,
-18.5406,-7.2375,7.02250,0,
-18.5033,-7.2475,7.02267,0,
-18.5033,-7.2550,7.02283,0,
-18.4661,-7.2625,7.02300,0,
-18.4661,-7.2725,7.02317,0,
-18.4661,-7.2800,7.02333,0,
-18.4661,-7.2900,7.02350,0,
-18.4661,-7.2975,7.02367,0,
-18.4661,-7.3050,7.02383,0,
-18.4661,-7.3150,7.02400,0,
-18.4661,-7.3225,7.02417,0,
-18.4661,-7.3325,7.02433,0,
-18.4661,-7.3400,7.02450,0,
-18.4289,-7.3475,7.02467,0,
-18.4661,-7.3550,7.02483,0,
-18.4661,-7.3650,7.02500,0,
-18.4661,-7.3725,7.02517,0,
-18.4289,-7.3800,7.02533,0,
-18.3917,-7.3875,7.02550,0,
-18.3544,-7.3975,7.02567,0,
-18.3544,-7.4050,7.02583,0,
-18.3172,-7.4125,7.02600,0,
-18.3172,-7.4225,7.02617,0,
-18.2800,-7.4300,7.02633,0,
-18.2800,-7.4375,7.02650,0,
-18.2427,-7.4475,7.02667,0,
-18.2427,-7.4550,7.02683,0,
-18.2427,-7.4650,7.02700,0,
-18.2427,-7.4725,7.02717,0,
-18.2055,-7.4825,7.02733,0,
-18.1683,-7.4900,7.02750,0,
-18.2055,-7.4975,7.02767,0,
-18.2055,-7.5075,7.02783,0,
-18.2055,-7.5150,7.02800,0,
-18.2055,-7.5225,7.02817,0,
-18.2427,-7.5325,7.02833,0,
-18.2427,-7.5400,7.02850,0,
-18.2427,-7.5475,7.02867,0,
-18.2800,-7.5575,7.02883,0,
-18.2800,-7.5650,7.02900,0,
-18.2427,-7.5725,7.02917,0,
-18.2055,-7.5825,7.02933,0,
-18.2055,-7.5900,7.02950,0,
-18.2055,-7.5975,7.02967,0,
-18.1683,-7.6075,7.02983,0,
-18.1311,-7.6150,7.03000,0,
-18.1311,-7.6250,7.03017,0,
-18.1311,-7.6325,7.03033,0,
-18.1683,-7.6400,7.03050,0,
-18.1683,-7.6500,7.03067,0,
-18.1683,-7.6575,7.03083,0,
-18.2055,-7.6675,7.03100,0,
-18.2055,-7.6750,7.03117,0,
-18.2427,-7.6825,7.03133,0,
-18.2800,-7.6925,7.03150,0,
-18.2800,-7.7000,7.03167,0,
-18.2800,-7.7075,7.03183,0,
-18.2427,-7.7150,7.03200,0,
-18.2427,-7.7250,7.03217,0,
-18.2427,-7.7325,7.03233,0,
-18.2427,-7.7400,7.03250,0,
-18.2427,-7.7475,7.03267,0,
-18.2427,-7.7575,7.03283,0,
-18.2055,-7.7650,7.03300,0,
-18.2055,-7.7750,7.03317,0,
-18.2427,-7.7825,7.03333,0,
-18.2427,-7.7925,7.03350,0,
-18.2055,-7.8000,7.03367,0,
-18.1683,-7.8075,7.03383,0,
-18.1683,-7.8175,7.03400,0,
-18.1311,-7.8250,7.03417,0,
-18.1311,-7.8350,7.03433,0,
-18.0938,-7.8425,7.03450,0,
-18.0194,-7.8525,7.03467,0,
-17.9449,-7.8600,7.03483,0,
-17.8704,-7.8700,7.03500,0,
-17.8332,-7.8775,7.03517,0,
-17.7960,-7.8850,7.03533,0,
-17.7587,-7.8950,7.03550,0,
-17.7587,-7.9025,7.03567,0,
-17.7215,-7.9100,7.03583,0,
-17.7215,-7.9200,7.03600,0,
-17.7215,-7.9275,7.03617,0,
-17.7215,-7.9350,7.03633,0,
-17.6843,-7.9450,7.03650,0,
-17.6471,-7.9525,7.03667,0,
-17.6098,-7.9600,7.03683,0,
-17.5726,-7.9700,7.03700,0,
-17.6098,-7.9775,7.03717,0,
-17.5726,-7.9875,7.03733,0,
-17.5726,-7.9950,7.03750,0,
-17.5726,-8.0050,7.03767,0,
-17.5726,-8.0125,7.03783,0,
-17.5354,-8.0200,7.03800,0,
-17.5354,-8.0300,7.03817,0,
-17.4981,-8.0375,7.03833,0,
-17.4609,-8.0450,7.03850,0,
-17.4237,-8.0550,7.03867,0,
-17.3864,-8.0625,7.03883,0,
-17.3864,-8.0700,7.03900,0,
-17.3492,-8.0775,7.03917,0,
-17.3492,-8.0875,7.03933,0,
-17.3120,-8.0950,7.03950,0,
-17.2748,-8.1025,7.03967,0,
-17.2748,-8.1125,7.03983,0,
-17.2003,-8.1200,7.04000,0,
-17.1631,-8.1300,7.04017,0,
-17.1631,-8.1375,7.04033,0,
-17.1258,-8.1475,7.04050,0,
-17.0886,-8.1550,7.04067,0,
-17.0886,-8.1650,7.04083,0,
-17.0514,-8.1725,7.04100,0,
-17.0514,-8.1825,7.04117,0,
-17.0141,-8.1900,7.04133,0,
-17.0141,-8.1975,7.04150,0,
-16.9769,-8.2075,7.04167,0,
-16.9769,-8.2150,7.04183,0,
-16.9769,-8.2225,7.04200,0,
-16.9397,-8.2300,7.04217,0,
-16.9397,-8.2400,7.04233,0,
-16.9397,-8.2475,7.04250,0,
-16.9397,-8.2550,7.04267,0,
-16.9025,-8.2650,7.04283,0,
-16.8652,-8.2725,7.04300,0,
-16.8652,-8.2825,7.04317,0,
-16.8280,-8.2900,7.04333,0,
-16.8280,-8.2975,7.04350,0,
-16.8280,-8.3075,7.04367,0,
-16.8280,-8.3150,7.04383,0,
-16.8280,-8.3250,7.04400,0,
-16.8280,-8.3325,7.04417,0,
-16.8652,-8.3425,7.04433,0,
-16.8652,-8.3500,7.04450,0,
-16.8652,-8.3575,7.04467,0,
-16.8280,-8.3675,7.04483,0,
-16.8280,-8.3750,7.04500,0,
-16.8280,-8.3825,7.04517,0,
-16.8280,-8.3900,7.04533,0,
-16.8280,-8.4000,7.04550,0,
-16.7908,-8.4075,7.04567,0,
-16.7908,-8.4150,7.04583,0,
-16.7908,-8.4225,7.04600,0,
-16.7535,-8.4325,7.04617,0,
-16.7535,-8.4400,7.04633,0,
-16.7535,-8.4500,7.04650,0,
-16.7163,-8.4575,7.04667,0,
-16.7163,-8.4650,7.04683,0,
-16.6791,-8.4750,7.04700,0,
-16.6791,-8.4825,7.04717,0,
-16.6791,-8.4925,7.04733,0,
-16.6791,-8.5000,7.04750,0,
-16.6418,-8.5100,7.04767,0,
-16.6418,-8.5175,7.04783,0,
-16.6046,-8.5275,7.04800,0,
-16.6046,-8.5350,7.04817,0,
-16.5674,-8.5425,7.04833,0,
-16.5674,-8.5525,7.04850,0,
-16.5674,-8.5600,7.04867,0,
-16.6046,-8.5675,7.04883,0,
-16.6046,-8.5750,7.04900,0,
-16.6046,-8.5850,7.04917,0,
-16.5674,-8.5925,7.04933,0,
-16.5674,-8.6000,7.04950,0,
-16.5302,-8.6075,7.04967,0,
-16.4929,-8.6175,7.04983,0,
-16.4929,-8.6250,7.05000,0,
-16.4557,-8.6325,7.05017,0,
-16.4557,-8.6425,7.05033,0,
-16.4185,-8.6500,7.05050,0,
-16.3812,-8.6600,7.05067,0,
-16.3812,-8.6675,7.05083,0,
-16.3812,-8.6775,7.05100,0,
-16.3440,-8.6850,7.05117,0,
-16.3068,-8.6925,7.05133,0,
-16.2695,-8.7025,7.05150,0,
-16.2695,-8.7100,7.05167,0,
-16.2695,-8.7175,7.05183,0,
-16.2695,-8.7250,7.05200,0,
-16.1951,-8.7350,7.05217,0,
-16.1951,-8.7425,7.05233,0,
-16.1579,-8.7500,7.05250,0,
-16.1206,-8.7575,7.05267,0,
-16.0834,-8.7650,7.05283,0,
-16.0834,-8.7750,7.05300,0,
-16.0462,-8.7825,7.05317,0,
-16.0089,-8.7925,7.05333,0,
-16.0089,-8.8000,7.05350,0,
-16.0089,-8.8075,7.05367,0,
-15.9717,-8.8175,7.05383,0,
-15.9717,-8.8250,7.05400,0,
-15.9717,-8.8350,7.05417,0,
-15.9345,-8.8425,7.05433,0,
-15.9345,-8.8500,7.05450,0,
-15.9345,-8.8600,7.05467,0,
-15.9345,-8.8675,7.05483,0,
-15.9717,-8.8775,7.05500,0,
-15.9717,-8.8850,7.05517,0,
-15.9717,-8.8925,7.05533,0,
-15.9345,-8.9000,7.05550,0,
-15.9345,-8.9075,7.05567,0,
-15.8972,-8.9175,7.05583,0,
-15.8972,-8.9250,7.05600,0,
-15.8600,-8.9325,7.05617,0,
-15.8600,-8.9425,7.05633,0,
-15.8228,-8.9500,7.05650,0,
-15.7856,-8.9575,7.05667,0,
-15.7856,-8.9675,7.05683,0,
-15.7483,-8.9750,7.05700,0,
-15.7111,-8.9850,7.05717,0,
-15.7111,-8.9925,7.05733,0,
-15.6739,-9.0025,7.05750,0,
-15.6366,-9.0100,7.05767,0,
-15.6366,-9.0175,7.05783,0,
-15.5994,-9.0275,7.05800,0,
-15.5994,-9.0350,7.05817,0,
-15.5994,-9.0425,7.05833,0,
-15.5622,-9.0500,7.05850,0,
-15.5622,-9.0600,7.05867,0,
-15.5249,-9.0675,7.05883,0,
-15.5249,-9.0750,7.05900,0,
-15.5249,-9.0825,7.05917,0,
-15.5249,-9.0925,7.05933,0,
-15.5249,-9.1000,7.05950,0,
-15.4877,-9.1075,7.05967,0,
-15.4877,-9.1175,7.05983,0,
-15.4877,-9.1250,7.06000,0,
-15.4505,-9.1350,7.06017,0,
-15.4505,-9.1425,7.06033,0,
-15.4505,-9.1500,7.06050,0,
-15.4505,-9.1600,7.06067,0,
-15.4505,-9.1675,7.06083,0,
-15.4133,-9.1750,7.06100,0,
-15.4133,-9.1850,7.06117,0,
-15.3760,-9.1925,7.06133,0,
-15.3760,-9.2000,7.06150,0,
-15.3388,-9.2100,7.06167,0,
-15.3388,-9.2175,7.06183,0,
-15.3016,-9.2250,7.06200,0,
-15.3016,-9.2325,7.06217,0,
-15.2643,-9.2425,7.06233,0,
-15.2643,-9.2500,7.06250,0,
-15.2271,-9.2575,7.06267,0,
-15.2271,-9.2675,7.06283,0,
-15.2271,-9.2750,7.06300,0,
-15.2271,-9.2825,7.06317,0,
-15.1899,-9.2925,7.06333,0,
-15.1899,-9.3000,7.06350,0,
-15.1899,-9.3100,7.06367,0,
-15.1899,-9.3175,7.06383,0,
-15.1899,-9.3275,7.06400,0,
-15.1526,-9.3350,7.06417,0,
-15.1526,-9.3450,7.06433,0,
-15.1526,-9.3525,7.06450,0,
-15.1154,-9.3625,7.06467,0,
-15.1154,-9.3700,7.06483,0,
-15.0782,-9.3775,7.06500,0,
-15.0410,-9.3850,7.06517,0,
-15.0037,-9.3950,7.06533,0,
-15.0037,-9.4025,7.06550,0,
-14.9665,-9.4100,7.06567,0,
-14.9665,-9.4200,7.06583,0,
-14.9293,-9.4275,7.06600,0,
-14.8920,-9.4350,7.06617,0,
-14.8920,-9.4450,7.06633,0,
-14.8920,-9.4525,7.06650,0,
-14.8920,-9.4625,7.06667,0,
-14.8548,-9.4700,7.06683,0,
-14.8548,-9.4800,7.06700,0,
-14.8548,-9.4875,7.06717,0,
-14.8176,-9.4975,7.06733,0,
-14.8176,-9.5050,7.06750,0,
-14.8176,-9.5150,7.06767,0,
-14.7803,-9.5225,7.06783,0,
-14.7803,-9.5325,7.06800,0,
-14.7431,-9.5400,7.06817,0,
-14.7431,-9.5475,7.06833,0,
-14.7431,-9.5575,7.06850,0,
-14.7059,-9.5650,7.06867,0,
-14.7059,-9.5725,7.06883,0,
-14.7059,-9.5800,7.06900,0,
-14.6687,-9.5900,7.06917,0,
-14.6687,-9.5975,7.06933,0,
-14.6687,-9.6050,7.06950,0,
-14.6314,-9.6150,7.06967,0,
-14.6314,-9.6225,7.06983,0,
-14.5942,-9.6300,7.07000,0,
-14.5942,-9.6400,7.07017,0,
-14.5570,-9.6475,7.07033,0,
-14.5570,-9.6575,7.07050,0,
-14.5197,-9.6650,7.07067,0,
-14.5197,-9.6750,7.07083,0,
-14.4825,-9.6825,7.07100,0,
-14.4825,-9.6900,7.07117,0,
-14.4825,-9.7000,7.07133,0,
-14.4453,-9.7075,7.07150,0,
-14.4453,-9.7150,7.07167,0,
-14.4453,-9.7225,7.07183,0,
-14.4080,-9.7325,7.07200,0,
-14.4080,-9.7400,7.07217,0,
-14.4080,-9.7475,7.07233,0,
-14.3708,-9.7550,7.07250,0,
-14.3708,-9.7650,7.07267,0,
-14.3336,-9.7725,7.07283,0,
-14.3336,-9.7800,7.07300,0,
-14.2964,-9.7900,7.07317,0,
-14.2964,-9.7975,7.07333,0,
-14.2964,-9.8050,7.07350,0,
-14.2964,-9.8150,7.07367,0,
-14.2591,-9.8225,7.07383,0,
-14.2591,-9.8325,7.07400,0,
-14.2591,-9.8400,7.07417,0,
-14.2219,-9.8475,7.07433,0,
-14.2219,-9.8575,7.07450,0,
-14.2219,-9.8650,7.07467,0,
-14.1847,-9.8725,7.07483,0,
-14.1847,-9.8825,7.07500,0,
-14.1847,-9.8900,7.07517,0,
-14.1474,-9.8975,7.07533,0,
-14.1474,-9.9050,7.07550,0,
-14.1474,-9.9150,7.07567,0,
-14.1102,-9.9225,7.07583,0,
-14.1102,-9.9300,7.07600,0,
-14.1102,-9.9375,7.07617,0,
-14.0730,-9.9475,7.07633,0,
-14.0730,-9.9550,7.07650,0,
-14.0730,-9.9625,7.07667,0,
-14.0730,-9.9725,7.07683,0,
-14.0730,-9.9800,7.07700,0,
-14.0730,-9.9900,7.07717,0,
-14.0357,-9.9975,7.07733,0,
-14.0357,-10.0075,7.07750,0,
-14.0357,-10.0150,7.07767,0,
-14.0357,-10.0225,7.07783,0,
-14.0357,-10.0325,7.07800,0,
-13.9985,-10.0400,7.07817,0,
-13.9985,-10.0475,7.07833,0,
-14.0357,-10.0550,7.07850,0,
-14.0357,-10.0625,7.07867,0,
-14.0357,-10.0700,7.07883,0,
-14.0357,-10.0800,7.07900,0,
-14.0357,-10.0875,7.07917,0,
-14.0357,-10.0950,7.07933,0,
-14.0357,-10.1050,7.07950,0,
-14.0357,-10.1125,7.07967,0,
-14.0357,-10.1225,7.07983,0,
-14.0357,-10.1300,7.08000,0,
-14.0357,-10.1375,7.08017,0,
-14.0357,-10.1475,7.08033,0,
-14.0357,-10.1550,7.08050,0,
-14.0357,-10.1625,7.08067,0,
-14.0730,-10.1725,7.08083,0,
-14.0730,-10.1800,7.08100,0,
-14.0730,-10.1900,7.08117,0,
-14.0730,-10.1975,7.08133,0,
-14.0730,-10.2050,7.08150,0,
-14.0730,-10.2125,7.08167,0,
-14.0730,-10.2225,7.08183,0,
-14.0730,-10.2300,7.08200,0,
-14.0730,-10.2375,7.08217,0,
-14.0730,-10.2450,7.08233,0,
-14.0730,-10.2550,7.08250,0,
-14.0730,-10.2625,7.08267,0,
-14.0730,-10.2700,7.08283,0,
-14.0730,-10.2775,7.08300,0,
-14.0730,-10.2875,7.08317,0,
-14.0730,-10.2950,7.08333,0,
-14.0730,-10.3050,7.08350,0,
-14.0730,-10.3125,7.08367,0,
-14.0357,-10.3200,7.08383,0,
-13.9985,-10.3300,7.08400,0,
-13.9985,-10.3375,7.08417,0,
-13.9985,-10.3475,7.08433,0,
-13.9985,-10.3550,7.08450,0,
-13.9985,-10.3625,7.08467,0,
-13.9613,-10.3725,7.08483,0,
-13.9613,-10.3800,7.08500,0,
-13.9240,-10.3875,7.08517,0,
-13.9240,-10.3950,7.08533,0,
-13.9240,-10.4050,7.08550,0,
-13.9240,-10.4125,7.08567,0,
-13.8868,-10.4200,7.08583,0,
-13.8496,-10.4275,7.08600,0,
-13.8496,-10.4375,7.08617,0,
-13.8496,-10.4450,7.08633,0,
-13.8496,-10.4550,7.08650,0,
-13.8496,-10.4625,7.08667,0,
-13.8496,-10.4700,7.08683,0,
-13.8496,-10.4800,7.08700,0,
-13.8496,-10.4875,7.08717,0,
-13.8496,-10.4975,7.08733,0,
-13.8868,-10.5050,7.08750,0,
-13.8868,-10.5125,7.08767,0,
-13.8496,-10.5225,7.08783,0,
-13.8496,-10.5300,7.08800,0,
-13.8496,-10.5400,7.08817,0,
-13.8496,-10.5475,7.08833,0,
-13.8496,-10.5550,7.08850,0,
-13.8124,-10.5650,7.08867,0,
-13.8124,-10.5725,7.08883,0,
-13.8124,-10.5800,7.08900,0,
-13.8496,-10.5900,7.08917,0,
-13.8496,-10.5975,7.08933,0,
-13.8496,-10.6050,7.08950,0,
-13.8496,-10.6125,7.08967,0,
-13.8124,-10.6225,7.08983,0,
-13.8124,-10.6300,7.09000,0,
-13.8124,-10.6400,7.09017,0,
-13.7751,-10.6475,7.09033,0,
-13.7751,-10.6575,7.09050,0,
-13.7379,-10.6650,7.09067,0,
-13.7379,-10.6725,7.09083,0,
-13.7007,-10.6825,7.09100,0,
-13.7007,-10.6900,7.09117,0,
-13.6634,-10.6975,7.09133,0,
-13.6634,-10.7075,7.09150,0,
-13.6634,-10.7150,7.09167,0,
-13.6262,-10.7225,7.09183,0,
-13.5890,-10.7300,7.09200,0,
-13.5518,-10.7375,7.09217,0,
-13.5518,-10.7475,7.09233,0,
-13.5145,-10.7550,7.09250,0,
-13.5145,-10.7625,7.09267,0,
-13.4773,-10.7725,7.09283,0,
-13.4401,-10.7800,7.09300,0,
-13.4401,-10.7900,7.09317,0,
-13.4401,-10.7975,7.09333,0,
-13.4028,-10.8075,7.09350,0,
-13.3284,-10.8150,7.09367,0,
-13.3284,-10.8225,7.09383,0,
-13.2911,-10.8325,7.09400,0,
-13.2539,-10.8400,7.09417,0,
-13.2167,-10.8475,7.09433,0,
-13.2167,-10.8550,7.09450,0,
-13.1794,-10.8650,7.09467,0,
-13.1422,-10.8725,7.09483,0,
-13.1422,-10.8800,7.09500,0,
-13.1050,-10.8875,7.09517,0,
-13.1050,-10.8975,7.09533,0,
-13.1050,-10.9050,7.09550,0,
-13.0678,-10.9125,7.09567,0,
-13.0678,-10.9200,7.09583,0,
-13.0678,-10.9300,7.09600,0,
-13.0305,-10.9375,7.09617,0,
-13.0305,-10.9450,7.09633,0,
-13.0305,-10.9550,7.09650,0,
-13.0305,-10.9625,7.09667,0,
-12.9933,-10.9700,7.09683,0,
-13.0305,-10.9775,7.09700,0,
-13.0305,-10.9875,7.09717,0,
-12.9933,-10.9950,7.09733,0,
-12.9933,-11.0050,7.09750,0,
-12.9933,-11.0125,7.09767,0,
-12.9561,-11.0200,7.09783,0,
-12.9561,-11.0275,7.09800,0,
-12.9561,-11.0375,7.09817,0,
-12.9188,-11.0450,7.09833,0,
-12.8816,-11.0525,7.09850,0,
-12.8816,-11.0600,7.09867,0,
-12.8444,-11.0675,7.09883,0,
-12.8444,-11.0750,7.09900,0,
-12.8816,-11.0850,7.09917,0,
-12.8444,-11.0925,7.09933,0,
-12.8071,-11.1000,7.09950,0,
-12.8071,-11.1100,7.09967,0,
-12.8071,-11.1175,7.09983,0,
-12.7699,-11.1250,7.10000,0,
-12.7327,-11.1350,7.10017,0,
-12.7327,-11.1425,7.10033,0,
-12.7327,-11.1525,7.10050,0,
-12.6955,-11.1600,7.10067,0,
-12.6955,-11.1700,7.10083,0,
-12.6955,-11.1775,7.10100,0,
-12.6955,-11.1850,7.10117,0,
-12.6955,-11.1950,7.10133,0,
-12.6955,-11.2025,7.10150,0,
-12.6955,-11.2100,7.10167,0,
-12.6582,-11.2200,7.10183,0,
-12.6582,-11.2275,7.10200,0,
-12.6582,-11.2350,7.10217,0,
-12.6582,-11.2450,7.10233,0,
-12.6582,-11.2525,7.10250,0,
-12.6582,-11.2600,7.10267,0,
-12.6955,-11.2675,7.10283,0,
-12.6582,-11.2775,7.10300,0,
-12.6582,-11.2850,7.10317,0,
-12.6582,-11.2950,7.10333,0,
-12.6582,-11.3025,7.10350,0,
-12.6582,-11.3125,7.10367,0,
-12.6210,-11.3200,7.10383,0,
-12.6210,-11.3275,7.10400,0,
-12.6210,-11.3375,7.10417,0,
-12.5838,-11.3450,7.10433,0,
-12.5838,-11.3550,7.10450,0,
-12.5838,-11.3625,7.10467,0,
-12.5838,-11.3700,7.10483,0,
-12.5465,-11.3775,7.10500,0,
-12.5465,-11.3875,7.10517,0,
-12.5465,-11.3950,7.10533,0,
-12.5093,-11.4025,7.10550,0,
-12.5093,-11.4100,7.10567,0,
-12.5093,-11.4200,7.10583,0,
-12.5093,-11.4275,7.10600,0,
-12.4721,-11.4375,7.10617,0,
-12.4721,-11.4450,7.10633,0,
-12.4348,-11.4525,7.10650,0,
-12.4348,-11.4625,7.10667,0,
-12.4348,-11.4700,7.10683,0,
-12.4348,-11.4800,7.10700,0,
-12.3976,-11.4875,7.10717,0,
-12.3976,-11.4950,7.10733,0,
-12.3604,-11.5050,7.10750,0,
-12.3604,-11.5125,7.10767,0,
-12.3604,-11.5200,7.10783,0,
-12.3232,-11.5300,7.10800,0,
-12.3232,-11.5375,7.10817,0,
-12.2859,-11.5450,7.10833,0,
-12.2859,-11.5550,7.10850,0,
-12.2487,-11.5625,7.10867,0,
-12.2487,-11.5700,7.10883,0,
-12.2487,-11.5775,7.10900,0,
-12.2115,-11.5875,7.10917,0,
-12.2115,-11.5950,7.10933,0,
-12.2115,-11.6050,7.10950,0,
-12.1742,-11.6125,7.10967,0,
-12.1742,-11.6200,7.10983,0,
-12.1742,-11.6300,7.11000,0,
-12.1742,-11.6375,7.11017,0,
-12.1370,-11.6475,7.11033,0,
-12.1370,-11.6550,7.11050,0,
-12.1370,-11.6650,7.11067,0,
-12.1370,-11.6725,7.11083,0,
-12.0998,-11.6825,7.11100,0,
-12.0998,-11.6900,7.11117,0,
-12.0998,-11.6975,7.11133,0,
-12.0625,-11.7075,7.11150,0,
-12.0625,-11.7150,7.11167,0,
-12.0253,-11.7225,7.11183,0,
-12.0253,-11.7300,7.11200,0,
-12.0253,-11.7375,7.11217,0,
-12.0253,-11.7450,7.11233,0,
-12.0253,-11.7550,7.11250,0,
-12.0253,-11.7625,7.11267,0,
-12.0253,-11.7700,7.11283,0,
-12.0253,-11.7775,7.11300,0,
-12.0253,-11.7875,7.11317,0,
-11.9881,-11.7950,7.11333,0,
-11.9881,-11.8025,7.11350,0,
-11.9881,-11.8125,7.11367,0,
-11.9881,-11.8200,7.11383,0,
-11.9509,-11.8300,7.11400,0,
-11.9509,-11.8375,7.11417,0,
-11.9136,-11.8450,7.11433,0,
-11.9136,-11.8525,7.11450,0,
-11.9136,-11.8625,7.11467,0,
-11.9136,-11.8700,7.11483,0,
-11.8764,-11.8775,7.11500,0,
-11.8764,-11.8875,7.11517,0,
-11.8764,-11.8950,7.11533,0,
-11.8764,-11.9025,7.11550,0,
-11.8392,-11.9100,7.11567,0,
-11.8392,-11.9200,7.11583,0,
-11.8392,-11.9275,7.11600,0,
-11.8392,-11.9350,7.11617,0,
-11.8392,-11.9450,7.11633,0,
-11.8019,-11.9525,7.11650,0,
-11.8019,-11.9600,7.11667,0,
-11.8019,-11.9700,7.11683,0,
-11.8019,-11.9775,7.11700,0,
-11.8019,-11.9850,7.11717,0,
-11.8019,-11.9950,7.11733,0,
-11.7647,-12.0025,7.11750,0,
-11.7647,-12.0125,7.11767,0,
-11.7647,-12.0200,7.11783,0,
-11.7647,-12.0275,7.11800,0,
-11.7275,-12.0375,7.11817,0,
-11.7275,-12.0450,7.11833,0,
-11.7275,-12.0525,7.11850,0,
-11.7275,-12.0600,7.11867,0,
-11.7275,-12.0675,7.11883,0,
-11.6902,-12.0750,7.11900,0,
-11.6902,-12.0850,7.11917,0,
-11.6902,-12.0925,7.11933,0,
-11.6902,-12.1000,7.11950,0,
-11.6902,-12.1075,7.11967,0,
-11.6530,-12.1175,7.11983,0,
-11.6902,-12.1250,7.12000,0,
-11.6530,-12.1325,7.12017,0,
-11.6530,-12.1425,7.12033,0,
-11.6530,-12.1500,7.12050,0,
-11.6530,-12.1600,7.12067,0,
-11.6530,-12.1675,7.12083,0,
-11.6158,-12.1750,7.12100,0,
-11.6158,-12.1850,7.12117,0,
-11.6158,-12.1925,7.12133,0,
-11.6158,-12.2000,7.12150,0,
-11.6158,-12.2100,7.12167,0,
-11.6158,-12.2175,7.12183,0,
-11.6158,-12.2250,7.12200,0,
-11.6158,-12.2325,7.12217,0,
-11.6158,-12.2425,7.12233,0,
-11.6158,-12.2500,7.12250,0,
-11.6158,-12.2575,7.12267,0,
-11.6158,-12.2675,7.12283,0,
-11.6158,-12.2750,7.12300,0,
-11.6158,-12.2825,7.12317,0,
-11.6158,-12.2925,7.12333,0,
-11.6158,-12.3000,7.12350,0,
-11.6158,-12.3100,7.12367,0,
-11.6158,-12.3175,7.12383,0,
-11.6158,-12.3275,7.12400,0,
-11.6158,-12.3350,7.12417,0,
-11.6158,-12.3425,7.12433,0,
-11.5786,-12.3525,7.12450,0,
-11.5786,-12.3600,7.12467,0,
-11.5786,-12.3675,7.12483,0,
-11.5786,-12.3775,7.12500,0,
-11.5786,-12.3850,7.12517,0,
-11.5786,-12.3925,7.12533,0,
-11.5786,-12.4000,7.12550,0,
-11.5786,-12.4075,7.12567,0,
-11.5786,-12.4175,7.12583,0,
-11.5786,-12.4250,7.12600,0,
-11.5786,-12.4350,7.12617,0,
-11.5786,-12.4425,7.12633,0,
-11.5786,-12.4500,7.12650,0,
-11.5413,-12.4600,7.12667,0,
-11.5413,-12.4675,7.12683,0,
-11.5413,-12.4775,7.12700,0,
-11.5413,-12.4850,7.12717,0,
-11.5413,-12.4950,7.12733,0,
-11.5413,-12.5025,7.12750,0,
-11.5413,-12.5125,7.12767,0,
-11.5041,-12.5200,7.12783,0,
-11.5041,-12.5275,7.12800,0,
-11.5041,-12.5375,7.12817,0,
-11.5041,-12.5450,7.12833,0,
-11.5041,-12.5525,7.12850,0,
-11.5041,-12.5625,7.12867,0,
-11.5041,-12.5700,7.12883,0,
-11.5041,-12.5775,7.12900,0,
-11.5041,-12.5850,7.12917,0,
-11.4669,-12.5950,7.12933,0,
-11.4669,-12.6025,7.12950,0,
-11.4669,-12.6100,7.12967,0,
-11.4669,-12.6200,7.12983,0,
-11.4296,-12.6275,7.13000,0,
-11.4296,-12.6350,7.13017,0,
-11.4296,-12.6450,7.13033,0,
-11.3924,-12.6525,7.13050,0,
-11.3924,-12.6625,7.13067,0,
-11.3924,-12.6700,7.13083,0,
-11.3924,-12.6800,7.13100,0,
-11.3552,-12.6875,7.13117,0,
-11.3552,-12.6950,7.13133,0,
-11.3552,-12.7050,7.13150,0,
-11.3179,-12.7125,7.13167,0,
-11.3179,-12.7200,7.13183,0,
-11.3179,-12.7275,7.13200,0,
-11.3179,-12.7350,7.13217,0,
-11.3179,-12.7450,7.13233,0,
-11.3179,-12.7525,7.13250,0,
-11.3179,-12.7600,7.13267,0,
-11.3179,-12.7675,7.13283,0,
-11.3179,-12.7775,7.13300,0,
-11.2807,-12.7850,7.13317,0,
-11.2807,-12.7950,7.13333,0,
-11.2807,-12.8025,7.13350,0,
-11.2807,-12.8100,7.13367,0,
-11.2807,-12.8200,7.13383,0,
-11.2807,-12.8275,7.13400,0,
-11.2807,-12.8375,7.13417,0,
-11.2435,-12.8450,7.13433,0,
-11.2435,-12.8525,7.13450,0,
-11.2063,-12.8625,7.13467,0,
-11.2063,-12.8700,7.13483,0,
-11.2063,-12.8800,7.13500,0,
-11.2063,-12.8875,7.13517,0,
-11.1690,-12.8950,7.13533,0,
-11.1690,-12.9025,7.13550,0,
-11.1690,-12.9125,7.13567,0,
-11.1690,-12.9200,7.13583,0,
-11.1318,-12.9275,7.13600,0,
-11.1318,-12.9375,7.13617,0,
-11.0946,-12.9450,7.13633,0,
-11.0946,-12.9525,7.13650,0,
-11.0946,-12.9625,7.13667,0,
-11.0946,-12.9700,7.13683,0,
-11.0946,-12.9800,7.13700,0,
-11.0573,-12.9875,7.13717,0,
-11.0573,-12.9975,7.13733,0,
-11.0573,-13.0050,7.13750,0,
-11.0573,-13.0125,7.13767,0,
-11.0201,-13.0225,7.13783,0,
-11.0201,-13.0300,7.13800,0,
-11.0201,-13.0375,7.13817,0,
-11.0201,-13.0450,7.13833,0,
-11.0201,-13.0550,7.13850,0,
-11.0201,-13.0625,7.13867,0,
-11.0201,-13.0700,7.13883,0,
-11.0201,-13.0775,7.13900,0,
-11.0201,-13.0875,7.13917,0,
-10.9829,-13.0950,7.13933,0,
-10.9829,-13.1025,7.13950,0,
-10.9829,-13.1100,7.13967,0,
-10.9829,-13.1200,7.13983,0,
-10.9829,-13.1275,7.14000,0,
-10.9829,-13.1375,7.14017,0,
-10.9456,-13.1450,7.14033,0,
-10.9456,-13.1550,7.14050,0,
-10.9456,-13.1625,7.14067,0,
-10.9456,-13.1700,7.14083,0,
-10.9456,-13.1800,7.14100,0,
-10.9456,-13.1875,7.14117,0,
-10.9456,-13.1975,7.14133,0,
-10.9456,-13.2050,7.14150,0,
-10.9456,-13.2125,7.14167,0,
-10.9456,-13.2200,7.14183,0,
-10.9456,-13.2300,7.14200,0,
-10.9456,-13.2375,7.14217,0,
-10.9084,-13.2450,7.14233,0,
-10.9084,-13.2525,7.14250,0,
-10.9084,-13.2625,7.14267,0,
-10.9084,-13.2700,7.14283,0,
-10.9084,-13.2800,7.14300,0,
-10.9084,-13.2875,7.14317,0,
-10.9084,-13.2950,7.14333,0,
-10.9084,-13.3050,7.14350,0,
-10.9084,-13.3125,7.14367,0,
-10.8712,-13.3225,7.14383,0,
-10.9084,-13.3300,7.14400,0,
-10.8712,-13.3400,7.14417,0,
-10.8712,-13.3475,7.14433,0,
-10.8712,-13.3575,7.14450,0,
-10.8712,-13.3650,7.14467,0,
-10.8712,-13.3750,7.14483,0,
-10.8712,-13.3825,7.14500,0,
-10.8340,-13.3900,7.14517,0,
-10.8340,-13.3975,7.14533,0,
-10.8340,-13.4050,7.14550,0,
-10.8340,-13.4150,7.14567,0,
-10.8340,-13.4225,7.14583,0,
-10.8340,-13.4300,7.14600,0,
-10.8340,-13.4400,7.14617,0,
-10.8340,-13.4475,7.14633,0,
-10.8340,-13.4550,7.14650,0,
-10.8340,-13.4650,7.14667,0,
-10.7967,-13.4725,7.14683,0,
-10.7967,-13.4825,7.14700,0,
-10.7967,-13.4900,7.14717,0,
-10.7967,-13.5000,7.14733,0,
-10.7967,-13.5075,7.14750,0,
-10.7595,-13.5175,7.14767,0,
-10.7595,-13.5250,7.14783,0,
-10.7595,-13.5350,7.14800,0,
-10.7595,-13.5425,7.14817,0,
-10.7595,-13.5500,7.14833,0,
-10.7223,-13.5575,7.14850,0,
-10.7223,-13.5675,7.14867,0,
-10.7223,-13.5750,7.14883,0,
-10.7223,-13.5825,7.14900,0,
-10.6850,-13.5900,7.14917,0,
-10.6850,-13.6000,7.14933,0,
-10.6850,-13.6075,7.14950,0,
-10.6850,-13.6150,7.14967,0,
-10.6850,-13.6250,7.14983,0,
-10.6850,-13.6325,7.15000,0,
-10.6850,-13.6400,7.15017,0,
-10.6478,-13.6500,7.15033,0,
-10.6478,-13.6575,7.15050,0,
-10.6478,-13.6650,7.15067,0,
-10.6478,-13.6750,7.15083,0,
-10.6478,-13.6825,7.15100,0,
-10.6478,-13.6925,7.15117,0,
-10.6106,-13.7000,7.15133,0,
-10.6106,-13.7075,7.15150,0,
-10.6106,-13.7150,7.15167,0,
-10.6106,-13.7225,7.15183,0,
-10.6106,-13.7325,7.15200,0,
-10.5733,-13.7400,7.15217,0,
-10.6106,-13.7475,7.15233,0,
-10.5733,-13.7550,7.15250,0,
-10.5733,-13.7625,7.15267,0,
-10.5733,-13.7725,7.15283,0,
-10.5733,-13.7800,7.15300,0,
-10.5361,-13.7900,7.15317,0,
-10.5361,-13.7975,7.15333,0,
-10.5361,-13.8050,7.15350,0,
-10.5361,-13.8150,7.15367,0,
-10.5361,-13.8225,7.15383,0,
-10.5361,-13.8300,7.15400,0,
-10.5361,-13.8400,7.15417,0,
-10.5361,-13.8475,7.15433,0,
-10.5361,-13.8575,7.15450,0,
-10.5361,-13.8650,7.15467,0,
-10.5361,-13.8725,7.15483,0,
-10.5361,-13.8825,7.15500,0,
-10.5361,-13.8900,7.15517,0,
-10.5361,-13.8975,7.15533,0,
-10.5361,-13.9050,7.15550,0,
-10.5361,-13.9150,7.15567,0,
-10.5361,-13.9225,7.15583,0,
-10.5361,-13.9300,7.15600,0,
-10.5361,-13.9375,7.15617,0,
-10.5361,-13.9475,7.15633,0,
-10.5733,-13.9550,7.15650,0,
-10.5361,-13.9625,7.15667,0,
-10.5733,-13.9725,7.15683,0,
-10.5733,-13.9800,7.15700,0,
-10.5733,-13.9900,7.15717,0,
-10.5733,-13.9975,7.15733,0,
-10.5361,-14.0075,7.15750,0,
-10.5361,-14.0150,7.15767,0,
-10.5361,-14.0250,7.15783,0,
-10.5361,-14.0325,7.15800,0,
-10.5361,-14.0400,7.15817,0,
-10.5361,-14.0475,7.15833,0,
-10.5361,-14.0575,7.15850,0,
-10.5361,-14.0650,7.15867,0,
-10.4989,-14.0725,7.15883,0,
-10.5361,-14.0800,7.15900,0,
-10.5361,-14.0900,7.15917,0,
-10.4989,-14.0975,7.15933,0,
-10.5361,-14.1050,7.15950,0,
-10.5361,-14.1150,7.15967,0,
-10.5361,-14.1225,7.15983,0,
-10.5361,-14.1300,7.16000,0,
-10.4989,-14.1400,7.16017,0,
-10.5361,-14.1475,7.16033,0,
-10.4989,-14.1575,7.16050,0,
-10.4989,-14.1650,7.16067,0,
-10.4989,-14.1725,7.16083,0,
-10.4989,-14.1825,7.16100,0,
-10.4989,-14.1900,7.16117,0,
-10.4989,-14.1975,7.16133,0,
-10.4989,-14.2075,7.16150,0,
-10.4989,-14.2150,7.16167,0,
-10.4989,-14.2225,7.16183,0,
-10.4989,-14.2300,7.16200,0,
-10.4617,-14.2375,7.16217,0,
-10.4617,-14.2475,7.16233,0,
-10.4989,-14.2550,7.16250,0,
-10.4989,-14.2625,7.16267,0,
-10.4989,-14.2725,7.16283,0,
-10.4989,-14.2800,7.16300,0,
-10.4989,-14.2875,7.16317,0,
-10.4989,-14.2975,7.16333,0,
-10.4989,-14.3050,7.16350,0,
-10.4617,-14.3150,7.16367,0,
-10.4617,-14.3225,7.16383,0,
-10.4617,-14.3325,7.16400,0,
-10.4617,-14.3400,7.16417,0,
-10.4617,-14.3475,7.16433,0,
-10.4617,-14.3575,7.16450,0,
-10.4617,-14.3650,7.16467,0,
-10.4244,-14.3725,7.16483,0,
-10.4244,-14.3800,7.16500,0,
-10.4244,-14.3900,7.16517,0,
-10.4244,-14.3975,7.16533,0,
-10.4244,-14.4050,7.16550,0,
-10.4244,-14.4125,7.16567,0,
-10.4244,-14.4225,7.16583,0,
-10.4244,-14.4300,7.16600,0,
-10.4244,-14.4375,7.16617,0,
-10.4244,-14.4475,7.16633,0,
-10.4244,-14.4550,7.16650,0,
-10.4244,-14.4650,7.16667,0,
-10.4244,-14.4725,7.16683,0,
-10.4244,-14.4825,7.16700,0,
-10.4244,-14.4900,7.16717,0,
-10.4244,-14.5000,7.16733,0,
-10.4244,-14.5075,7.16750,0,
-10.4244,-14.5150,7.16767,0,
-10.4244,-14.5250,7.16783,0,
-10.4244,-14.5350,7.16800,0,
-10.4244,-14.5425,7.16817,0,
-10.4244,-14.5500,7.16833,0,
-10.4244,-14.5600,7.16850,0,
-10.4244,-14.5675,7.16867,0,
-10.3872,-14.5750,7.16883,0,
-10.3872,-14.5825,7.16900,0,
-10.3872,-14.5925,7.16917,0,
-10.4244,-14.6000,7.16933,0,
-10.4244,-14.6075,7.16950,0,
-10.4244,-14.6175,7.16967,0,
-10.4244,-14.6250,7.16983,0,
-10.4244,-14.6325,7.17000,0,
-10.4244,-14.6425,7.17017,0,
-10.4244,-14.6500,7.17033,0,
-10.4244,-14.6575,7.17050,0,
-10.4244,-14.6675,7.17067,0,
-10.4244,-14.6750,7.17083,0,
-10.4244,-14.6825,7.17100,0,
-10.4244,-14.6925,7.17117,0,
-10.4244,-14.7000,7.17133,0,
-10.4244,-14.7075,7.17150,0,
-10.4244,-14.7150,7.17167,0,
-10.4244,-14.7250,7.17183,0,
-10.3872,-14.7325,7.17200,0,
-10.3872,-14.7400,7.17217,0,
-10.3872,-14.7475,7.17233,0,
-10.3872,-14.7550,7.17250,0,
-10.3872,-14.7650,7.17267,0,
-10.3872,-14.7725,7.17283,0,
-10.3872,-14.7800,7.17300,0,
-10.3872,-14.7900,7.17317,0,
-10.3872,-14.7975,7.17333,0,
-10.3872,-14.8050,7.17350,0,
-10.3872,-14.8150,7.17367,0,
-10.3872,-14.8225,7.17383,0,
-10.3872,-14.8300,7.17400,0,
-10.3872,-14.8400,7.17417,0,
-10.3872,-14.8475,7.17433,0,
-10.3872,-14.8550,7.17450,0,
-10.3872,-14.8650,7.17467,0,
-10.3872,-14.8725,7.17483,0,
-10.3500,-14.8800,7.17500,0,
-10.3872,-14.8900,7.17517,0,
-10.3500,-14.8975,7.17533,0,
-10.3500,-14.9050,7.17550,0,
-10.3872,-14.9125,7.17567,0,
-10.3500,-14.9225,7.17583,0,
-10.3500,-14.9300,7.17600,0,
-10.3500,-14.9375,7.17617,0,
-10.3500,-14.9475,7.17633,0,
-10.3500,-14.9550,7.17650,0,
-10.3500,-14.9625,7.17667,0,
-10.3500,-14.9725,7.17683,0,
-10.3500,-14.9800,7.17700,0,
-10.3500,-14.9900,7.17717,0,
-10.3500,-14.9975,7.17733,0,
-10.3500,-15.0050,7.17750,0,
-10.3500,-15.0150,7.17767,0,
-10.3872,-15.0225,7.17783,0,
-10.3872,-15.0300,7.17800,0,
-10.3500,-15.0400,7.17817,0,
-10.3500,-15.0475,7.17833,0,
-10.3500,-15.0550,7.17850,0,
-10.3872,-15.0625,7.17867,0,
-10.3872,-15.0700,7.17883,0,
-10.3872,-15.0800,7.17900,0,
-10.3872,-15.0875,7.17917,0,
-10.3872,-15.0975,7.17933,0,
-10.4244,-15.1050,7.17950,0,
-10.4244,-15.1125,7.17967,0,
-10.4244,-15.1225,7.17983,0,
-10.4244,-15.1300,7.18000,0,
-10.4244,-15.1400,7.18017,0,
-10.4244,-15.1475,7.18033,0,
-10.4244,-15.1550,7.18050,0,
-10.4244,-15.1650,7.18067,0,
-10.4244,-15.1725,7.18083,0,
-10.4244,-15.1800,7.18100,0,
-10.4244,-15.1900,7.18117,0,
-10.3872,-15.1975,7.18133,0,
-10.3872,-15.2075,7.18150,0,
-10.3872,-15.2150,7.18167,0,
-10.3872,-15.2225,7.18183,0,
-10.3872,-15.2300,7.18200,0,
-10.3500,-15.2375,7.18217,0,
-10.3872,-15.2475,7.18233,0,
-10.3500,-15.2550,7.18250,0,
-10.3500,-15.2625,7.18267,0,
-10.3500,-15.2725,7.18283,0,
-10.3500,-15.2800,7.18300,0,
-10.3500,-15.2875,7.18317,0,
-10.3500,-15.2975,7.18333,0,
-10.3500,-15.3050,7.18350,0,
-10.3500,-15.3125,7.18367,0,
-10.3500,-15.3225,7.18383,0,
-10.3500,-15.3300,7.18400,0,
-10.3127,-15.3375,7.18417,0,
-10.3127,-15.3475,7.18433,0,
-10.3127,-15.3550,7.18450,0,
-10.3127,-15.3625,7.18467,0,
-10.3127,-15.3725,7.18483,0,
-10.3127,-15.3800,7.18500,0,
-10.3127,-15.3875,7.18517,0,
-10.3127,-15.3950,7.18533,0,
-10.3127,-15.4025,7.18550,0,
-10.3127,-15.4100,7.18567,0,
-10.3127,-15.4200,7.18583,0,
-10.3127,-15.4250,7.18600,0,
-10.3127,-15.4350,7.18617,0,
-10.3127,-15.4425,7.18633,0,
-10.3127,-15.4500,7.18650,0,
-10.3127,-15.4600,7.18667,0,
-10.3127,-15.4675,7.18683,0,
-10.3127,-15.4750,7.18700,0,
-10.3127,-15.4850,7.18717,0,
-10.3127,-15.4925,7.18733,0,
-10.3127,-15.5025,7.18750,0,
-10.3127,-15.5100,7.18767,0,
-10.3127,-15.5175,7.18783,0,
-10.3127,-15.5275,7.18800,0,
-10.3127,-15.5350,7.18817,0,
-10.3127,-15.5425,7.18833,0,
-10.3127,-15.5525,7.18850,0,
-10.3127,-15.5600,7.18867,0,
-10.3127,-15.5675,7.18883,0,
-10.3127,-15.5750,7.18900,0,
-10.3127,-15.5850,7.18917,0,
-10.3127,-15.5925,7.18933,0,
-10.3127,-15.6000,7.18950,0,
-10.2755,-15.6100,7.18967,0,
-10.2755,-15.6175,7.18983,0,
-10.2755,-15.6275,7.19000,0,
-10.2755,-15.6350,7.19017,0,
-10.2755,-15.6450,7.19033,0,
-10.2755,-15.6525,7.19050,0,
-10.2755,-15.6625,7.19067,0,
-10.3127,-15.6700,7.19083,0,
-10.2755,-15.6775,7.19100,0,
-10.2755,-15.6875,7.19117,0,
-10.2755,-15.6950,7.19133,0,
-10.2755,-15.7025,7.19150,0,
-10.2755,-15.7125,7.19167,0,
-10.2755,-15.7200,7.19183,0,
-10.2755,-15.7275,7.19200,0,
-10.2755,-15.7350,7.19217,0,
-10.2755,-15.7450,7.19233,0,
-10.2755,-15.7525,7.19250,0,
-10.2755,-15.7600,7.19267,0,
-10.2755,-15.7700,7.19283,0,
-10.2755,-15.7775,7.19300,0,
-10.2755,-15.7875,7.19317,0,
-10.2383,-15.7950,7.19333,0,
-10.2383,-15.8025,7.19350,0,
-10.2383,-15.8125,7.19367,0,
-10.2383,-15.8200,7.19383,0,
-10.2383,-15.8300,7.19400,0,
-10.2383,-15.8375,7.19417,0,
-10.2383,-15.8450,7.19433,0,
-10.2383,-15.8550,7.19450,0,
-10.2383,-15.8625,7.19467,0,
-10.2010,-15.8700,7.19483,0,
-10.2383,-15.8800,7.19500,0,
-10.2383,-15.8875,7.19517,0,
-10.2010,-15.8950,7.19533,0,
-10.2010,-15.9050,7.19550,0,
-10.2383,-15.9125,7.19567,0,
-10.2383,-15.9200,7.19583,0,
-10.2383,-15.9275,7.19600,0,
-10.2383,-15.9375,7.19617,0,
-10.2383,-15.9450,7.19633,0,
-10.2383,-15.9550,7.19650,0,
-10.2383,-15.9625,7.19667,0,
-10.2383,-15.9700,7.19683,0,
-10.2755,-15.9800,7.19700,0,
-10.2755,-15.9875,7.19717,0,
-10.2755,-15.9975,7.19733,0,
-10.2755,-16.0050,7.19750,0,
-10.2755,-16.0150,7.19767,0,
-10.2755,-16.0225,7.19783,0,
-10.2755,-16.0300,7.19800,0,
-10.2755,-16.0375,7.19817,0,
-10.2755,-16.0475,7.19833,0,
-10.3127,-16.0550,7.19850,0,
-10.2755,-16.0625,7.19867,0,
-10.2755,-16.0700,7.19883,0,
-10.2755,-16.0775,7.19900,0,
-10.2755,-16.0875,7.19917,0,
-10.2755,-16.0950,7.19933,0,
-10.2755,-16.1025,7.19950,0,
-10.2755,-16.1125,7.19967,0,
-10.2755,-16.1200,7.19983,0,
-10.3127,-16.1275,7.20000,0,
-10.2755,-16.1375,7.20017,0,
-10.3127,-16.1450,7.20033,0,
-10.2755,-16.1550,7.20050,0,
-10.2755,-16.1625,7.20067,0,
-10.3127,-16.1700,7.20083,0,
-10.3127,-16.1800,7.20100,0,
-10.3127,-16.1875,7.20117,0,
-10.3127,-16.1950,7.20133,0,
-10.3127,-16.2050,7.20150,0,
-10.3127,-16.2125,7.20167,0,
-10.3127,-16.2200,7.20183,0,
-10.3127,-16.2275,7.20200,0,
-10.3127,-16.2350,7.20217,0,
-10.3127,-16.2450,7.20233,0,
-10.3127,-16.2525,7.20250,0,
-10.3127,-16.2600,7.20267,0,
-10.3500,-16.2700,7.20283,0,
-10.3500,-16.2775,7.20300,0,
-10.3127,-16.2875,7.20317,0,
-10.3127,-16.2950,7.20333,0,
-10.3127,-16.3025,7.20350,0,
-10.3127,-16.3125,7.20367,0,
-10.3127,-16.3200,7.20383,0,
-10.3127,-16.3300,7.20400,0,
-10.3127,-16.3375,7.20417,0,
-10.3127,-16.3450,7.20433,0,
-10.3127,-16.3550,7.20450,0,
-10.3127,-16.3625,7.20467,0,
-10.3127,-16.3700,7.20483,0,
-10.3127,-16.3775,7.20500,0,
-10.3500,-16.3850,7.20517,0,
-10.3127,-16.3950,7.20533,0,
-10.3127,-16.4025,7.20550,0,
-10.3500,-16.4100,7.20567,0,
-10.3500,-16.4200,7.20583,0,
-10.3500,-16.4275,7.20600,0,
-10.3500,-16.4350,7.20617,0,
-10.3500,-16.4450,7.20633,0,
-10.3500,-16.4525,7.20650,0,
-10.3500,-16.4600,7.20667,0,
-10.3500,-16.4700,7.20683,0,
-10.3500,-16.4775,7.20700,0,
-10.3500,-16.4875,7.20717,0,
-10.3500,-16.4950,7.20733,0,
-10.3500,-16.5025,7.20750,0,
-10.3500,-16.5125,7.20767,0,
-10.3500,-16.5200,7.20783,0,
-10.3500,-16.5275,7.20800,0,
-10.3500,-16.5350,7.20817,0,
-10.3500,-16.5450,7.20833,0,
-10.3500,-16.5525,7.20850,0,
-10.3872,-16.5600,7.20867,0,
-10.3500,-16.5700,7.20883,0,
-10.3500,-16.5775,7.20900,0,
-10.3500,-16.5850,7.20917,0,
-10.3500,-16.5950,7.20933,0,
-10.3500,-16.6025,7.20950,0,
-10.3872,-16.6100,7.20967,0,
-10.3872,-16.6200,7.20983,0,
-10.3872,-16.6275,7.21000,0,
-10.3872,-16.6375,7.21017,0,
-10.3872,-16.6450,7.21033,0,
-10.3872,-16.6525,7.21050,0,
-10.3872,-16.6625,7.21067,0,
-10.3872,-16.6700,7.21083,0,
-10.3872,-16.6775,7.21100,0,
-10.3872,-16.6875,7.21117,0,
-10.3872,-16.6950,7.21133,0,
-10.3872,-16.7025,7.21150,0,
-10.3872,-16.7100,7.21167,0,
-10.3872,-16.7175,7.21183,0,
-10.3872,-16.7275,7.21200,0,
-10.3872,-16.7350,7.21217,0,
-10.3872,-16.7425,7.21233,0,
-10.3872,-16.7500,7.21250,0,
-10.3872,-16.7575,7.21267,0,
-10.3872,-16.7675,7.21283,0,
-10.3872,-16.7750,7.21300,0,
-10.3872,-16.7825,7.21317,0,
-10.3872,-16.7925,7.21333,0,
-10.3872,-16.8000,7.21350,0,
-10.3872,-16.8100,7.21367,0,
-10.3872,-16.8175,7.21383,0,
-10.3872,-16.8250,7.21400,0,
-10.3872,-16.8350,7.21417,0,
-10.3500,-16.8425,7.21433,0,
-10.3500,-16.8525,7.21450,0,
-10.3500,-16.8600,7.21467,0,
-10.3127,-16.8675,7.21483,0,
-10.3127,-16.8750,7.21500,0,
-10.3127,-16.8850,7.21517,0,
-10.3127,-16.8925,7.21533,0,
-10.3127,-16.9000,7.21550,0,
-10.3127,-16.9100,7.21567,0,
-10.3127,-16.9175,7.21583,0,
-10.3127,-16.9250,7.21600,0,
-10.3127,-16.9350,7.21617,0,
-10.3500,-16.9425,7.21633,0,
-10.3500,-16.9525,7.21650,0,
-10.3500,-16.9600,7.21667,0,
-10.3500,-16.9675,7.21683,0,
-10.3500,-16.9775,7.21700,0,
-10.3500,-16.9850,7.21717,0,
-10.3500,-16.9950,7.21733,0,
-10.3500,-17.0025,7.21750,0,
-10.3500,-17.0100,7.21767,0,
-10.3500,-17.0200,7.21783,0,
-10.3500,-17.0275,7.21800,0,
-10.3500,-17.0350,7.21817,0,
-10.3872,-17.0425,7.21833,0,
-10.3872,-17.0525,7.21850,0,
-10.3872,-17.0600,7.21867,0,
-10.3872,-17.0675,7.21883,0,
-10.3500,-17.0750,7.21900,0,
-10.3872,-17.0850,7.21917,0,
-10.3872,-17.0925,7.21933,0,
-10.3872,-17.1000,7.21950,0,
-10.3872,-17.1100,7.21967,0,
-10.3872,-17.1175,7.21983,0,
-10.3872,-17.1275,7.22000,0,
-10.3872,-17.1350,7.22017,0,
-10.3872,-17.1425,7.22033,0,
-10.3872,-17.1525,7.22050,0,
-10.4244,-17.1600,7.22067,0,
-10.4244,-17.1700,7.22083,0,
-10.4244,-17.1775,7.22100,0,
-10.3872,-17.1850,7.22117,0,
-10.3872,-17.1950,7.22133,0,
-10.4244,-17.2025,7.22150,0,
-10.3872,-17.2100,7.22167,0,
-10.3872,-17.2175,7.22183,0,
-10.3872,-17.2275,7.22200,0,
-10.3872,-17.2350,7.22217,0,
-10.3872,-17.2425,7.22233,0,
-10.3872,-17.2525,7.22250,0,
-10.3872,-17.2600,7.22267,0,
-10.3872,-17.2675,7.22283,0,
-10.3872,-17.2775,7.22300,0,
-10.3872,-17.2850,7.22317,0,
-10.3872,-17.2925,7.22333,0,
-10.3872,-17.3025,7.22350,0,
-10.3872,-17.3100,7.22367,0,
-10.4244,-17.3200,7.22383,0,
-10.4244,-17.3275,7.22400,0,
-10.4244,-17.3350,7.22417,0,
-10.4244,-17.3450,7.22433,0,
-10.4244,-17.3525,7.22450,0,
-10.4244,-17.3600,7.22467,0,
-10.4244,-17.3675,7.22483,0,
-10.4244,-17.3775,7.22500,0,
-10.4244,-17.3850,7.22517,0,
-10.4244,-17.3925,7.22533,0,
-10.4244,-17.4000,7.22550,0,
-10.4617,-17.4100,7.22567,0,
-10.4617,-17.4175,7.22583,0,
-10.4617,-17.4250,7.22600,0,
-10.4617,-17.4350,7.22617,0,
-10.4617,-17.4425,7.22633,0,
-10.4617,-17.4525,7.22650,0,
-10.4617,-17.4600,7.22667,0,
-10.4617,-17.4675,7.22683,0,
-10.4617,-17.4775,7.22700,0,
-10.4617,-17.4850,7.22717,0,
-10.4617,-17.4950,7.22733,0,
-10.4617,-17.5025,7.22750,0,
-10.4617,-17.5100,7.22767,0,
-10.4989,-17.5200,7.22783,0,
-10.4989,-17.5275,7.22800,0,
-10.4989,-17.5375,7.22817,0,
-10.4989,-17.5450,7.22833,0,
-10.4989,-17.5525,7.22850,0,
-10.4617,-17.5600,7.22867,0,
-10.4617,-17.5700,7.22883,0,
-10.4617,-17.5775,7.22900,0,
-10.4617,-17.5850,7.22917,0,
-10.4617,-17.5950,7.22933,0,
-10.4617,-17.6025,7.22950,0,
-10.4989,-17.6100,7.22967,0,
-10.4617,-17.6200,7.22983,0,
-10.4617,-17.6275,7.23000,0,
-10.4617,-17.6350,7.23017,0,
-10.4617,-17.6450,7.23033,0,
-10.4617,-17.6525,7.23050,0,
-10.4989,-17.6625,7.23067,0,
-10.4989,-17.6700,7.23083,0,
-10.4989,-17.6775,7.23100,0,
-10.4989,-17.6875,7.23117,0,
-10.4989,-17.6950,7.23133,0,
-10.4989,-17.7025,7.23150,0,
-10.5361,-17.7125,7.23167,0,
-10.5361,-17.7200,7.23183,0,
-10.5361,-17.7275,7.23200,0,
-10.5361,-17.7375,7.23217,0,
-10.5361,-17.7450,7.23233,0,
-10.5361,-17.7525,7.23250,0,
-10.5733,-17.7625,7.23267,0,
-10.5733,-17.7700,7.23283,0,
-10.5733,-17.7775,7.23300,0,
-10.5733,-17.7875,7.23317,0,
-10.5733,-17.7950,7.23333,0,
-10.5733,-17.8050,7.23350,0,
-10.5733,-17.8125,7.23367,0,
-10.5733,-17.8225,7.23383,0,
-10.5733,-17.8300,7.23400,0,
-10.5733,-17.8400,7.23417,0,
-10.5733,-17.8475,7.23433,0,
-10.5733,-17.8550,7.23450,0,
-10.5733,-17.8650,7.23467,0,
-10.5361,-17.8725,7.23483,0,
-10.5361,-17.8825,7.23500,0,
-10.5361,-17.8900,7.23517,0,
-10.5361,-17.8975,7.23533,0,
-10.5361,-17.9050,7.23550,0,
-10.5361,-17.9150,7.23567,0,
-10.5361,-17.9225,7.23583,0,
-10.5361,-17.9300,7.23600,0,
-10.5361,-17.9400,7.23617,0,
-10.5361,-17.9475,7.23633,0,
-10.5361,-17.9550,7.23650,0,
-10.5361,-17.9650,7.23667,0,
-10.5361,-17.9725,7.23683,0,
-10.5361,-17.9825,7.23700,0,
-10.5361,-17.9900,7.23717,0,
-10.5361,-17.9975,7.23733,0,
-10.5361,-18.0075,7.23750,0,
-10.5361,-18.0150,7.23767,0,
-10.5361,-18.0250,7.23783,0,
-10.5361,-18.0325,7.23800,0,
-10.5361,-18.0400,7.23817,0,
-10.4989,-18.0500,7.23833,0,
-10.4989,-18.0575,7.23850,0,
-10.4989,-18.0650,7.23867,0,
-10.4989,-18.0725,7.23883,0,
-10.5361,-18.0825,7.23900,0,
-10.4989,-18.0900,7.23917,0,
-10.5361,-18.1000,7.23933,0,
-10.5361,-18.1075,7.23950,0,
-10.5361,-18.1150,7.23967,0,
-10.5361,-18.1250,7.23983,0,
-10.5361,-18.1325,7.24000,0,
-10.5361,-18.1425,7.24017,0,
-10.5361,-18.1500,7.24033,0,
-10.5361,-18.1600,7.24050,0,
-10.5361,-18.1675,7.24067,0,
-10.5733,-18.1775,7.24083,0,
-10.5733,-18.1850,7.24100,0,
-10.5733,-18.1950,7.24117,0,
-10.5733,-18.2025,7.24133,0,
-10.5733,-18.2100,7.24150,0,
-10.5733,-18.2200,7.24167,0,
-10.5733,-18.2275,7.24183,0,
-10.5733,-18.2350,7.24200,0,
-10.5733,-18.2450,7.24217,0,
-10.5733,-18.2525,7.24233,0,
-10.5733,-18.2600,7.24250,0,
-10.5733,-18.2700,7.24267,0,
-10.6106,-18.2775,7.24283,0,
-10.6106,-18.2875,7.24300,0,
-10.6106,-18.2950,7.24317,0,
-10.6106,-18.3050,7.24333,0,
-10.6478,-18.3125,7.24350,0,
-10.6478,-18.3225,7.24367,0,
-10.6478,-18.3300,7.24383,0,
-10.6478,-18.3400,7.24400,0,
-10.6478,-18.3475,7.24417,0,
-10.6478,-18.3550,7.24433,0,
-10.6478,-18.3650,7.24450,0,
-10.6478,-18.3725,7.24467,0,
-10.6478,-18.3800,7.24483,0,
-10.6478,-18.3900,7.24500,0,
-10.6478,-18.3975,7.24517,0,
-10.6478,-18.4050,7.24533,0,
-10.6850,-18.4125,7.24550,0,
-10.6850,-18.4225,7.24567,0,
-10.6850,-18.4300,7.24583,0,
-10.6850,-18.4375,7.24600,0,
-10.6850,-18.4475,7.24617,0,
-10.7223,-18.4550,7.24633,0,
-10.7223,-18.4650,7.24650,0,
-10.6850,-18.4725,7.24667,0,
-10.6850,-18.4825,7.24683,0,
-10.6850,-18.4900,7.24700,0,
-10.6850,-18.4975,7.24717,0,
-10.6850,-18.5075,7.24733,0,
-10.6850,-18.5150,7.24750,0,
-10.6850,-18.5225,7.24767,0,
-10.7223,-18.5325,7.24783,0,
-10.7223,-18.5400,7.24800,0,
-10.7223,-18.5475,7.24817,0,
-10.7223,-18.5575,7.24833,0,
-10.7223,-18.5650,7.24850,0,
-10.7223,-18.5725,7.24867,0,
-10.7595,-18.5800,7.24883,0,
-10.7595,-18.5900,7.24900,0,
-10.7595,-18.5975,7.24917,0,
-10.7595,-18.6050,7.24933,0,
-10.7595,-18.6125,7.24950,0,
-10.7595,-18.6225,7.24967,0,
-10.7595,-18.6300,7.24983,0,
-10.7595,-18.6400,7.25000,0,
-10.7967,-18.6475,7.25017,0,
-10.7967,-18.6550,7.25033,0,
-10.7967,-18.6650,7.25050,0,
-10.7967,-18.6725,7.25067,0,
-10.7967,-18.6800,7.25083,0,
-10.7967,-18.6900,7.25100,0,
-10.7967,-18.6975,7.25117,0,
-10.7967,-18.7050,7.25133,0,
-10.7967,-18.7150,7.25150,0,
-10.8340,-18.7225,7.25167,0,
-10.8340,-18.7300,7.25183,0,
-10.8340,-18.7375,7.25200,0,
-10.8340,-18.7475,7.25217,0,
-10.8340,-18.7550,7.25233,0,
-10.8340,-18.7625,7.25250,0,
-10.8340,-18.7700,7.25267,0,
-10.8340,-18.7800,7.25283,0,
-10.8340,-18.7875,7.25300,0,
-10.8340,-18.7975,7.25317,0,
-10.8340,-18.8050,7.25333,0,
-10.8712,-18.8125,7.25350,0,
-10.8340,-18.8225,7.25367,0,
-10.8712,-18.8300,7.25383,0,
-10.8712,-18.8375,7.25400,0,
-10.8712,-18.8475,7.25417,0,
-10.8712,-18.8550,7.25433,0,
-10.8712,-18.8650,7.25450,0,
-10.8712,-18.8725,7.25467,0,
-10.8712,-18.8800,7.25483,0,
-10.8712,-18.8875,7.25500,0,
-10.8712,-18.8975,7.25517,0,
-10.9084,-18.9050,7.25533,0,
-10.9084,-18.9125,7.25550,0,
-10.9084,-18.9200,7.25567,0,
-10.9084,-18.9300,7.25583,0,
-10.9084,-18.9375,7.25600,0,
-10.9084,-18.9475,7.25617,0,
-10.9084,-18.9550,7.25633,0,
-10.9456,-18.9625,7.25650,0,
-10.9456,-18.9725,7.25667,0,
-10.9456,-18.9800,7.25683,0,
-10.9456,-18.9900,7.25700,0,
-10.9456,-18.9975,7.25717,0,
-10.9456,-19.0075,7.25733,0,
-10.9456,-19.0150,7.25750,0,
-10.9456,-19.0225,7.25767,0,
-10.9456,-19.0325,7.25783,0,
-10.9456,-19.0400,7.25800,0,
-10.9829,-19.0475,7.25817,0,
-10.9829,-19.0550,7.25833,0,
-10.9829,-19.0650,7.25850,0,
-10.9829,-19.0725,7.25867,0,
-10.9829,-19.0800,7.25883,0,
-10.9829,-19.0900,7.25900,0,
-10.9829,-19.0975,7.25917,0,
-10.9829,-19.1050,7.25933,0,
-10.9829,-19.1150,7.25950,0,
-11.0201,-19.1225,7.25967,0,
-11.0201,-19.1325,7.25983,0,
-11.0201,-19.1400,7.26000,0,
-11.0201,-19.1500,7.26017,0,
-11.0201,-19.1575,7.26033,0,
-11.0201,-19.1675,7.26050,0,
-11.0201,-19.1750,7.26067,0,
-11.0201,-19.1825,7.26083,0,
-11.0573,-19.1925,7.26100,0,
-11.0573,-19.2000,7.26117,0,
-11.0573,-19.2075,7.26133,0,
-11.0573,-19.2175,7.26150,0,
-11.0573,-19.2250,7.26167,0,
-11.0573,-19.2325,7.26183,0,
-11.0573,-19.2400,7.26200,0,
-11.0573,-19.2475,7.26217,0,
-11.0946,-19.2575,7.26233,0,
-11.0946,-19.2650,7.26250,0,
-11.0946,-19.2725,7.26267,0,
-11.0946,-19.2825,7.26283,0,
-11.0946,-19.2900,7.26300,0,
-11.0946,-19.2975,7.26317,0,
-11.0946,-19.3075,7.26333,0,
-11.0946,-19.3150,7.26350,0,
-11.0946,-19.3250,7.26367,0,
-11.0946,-19.3325,7.26383,0,
-11.0946,-19.3400,7.26400,0,
-11.0946,-19.3500,7.26417,0,
-11.0946,-19.3575,7.26433,0,
-11.0946,-19.3650,7.26450,0,
-11.0946,-19.3725,7.26467,0,
-11.0946,-19.3800,7.26483,0,
-11.0946,-19.3900,7.26500,0,
-11.1318,-19.3975,7.26517,0,
-11.1318,-19.4050,7.26533,0,
-11.1318,-19.4125,7.26550,0,
-11.1318,-19.4200,7.26567,0,
-11.1318,-19.4300,7.26583,0,
-11.1318,-19.4375,7.26600,0,
-11.1318,-19.4450,7.26617,0,
-11.1318,-19.4550,7.26633,0,
-11.1318,-19.4625,7.26650,0,
-11.1318,-19.4725,7.26667,0,
-11.1318,-19.4800,7.26683,0,
-11.1318,-19.4875,7.26700,0,
-11.1318,-19.4975,7.26717,0,
-11.1318,-19.5050,7.26733,0,
-11.1318,-19.5125,7.26750,0,
-11.1318,-19.5225,7.26767,0,
-11.1690,-19.5300,7.26783,0,
-11.1690,-19.5400,7.26800,0,
-11.1690,-19.5475,7.26817,0,
-11.1690,-19.5550,7.26833,0,
-11.1690,-19.5650,7.26850,0,
-11.1690,-19.5725,7.26867,0,
-11.2063,-19.5800,7.26883,0,
-11.2063,-19.5875,7.26900,0,
-11.2063,-19.5950,7.26917,0,
-11.2063,-19.6050,7.26933,0,
-11.2435,-19.6125,7.26950,0,
-11.2435,-19.6225,7.26967,0,
-11.2435,-19.6300,7.26983,0,
-11.2435,-19.6375,7.27000,0,
-11.2435,-19.6475,7.27017,0,
-11.2435,-19.6550,7.27033,0,
-11.2435,-19.6625,7.27050,0,
-11.2807,-19.6725,7.27067,0,
-11.2807,-19.6800,7.27083,0,
-11.2807,-19.6875,7.27100,0,
-11.2807,-19.6975,7.27117,0,
-11.2807,-19.7050,7.27133,0,
-11.2807,-19.7125,7.27150,0,
-11.2807,-19.7200,7.27167,0,
-11.2807,-19.7300,7.27183,0,
-11.2435,-19.7375,7.27200,0,
-11.2435,-19.7450,7.27217,0,
-11.2435,-19.7525,7.27233,0,
-11.2435,-19.7625,7.27250,0,
-11.2435,-19.7700,7.27267,0,
-11.2435,-19.7775,7.27283,0,
-11.2435,-19.7875,7.27300,0,
-11.2435,-19.7950,7.27317,0,
-11.2435,-19.8025,7.27333,0,
-11.2435,-19.8125,7.27350,0,
-11.2435,-19.8200,7.27367,0,
-11.2807,-19.8275,7.27383,0,
-11.2807,-19.8375,7.27400,0,
-11.2807,-19.8450,7.27417,0,
-11.2807,-19.8550,7.27433,0,
-11.3179,-19.8625,7.27450,0,
-11.3179,-19.8700,7.27467,0,
-11.3179,-19.8800,7.27483,0,
-11.3179,-19.8875,7.27500,0,
-11.3552,-19.8950,7.27517,0,
-11.3552,-19.9050,7.27533,0,
-11.3552,-19.9125,7.27550,0,
-11.3552,-19.9200,7.27567,0,
-11.3552,-19.9275,7.27583,0,
-11.3552,-19.9375,7.27600,0,
-11.3552,-19.9450,7.27617,0,
-11.3552,-19.9550,7.27633,0,
-11.3552,-19.9625,7.27650,0,
-11.3552,-19.9700,7.27667,0,
-11.3924,-19.9800,7.27683,0,
-11.3924,-19.9875,7.27700,0,
-11.3924,-19.9975,7.27717,0,
-11.3924,-20.0050,7.27733,0,
-11.3924,-20.0125,7.27750,0,
-11.3924,-20.0225,7.27767,0,
-11.3924,-20.0300,7.27783,0,
-11.3924,-20.0375,7.27800,0,
-11.3924,-20.0450,7.27817,0,
-11.3924,-20.0550,7.27833,0,
-11.4296,-20.0625,7.27850,0,
-11.4296,-20.0700,7.27867,0,
-11.4296,-20.0775,7.27883,0,
-11.4296,-20.0875,7.27900,0,
-11.4296,-20.0950,7.27917,0,
-11.4296,-20.1025,7.27933,0,
-11.4296,-20.1125,7.27950,0,
-11.4296,-20.1200,7.27967,0,
-11.4296,-20.1275,7.27983,0,
-11.4669,-20.1375,7.28000,0,
-11.4669,-20.1450,7.28017,0,
-11.4669,-20.1550,7.28033,0,
-11.4669,-20.1625,7.28050,0,
-11.4669,-20.1725,7.28067,0,
-11.4669,-20.1800,7.28083,0,
-11.4669,-20.1875,7.28100,0,
-11.4669,-20.1975,7.28117,0,
-11.5041,-20.2050,7.28133,0,
-11.4669,-20.2125,7.28150,0,
-11.5041,-20.2225,7.28167,0,
-11.5041,-20.2300,7.28183,0,
-11.5041,-20.2375,7.28200,0,
-11.5041,-20.2450,7.28217,0,
-11.5041,-20.2550,7.28233,0,
-11.5041,-20.2625,7.28250,0,
-11.5041,-20.2700,7.28267,0,
-11.5041,-20.2800,7.28283,0,
-11.5041,-20.2875,7.28300,0,
-11.5413,-20.2950,7.28317,0,
-11.5041,-20.3050,7.28333,0,
-11.5413,-20.3125,7.28350,0,
-11.5413,-20.3225,7.28367,0,
-11.5413,-20.3300,7.28383,0,
-11.5413,-20.3400,7.28400,0,
-11.5413,-20.3475,7.28417,0,
-11.5413,-20.3550,7.28433,0,
-11.5413,-20.3650,7.28450,0,
-11.5413,-20.3725,7.28467,0,
-11.5413,-20.3800,7.28483,0,
-11.5413,-20.3875,7.28500,0,
-11.5786,-20.3975,7.28517,0,
-11.5413,-20.4050,7.28533,0,
-11.5786,-20.4125,7.28550,0,
-11.5786,-20.4200,7.28567,0,
-11.5786,-20.4275,7.28583,0,
-11.5786,-20.4375,7.28600,0,
-11.5786,-20.4450,7.28617,0,
-11.5786,-20.4525,7.28633,0,
-11.5786,-20.4625,7.28650,0,
-11.6158,-20.4700,7.28667,0,
-11.6158,-20.4800,7.28683,0,
-11.6158,-20.4875,7.28700,0,
-11.6158,-20.4950,7.28717,0,
-11.6158,-20.5050,7.28733,0,
-11.6158,-20.5125,7.28750,0,
-11.6530,-20.5200,7.28767,0,
-11.6530,-20.5300,7.28783,0,
-11.6530,-20.5375,7.28800,0,
-11.6530,-20.5450,7.28817,0,
-11.6530,-20.5525,7.28833,0,
-11.6530,-20.5625,7.28850,0,
-11.6530,-20.5700,7.28867,0,
-11.6902,-20.5775,7.28883,0,
-11.6902,-20.5850,7.28900,0,
-11.6902,-20.5925,7.28917,0,
-11.6902,-20.6025,7.28933,0,
-11.6902,-20.6100,7.28950,0,
-11.6902,-20.6175,7.28967,0,
-11.6902,-20.6250,7.28983,0,
-11.6902,-20.6350,7.29000,0,
-11.6902,-20.6425,7.29017,0,
-11.7275,-20.6525,7.29033,0,
-11.7275,-20.6600,7.29050,0,
-11.7275,-20.6675,7.29067,0,
-11.7275,-20.6750,7.29083,0,
-11.7275,-20.6850,7.29100,0,
-11.7275,-20.6925,7.29117,0,
-11.7275,-20.7000,7.29133,0,
-11.7275,-20.7075,7.29150,0,
-11.7275,-20.7150,7.29167,0,
-11.7275,-20.7250,7.29183,0,
-11.7275,-20.7325,7.29200,0,
-11.7275,-20.7400,7.29217,0,
-11.7647,-20.7475,7.29233,0,
-11.7647,-20.7575,7.29250,0,
-11.7275,-20.7650,7.29267,0,
-11.7275,-20.7725,7.29283,0,
-11.7275,-20.7800,7.29300,0,
-11.7275,-20.7900,7.29317,0,
-11.7275,-20.7975,7.29333,0,
-11.7275,-20.8050,7.29350,0,
-11.7275,-20.8150,7.29367,0,
-11.7275,-20.8225,7.29383,0,
-11.7647,-20.8325,7.29400,0,
-11.7647,-20.8400,7.29417,0,
-11.7647,-20.8475,7.29433,0,
-11.7647,-20.8550,7.29450,0,
-11.7647,-20.8650,7.29467,0,
-11.8019,-20.8725,7.29483,0,
-11.8019,-20.8800,7.29500,0,
-11.8019,-20.8875,7.29517,0,
-11.8019,-20.8950,7.29533,0,
-11.8019,-20.9050,7.29550,0,
-11.8019,-20.9125,7.29567,0,
-11.8392,-20.9200,7.29583,0,
-11.8392,-20.9275,7.29600,0,
-11.8392,-20.9375,7.29617,0,
-11.8392,-20.9450,7.29633,0,
-11.8392,-20.9550,7.29650,0,
-11.8392,-20.9625,7.29667,0,
-11.8392,-20.9725,7.29683,0,
-11.8392,-20.9800,7.29700,0,
-11.8392,-20.9875,7.29717,0,
-11.8764,-20.9975,7.29733,0,
-11.8764,-21.0050,7.29750,0,
-11.8764,-21.0150,7.29767,0,
-11.8764,-21.0225,7.29783,0,
-11.8764,-21.0300,7.29800,0,
-11.8764,-21.0375,7.29817,0,
-11.8764,-21.0475,7.29833,0,
-11.9136,-21.0550,7.29850,0,
-11.9136,-21.0625,7.29867,0,
-11.8764,-21.0700,7.29883,0,
-11.9136,-21.0775,7.29900,0,
-11.9136,-21.0875,7.29917,0,
-11.9136,-21.0950,7.29933,0,
-11.9136,-21.1025,7.29950,0,
-11.9136,-21.1125,7.29967,0,
-11.9136,-21.1200,7.29983,0,
-11.9136,-21.1300,7.30000,0,
-11.9509,-21.1375,7.30017,0,
-11.9509,-21.1475,7.30033,0,
-11.9509,-21.1550,7.30050,0,
-11.9509,-21.1650,7.30067,0,
-11.9509,-21.1725,7.30083,0,
-11.9509,-21.1800,7.30100,0,
-11.9509,-21.1900,7.30117,0,
-11.9509,-21.1975,7.30133,0,
-11.9509,-21.2050,7.30150,0,
-11.9881,-21.2150,7.30167,0,
-11.9881,-21.2225,7.30183,0,
-11.9881,-21.2300,7.30200,0,
-11.9881,-21.2375,7.30217,0,
-11.9881,-21.2475,7.30233,0,
-11.9881,-21.2550,7.30250,0,
-11.9881,-21.2625,7.30267,0,
-11.9881,-21.2700,7.30283,0,
-11.9881,-21.2800,7.30300,0,
-11.9881,-21.2875,7.30317,0,
-11.9881,-21.2975,7.30333,0,
-12.0253,-21.3050,7.30350,0,
-12.0253,-21.3150,7.30367,0,
-12.0253,-21.3225,7.30383,0,
-12.0253,-21.3300,7.30400,0,
-12.0253,-21.3400,7.30417,0,
-12.0253,-21.3475,7.30433,0,
-12.0625,-21.3550,7.30450,0,
-12.0253,-21.3650,7.30467,0,
-12.0253,-21.3725,7.30483,0,
-12.0625,-21.3800,7.30500,0,
-12.0625,-21.3875,7.30517,0,
-12.0625,-21.3950,7.30533,0,
-12.0625,-21.4025,7.30550,0,
-12.0625,-21.4125,7.30567,0,
-12.0625,-21.4200,7.30583,0,
-12.0625,-21.4275,7.30600,0,
-12.0998,-21.4375,7.30617,0,
-12.0998,-21.4450,7.30633,0,
-12.0998,-21.4550,7.30650,0,
-12.0998,-21.4625,7.30667,0,
-12.0998,-21.4700,7.30683,0,
-12.0998,-21.4800,7.30700,0,
-12.0998,-21.4875,7.30717,0,
-12.1370,-21.4950,7.30733,0,
-12.1370,-21.5050,7.30750,0,
-12.1370,-21.5125,7.30767,0,
-12.1370,-21.5200,7.30783,0,
-12.1370,-21.5300,7.30800,0,
-12.1370,-21.5375,7.30817,0,
-12.1370,-21.5450,7.30833,0,
-12.1370,-21.5550,7.30850,0,
-12.1370,-21.5625,7.30867,0,
-12.1370,-21.5700,7.30883,0,
-12.1370,-21.5775,7.30900,0,
-12.1742,-21.5875,7.30917,0,
-12.1742,-21.5950,7.30933,0,
-12.1742,-21.6025,7.30950,0,
-12.1742,-21.6125,7.30967,0,
-12.1742,-21.6200,7.30983,0,
-12.1742,-21.6275,7.31000,0,
-12.2115,-21.6375,7.31017,0,
-12.1742,-21.6450,7.31033,0,
-12.2115,-21.6550,7.31050,0,
-12.2115,-21.6625,7.31067,0,
-12.2115,-21.6725,7.31083,0,
-12.2115,-21.6800,7.31100,0,
-12.2115,-21.6875,7.31117,0,
-12.2115,-21.6975,7.31133,0,
-12.2115,-21.7050,7.31150,0,
-12.2115,-21.7125,7.31167,0,
-12.2487,-21.7200,7.31183,0,
-12.2487,-21.7300,7.31200,0,
-12.2487,-21.7375,7.31217,0,
-12.2487,-21.7450,7.31233,0,
-12.2487,-21.7525,7.31250,0,
-12.2487,-21.7600,7.31267,0,
-12.2487,-21.7700,7.31283,0,
-12.2487,-21.7775,7.31300,0,
-12.2859,-21.7850,7.31317,0,
-12.2859,-21.7950,7.31333,0,
-12.2859,-21.8025,7.31350,0,
-12.2859,-21.8125,7.31367,0,
-12.2859,-21.8200,7.31383,0,
-12.2859,-21.8275,7.31400,0,
-12.3232,-21.8375,7.31417,0,
-12.3232,-21.8450,7.31433,0,
-12.3232,-21.8525,7.31450,0,
-12.3232,-21.8625,7.31467,0,
-12.3232,-21.8700,7.31483,0,
-12.3232,-21.8775,7.31500,0,
-12.3232,-21.8850,7.31517,0,
-12.3604,-21.8950,7.31533,0,
-12.3604,-21.9025,7.31550,0,
-12.3604,-21.9100,7.31567,0,
-12.3604,-21.9175,7.31583,0,
-12.3604,-21.9275,7.31600,0,
-12.3604,-21.9350,7.31617,0,
-12.3604,-21.9425,7.31633,0,
-12.3604,-21.9525,7.31650,0,
-12.3976,-21.9600,7.31667,0,
-12.3976,-21.9700,7.31683,0,
-12.3976,-21.9775,7.31700,0,
-12.3976,-21.9875,7.31717,0,
-12.3976,-21.9950,7.31733,0,
-12.4348,-22.0050,7.31750,0,
-12.3976,-22.0125,7.31767,0,
-12.3976,-22.0200,7.31783,0,
-12.4348,-22.0275,7.31800,0,
-12.4348,-22.0375,7.31817,0,
-12.4348,-22.0450,7.31833,0,
-12.4348,-22.0525,7.31850,0,
-12.4348,-22.0600,7.31867,0,
-12.4348,-22.0675,7.31883,0,
-12.4348,-22.0775,7.31900,0,
-12.4348,-22.0850,7.31917,0,
-12.4721,-22.0925,7.31933,0,
-12.4721,-22.1025,7.31950,0,
-12.4721,-22.1100,7.31967,0,
-12.4721,-22.1200,7.31983,0,
-12.4721,-22.1275,7.32000,0,
-12.4721,-22.1350,7.32017,0,
-12.4721,-22.1450,7.32033,0,
-12.4721,-22.1525,7.32050,0,
-12.5093,-22.1625,7.32067,0,
-12.5093,-22.1700,7.32083,0,
-12.5093,-22.1775,7.32100,0,
-12.5093,-22.1875,7.32117,0,
-12.5093,-22.1950,7.32133,0,
-12.5093,-22.2050,7.32150,0,
-12.5093,-22.2125,7.32167,0,
-12.5093,-22.2200,7.32183,0,
-12.5093,-22.2275,7.32200,0,
-12.5093,-22.2375,7.32217,0,
-12.5093,-22.2450,7.32233,0,
-12.5093,-22.2525,7.32250,0,
-12.5465,-22.2600,7.32267,0,
-12.5465,-22.2700,7.32283,0,
-12.5465,-22.2775,7.32300,0,
-12.5465,-22.2875,7.32317,0,
-12.5465,-22.2950,7.32333,0,
-12.5465,-22.3025,7.32350,0,
-12.5465,-22.3125,7.32367,0,
-12.5838,-22.3200,7.32383,0,
-12.5838,-22.3300,7.32400,0,
-12.5838,-22.3375,7.32417,0,
-12.5838,-22.3475,7.32433,0,
-12.5838,-22.3550,7.32450,0,
-12.5838,-22.3625,7.32467,0,
-12.6210,-22.3700,7.32483,0,
-12.6210,-22.3800,7.32500,0,
-12.6210,-22.3875,7.32517,0,
-12.6210,-22.3950,7.32533,0,
-12.6210,-22.4025,7.32550,0,
-12.6210,-22.4100,7.32567,0,
-12.6582,-22.4200,7.32583,0,
-12.6582,-22.4275,7.32600,0,
-12.6582,-22.4350,7.32617,0,
-12.6582,-22.4450,7.32633,0,
-12.6582,-22.4525,7.32650,0,
-12.6582,-22.4600,7.32667,0,
-12.6582,-22.4700,7.32683,0,
-12.6582,-22.4775,7.32700,0,
-12.6955,-22.4875,7.32717,0,
-12.6955,-22.4950,7.32733,0,
-12.6955,-22.5050,7.32750,0,
-12.6955,-22.5125,7.32767,0,
-12.6955,-22.5200,7.32783,0,
-12.6955,-22.5300,7.32800,0,
-12.6955,-22.5375,7.32817,0,
-12.7327,-22.5450,7.32833,0,
-12.7327,-22.5525,7.32850,0,
-12.7327,-22.5625,7.32867,0,
-12.7327,-22.5700,7.32883,0,
-12.7327,-22.5775,7.32900,0,
-12.7327,-22.5850,7.32917,0,
-12.7327,-22.5950,7.32933,0,
-12.7699,-22.6025,7.32950,0,
-12.7699,-22.6100,7.32967,0,
-12.7699,-22.6200,7.32983,0,
-12.7699,-22.6275,7.33000,0,
-12.7699,-22.6350,7.33017,0,
-12.8071,-22.6450,7.33033,0,
-12.7699,-22.6525,7.33050,0,
-12.8071,-22.6625,7.33067,0,
-12.8071,-22.6700,7.33083,0,
-12.8071,-22.6800,7.33100,0,
-12.8071,-22.6875,7.33117,0,
-12.8071,-22.6950,7.33133,0,
-12.8444,-22.7025,7.33150,0,
-12.8071,-22.7100,7.33167,0,
-12.8444,-22.7200,7.33183,0,
-12.8444,-22.7275,7.33200,0,
-12.8444,-22.7350,7.33217,0,
-12.8444,-22.7425,7.33233,0,
-12.8444,-22.7500,7.33250,0,
-12.8816,-22.7600,7.33267,0,
-12.8816,-22.7675,7.33283,0,
-12.8816,-22.7750,7.33300,0,
-12.8816,-22.7850,7.33317,0,
-12.8816,-22.7925,7.33333,0,
-12.8816,-22.8025,7.33350,0,
-12.9188,-22.8100,7.33367,0,
-12.9188,-22.8175,7.33383,0,
-12.9188,-22.8275,7.33400,0,
-12.9188,-22.8350,7.33417,0,
-12.9188,-22.8450,7.33433,0,
-12.9561,-22.8525,7.33450,0,
-12.9561,-22.8625,7.33467,0,
-12.9561,-22.8700,7.33483,0,
-12.9561,-22.8775,7.33500,0,
-12.9561,-22.8875,7.33517,0,
-12.9561,-22.8950,7.33533,0,
-12.9561,-22.9025,7.33550,0,
-12.9561,-22.9125,7.33567,0,
-12.9933,-22.9200,7.33583,0,
-12.9933,-22.9275,7.33600,0,
-12.9933,-22.9375,7.33617,0,
-12.9933,-22.9450,7.33633,0,
-12.9933,-22.9550,7.33650,0,
-12.9933,-22.9625,7.33667,0,
-13.0305,-22.9725,7.33683,0,
-13.0305,-22.9800,7.33700,0,
-13.0305,-22.9900,7.33717,0,
-13.0305,-22.9975,7.33733,0,
-13.0305,-23.0075,7.33750,0,
-13.0678,-23.0150,7.33767,0,
-13.0678,-23.0250,7.33783,0,
-13.0678,-23.0325,7.33800,0,
-13.0678,-23.0400,7.33817,0,
-13.1050,-23.0475,7.33833,0,
-13.1050,-23.0575,7.33850,0,
-13.1050,-23.0650,7.33867,0,
-13.1050,-23.0725,7.33883,0,
-13.1422,-23.0800,7.33900,0,
-13.1422,-23.0900,7.33917,0,
-13.1422,-23.0975,7.33933,0,
-13.1422,-23.1050,7.33950,0,
-13.1794,-23.1150,7.33967,0,
-13.1794,-23.1225,7.33983,0,
-13.1794,-23.1300,7.34000,0,
-13.2167,-23.1400,7.34017,0,
-13.2167,-23.1475,7.34033,0,
-13.2167,-23.1575,7.34050,0,
-13.2539,-23.1650,7.34067,0,
-13.2539,-23.1750,7.34083,0,
-13.2539,-23.1825,7.34100,0,
-13.2911,-23.1900,7.34117,0,
-13.2911,-23.2000,7.34133,0,
-13.2911,-23.2075,7.34150,0,
-13.2911,-23.2150,7.34167,0,
-13.2911,-23.2250,7.34183,0,
-13.3284,-23.2325,7.34200,0,
-13.3284,-23.2400,7.34217,0,
-13.3284,-23.2475,7.34233,0,
-13.3284,-23.2575,7.34250,0,
-13.3656,-23.2650,7.34267,0,
-13.3656,-23.2725,7.34283,0,
-13.3656,-23.2825,7.34300,0,
-13.3656,-23.2900,7.34317,0,
-13.4028,-23.3000,7.34333,0,
-13.4028,-23.3075,7.34350,0,
-13.4028,-23.3175,7.34367,0,
-13.4401,-23.3250,7.34383,0,
-13.4401,-23.3325,7.34400,0,
-13.4401,-23.3425,7.34417,0,
-13.4401,-23.3500,7.34433,0,
-13.4773,-23.3575,7.34450,0,
-13.4773,-23.3675,7.34467,0,
-13.4773,-23.3750,7.34483,0,
-13.4773,-23.3825,7.34500,0,
-13.5145,-23.3900,7.34517,0,
-13.5145,-23.4000,7.34533,0,
-13.5145,-23.4075,7.34550,0,
-13.5145,-23.4150,7.34567,0,
-13.5145,-23.4225,7.34583,0,
-13.5518,-23.4325,7.34600,0,
-13.5518,-23.4400,7.34617,0,
-13.5890,-23.4500,7.34633,0,
-13.5890,-23.4575,7.34650,0,
-13.5890,-23.4675,7.34667,0,
-13.5890,-23.4750,7.34683,0,
-13.6262,-23.4850,7.34700,0,
-13.6262,-23.4925,7.34717,0,
-13.6262,-23.5025,7.34733,0,
-13.6262,-23.5100,7.34750,0,
-13.6634,-23.5175,7.34767,0,
-13.6634,-23.5275,7.34783,0,
-13.6634,-23.5350,7.34800,0,
-13.6634,-23.5450,7.34817,0,
-13.7007,-23.5525,7.34833,0,
-13.7007,-23.5600,7.34850,0,
-13.7007,-23.5700,7.34867,0,
-13.7379,-23.5775,7.34883,0,
-13.7379,-23.5850,7.34900,0,
-13.7379,-23.5950,7.34917,0,
-13.7751,-23.6025,7.34933,0,
-13.7751,-23.6100,7.34950,0,
-13.7751,-23.6200,7.34967,0,
-13.8124,-23.6275,7.34983,0,
-13.8124,-23.6375,7.35000,0,
-13.8124,-23.6450,7.35017,0,
-13.8496,-23.6550,7.35033,0,
-13.8496,-23.6625,7.35050,0,
-13.8496,-23.6725,7.35067,0,
-13.8496,-23.6800,7.35083,0,
-13.8496,-23.6875,7.35100,0,
-13.8496,-23.6975,7.35117,0,
-13.8868,-23.7050,7.35133,0,
-13.8868,-23.7125,7.35150,0,
-13.8868,-23.7200,7.35167,0,
-13.9240,-23.7275,7.35183,0,
-13.9240,-23.7350,7.35200,0,
-13.9240,-23.7450,7.35217,0,
-13.9240,-23.7525,7.35233,0,
-13.9613,-23.7600,7.35250,0,
-13.9613,-23.7675,7.35267,0,
-13.9613,-23.7775,7.35283,0,
-13.9985,-23.7850,7.35300,0,
-13.9985,-23.7925,7.35317,0,
-13.9985,-23.8025,7.35333,0,
-14.0357,-23.8100,7.35350,0,
-14.0357,-23.8175,7.35367,0,
-14.0357,-23.8275,7.35383,0,
-14.0357,-23.8350,7.35400,0,
-14.0730,-23.8425,7.35417,0,
-14.0730,-23.8525,7.35433,0,
-14.0730,-23.8600,7.35450,0,
-14.0730,-23.8675,7.35467,0,
-14.1102,-23.8775,7.35483,0,
-14.1102,-23.8850,7.35500,0,
-14.1102,-23.8925,7.35517,0,
-14.1102,-23.9000,7.35533,0,
-14.1474,-23.9100,7.35550,0,
-14.1474,-23.9175,7.35567,0,
-14.1474,-23.9250,7.35583,0,
-14.1847,-23.9325,7.35600,0,
-14.1847,-23.9425,7.35617,0,
-14.1847,-23.9500,7.35633,0,
-14.1847,-23.9600,7.35650,0,
-14.2219,-23.9675,7.35667,0,
-14.2219,-23.9750,7.35683,0,
-14.2219,-23.9850,7.35700,0,
-14.2219,-23.9925,7.35717,0,
-14.2591,-24.0025,7.35733,0,
-14.2591,-24.0100,7.35750,0,
-14.2591,-24.0175,7.35767,0,
-14.2591,-24.0250,7.35783,0,
-14.2964,-24.0350,7.35800,0,
-14.2964,-24.0425,7.35817,0,
-14.2964,-24.0500,7.35833,0,
-14.2964,-24.0575,7.35850,0,
-14.2964,-24.0650,7.35867,0,
-14.3336,-24.0725,7.35883,0,
-14.3336,-24.0825,7.35900,0,
-14.3336,-24.0900,7.35917,0,
-14.3708,-24.0975,7.35933,0,
-14.3708,-24.1075,7.35950,0,
-14.3708,-24.1150,7.35967,0,
-14.4080,-24.1250,7.35983,0,
-14.4080,-24.1325,7.36000,0,
-14.4080,-24.1400,7.36017,0,
-14.4080,-24.1500,7.36033,0,
-14.4080,-24.1575,7.36050,0,
-14.4453,-24.1650,7.36067,0,
-14.4453,-24.1750,7.36083,0,
-14.4453,-24.1825,7.36100,0,
-14.4453,-24.1925,7.36117,0,
-14.4453,-24.2000,7.36133,0,
-14.4825,-24.2075,7.36150,0,
-14.4825,-24.2150,7.36167,0,
-14.4825,-24.2250,7.36183,0,
-14.4825,-24.2325,7.36200,0,
-14.5197,-24.2400,7.36217,0,
-14.5197,-24.2475,7.36233,0,
-14.5197,-24.2575,7.36250,0,
-14.5197,-24.2650,7.36267,0,
-14.5197,-24.2725,7.36283,0,
-14.5570,-24.2825,7.36300,0,
-14.5570,-24.2900,7.36317,0,
-14.5570,-24.2975,7.36333,0,
-14.5570,-24.3075,7.36350,0,
-14.5570,-24.3150,7.36367,0,
-14.5570,-24.3250,7.36383,0,
-14.5942,-24.3325,7.36400,0,
-14.5942,-24.3400,7.36417,0,
-14.5942,-24.3500,7.36433,0,
-14.5942,-24.3575,7.36450,0,
-14.5942,-24.3650,7.36467,0,
-14.6314,-24.3725,7.36483,0,
-14.6314,-24.3800,7.36500,0,
-14.6314,-24.3900,7.36517,0,
-14.6687,-24.3975,7.36533,0,
-14.6687,-24.4050,7.36550,0,
-14.6687,-24.4125,7.36567,0,
-14.7059,-24.4200,7.36583,0,
-14.7059,-24.4300,7.36600,0,
-14.7431,-24.4375,7.36617,0,
-14.7431,-24.4475,7.36633,0,
-14.7431,-24.4550,7.36650,0,
-14.7431,-24.4625,7.36667,0,
-14.7803,-24.4725,7.36683,0,
-14.7803,-24.4800,7.36700,0,
-14.7803,-24.4875,7.36717,0,
-14.7803,-24.4975,7.36733,0,
-14.7803,-24.5050,7.36750,0,
-14.8176,-24.5150,7.36767,0,
-14.8176,-24.5225,7.36783,0,
-14.8176,-24.5325,7.36800,0,
-14.8548,-24.5400,7.36817,0,
-14.8548,-24.5475,7.36833,0,
-14.8548,-24.5550,7.36850,0,
-14.8920,-24.5650,7.36867,0,
-14.8920,-24.5725,7.36883,0,
-14.9293,-24.5800,7.36900,0,
-14.9293,-24.5875,7.36917,0,
-14.9293,-24.5950,7.36933,0,
-14.9293,-24.6050,7.36950,0,
-14.9665,-24.6125,7.36967,0,
-14.9665,-24.6225,7.36983,0,
-14.9665,-24.6300,7.37000,0,
-15.0037,-24.6400,7.37017,0,
-15.0037,-24.6475,7.37033,0,
-15.0410,-24.6550,7.37050,0,
-15.0410,-24.6650,7.37067,0,
-15.0410,-24.6725,7.37083,0,
-15.0410,-24.6800,7.37100,0,
-15.0782,-24.6900,7.37117,0,
-15.0782,-24.6975,7.37133,0,
-15.1154,-24.7075,7.37150,0,
-15.1154,-24.7150,7.37167,0,
-15.1154,-24.7225,7.37183,0,
-15.1526,-24.7300,7.37200,0,
-15.1526,-24.7375,7.37217,0,
-15.1526,-24.7475,7.37233,0,
-15.1899,-24.7550,7.37250,0,
-15.1899,-24.7625,7.37267,0,
-15.1899,-24.7725,7.37283,0,
-15.2271,-24.7800,7.37300,0,
-15.2271,-24.7900,7.37317,0,
-15.2643,-24.7975,7.37333,0,
-15.2643,-24.8050,7.37350,0,
-15.2643,-24.8150,7.37367,0,
-15.3016,-24.8225,7.37383,0,
-15.3016,-24.8325,7.37400,0,
-15.3388,-24.8400,7.37417,0,
-15.3388,-24.8500,7.37433,0,
-15.3760,-24.8575,7.37450,0,
-15.3760,-24.8675,7.37467,0,
-15.3760,-24.8750,7.37483,0,
-15.4133,-24.8825,7.37500,0,
-15.4133,-24.8925,7.37517,0,
-15.4133,-24.9000,7.37533,0,
-15.4505,-24.9075,7.37550,0,
-15.4505,-24.9150,7.37567,0,
-15.4877,-24.9250,7.37583,0,
-15.4877,-24.9325,7.37600,0,
-15.5249,-24.9400,7.37617,0,
-15.5249,-24.9500,7.37633,0,
-15.5622,-24.9575,7.37650,0,
-15.5622,-24.9675,7.37667,0,
-15.5994,-24.9750,7.37683,0,
-15.5994,-24.9850,7.37700,0,
-15.6366,-24.9925,7.37717,0,
-15.6366,-25.0025,7.37733,0,
-15.6366,-25.0100,7.37750,0,
-15.6366,-25.0175,7.37767,0,
-15.6739,-25.0275,7.37783,0,
-15.6739,-25.0350,7.37800,0,
-15.7111,-25.0425,7.37817,0,
-15.7111,-25.0500,7.37833,0,
-15.7111,-25.0575,7.37850,0,
-15.7483,-25.0675,7.37867,0,
-15.7483,-25.0750,7.37883,0,
-15.7856,-25.0825,7.37900,0,
-15.7856,-25.0925,7.37917,0,
-15.8228,-25.1000,7.37933,0,
-15.8228,-25.1075,7.37950,0,
-15.8600,-25.1175,7.37967,0,
-15.8600,-25.1250,7.37983,0,
-15.8972,-25.1325,7.38000,0,
-15.8972,-25.1425,7.38017,0,
-15.9345,-25.1500,7.38033,0,
-15.9345,-25.1575,7.38050,0,
-15.9345,-25.1675,7.38067,0,
-15.9717,-25.1750,7.38083,0,
-15.9717,-25.1825,7.38100,0,
-16.0089,-25.1925,7.38117,0,
-16.0089,-25.2000,7.38133,0,
-16.0462,-25.2075,7.38150,0,
-16.0462,-25.2150,7.38167,0,
-16.0462,-25.2250,7.38183,0,
-16.0834,-25.2325,7.38200,0,
-16.0834,-25.2400,7.38217,0,
-16.1206,-25.2475,7.38233,0,
-16.1206,-25.2575,7.38250,0,
-16.1579,-25.2650,7.38267,0,
-16.1579,-25.2725,7.38283,0,
-16.1951,-25.2800,7.38300,0,
-16.1951,-25.2900,7.38317,0,
-16.2323,-25.2975,7.38333,0,
-16.2323,-25.3050,7.38350,0,
-16.2695,-25.3150,7.38367,0,
-16.2695,-25.3225,7.38383,0,
-16.2695,-25.3300,7.38400,0,
-16.3068,-25.3400,7.38417,0,
-16.3068,-25.3475,7.38433,0,
-16.3440,-25.3550,7.38450,0,
-16.3440,-25.3625,7.38467,0,
-16.3812,-25.3700,7.38483,0,
-16.3812,-25.3800,7.38500,0,
-16.4185,-25.3875,7.38517,0,
-16.4185,-25.3950,7.38533,0,
-16.4185,-25.4025,7.38550,0,
-16.4557,-25.4125,7.38567,0,
-16.4557,-25.4200,7.38583,0,
-16.4929,-25.4275,7.38600,0,
-16.5302,-25.4375,7.38617,0,
-16.5302,-25.4450,7.38633,0,
-16.5674,-25.4550,7.38650,0,
-16.5674,-25.4625,7.38667,0,
-16.5674,-25.4700,7.38683,0,
-16.6046,-25.4800,7.38700,0,
-16.6046,-25.4875,7.38717,0,
-16.6418,-25.4950,7.38733,0,
-16.6418,-25.5050,7.38750,0,
-16.6791,-25.5125,7.38767,0,
-16.7163,-25.5225,7.38783,0,
-16.7535,-25.5300,7.38800,0,
-16.7535,-25.5375,7.38817,0,
-16.7908,-25.5475,7.38833,0,
-16.8280,-25.5550,7.38850,0,
-16.8652,-25.5625,7.38867,0,
-16.8652,-25.5725,7.38883,0,
-16.9025,-25.5800,7.38900,0,
-16.9397,-25.5875,7.38917,0,
-16.9397,-25.5950,7.38933,0,
-16.9397,-25.6050,7.38950,0,
-16.9769,-25.6125,7.38967,0,
-17.0141,-25.6225,7.38983,0,
-17.0141,-25.6300,7.39000,0,
-17.0514,-25.6375,7.39017,0,
-17.0886,-25.6475,7.39033,0,
-17.1258,-25.6550,7.39050,0,
-17.1631,-25.6650,7.39067,0,
-17.1631,-25.6725,7.39083,0,
-17.2003,-25.6800,7.39100,0,
-17.2375,-25.6875,7.39117,0,
-17.2748,-25.6975,7.39133,0,
-17.2748,-25.7050,7.39150,0,
-17.3120,-25.7125,7.39167,0,
-17.3120,-25.7200,7.39183,0,
-17.3492,-25.7300,7.39200,0,
-17.3864,-25.7375,7.39217,0,
-17.4237,-25.7450,7.39233,0,
-17.4237,-25.7550,7.39250,0,
-17.4609,-25.7625,7.39267,0,
-17.4981,-25.7700,7.39283,0,
-17.4981,-25.7800,7.39300,0,
-17.5354,-25.7875,7.39317,0,
-17.5726,-25.7950,7.39333,0,
-17.6098,-25.8050,7.39350,0,
-17.6098,-25.8125,7.39367,0,
-17.6471,-25.8225,7.39383,0,
-17.6843,-25.8300,7.39400,0,
-17.6843,-25.8375,7.39417,0,
-17.7215,-25.8475,7.39433,0,
-17.7587,-25.8550,7.39450,0,
-17.7587,-25.8625,7.39467,0,
-17.7960,-25.8725,7.39483,0,
-17.7960,-25.8800,7.39500,0,
-17.8332,-25.8875,7.39517,0,
-17.8704,-25.8950,7.39533,0,
-17.8704,-25.9050,7.39550,0,
-17.9077,-25.9125,7.39567,0,
-17.9077,-25.9200,7.39583,0,
-17.9449,-25.9300,7.39600,0,
-17.9821,-25.9375,7.39617,0,
-18.0194,-25.9450,7.39633,0,
-18.0194,-25.9550,7.39650,0,
-18.0566,-25.9625,7.39667,0,
-18.0938,-25.9725,7.39683,0,
-18.0938,-25.9800,7.39700,0,
-18.1311,-25.9875,7.39717,0,
-18.1683,-25.9975,7.39733,0,
-18.1683,-26.0050,7.39750,0,
-18.2055,-26.0125,7.39767,0,
-18.2427,-26.0225,7.39783,0,
-18.2800,-26.0300,7.39800,0,
-18.2800,-26.0375,7.39817,0,
-18.3172,-26.0475,7.39833,0,
-18.3544,-26.0550,7.39850,0,
-18.3544,-26.0625,7.39867,0,
-18.3917,-26.0700,7.39883,0,
-18.3917,-26.0800,7.39900,0,
-18.4289,-26.0875,7.39917,0,
-18.4661,-26.0950,7.39933,0,
-18.5033,-26.1050,7.39950,0,
-18.5033,-26.1125,7.39967,0,
-18.5406,-26.1225,7.39983,0,
-18.5406,-26.1300,7.40000,0,
-18.5778,-26.1375,7.40017,0,
-18.5778,-26.1475,7.40033,0,
-18.6150,-26.1550,7.40050,0,
-18.6150,-26.1650,7.40067,0,
-18.6150,-26.1725,7.40083,0,
-18.6523,-26.1800,7.40100,0,
-18.6523,-26.1900,7.40117,0,
-18.6895,-26.1975,7.40133,0,
-18.7267,-26.2075,7.40150,0,
-18.7267,-26.2150,7.40167,0,
-18.7640,-26.2225,7.40183,0,
-18.8012,-26.2300,7.40200,0,
-18.8012,-26.2400,7.40217,0,
-18.8384,-26.2475,7.40233,0,
-18.8384,-26.2550,7.40250,0,
-18.8757,-26.2625,7.40267,0,
-18.9129,-26.2725,7.40283,0,
-18.9129,-26.2800,7.40300,0,
-18.9501,-26.2900,7.40317,0,
-18.9501,-26.2975,7.40333,0,
-18.9873,-26.3050,7.40350,0,
-18.9873,-26.3150,7.40367,0,
-19.0246,-26.3225,7.40383,0,
-19.0618,-26.3300,7.40400,0,
-19.0618,-26.3400,7.40417,0,
-19.0618,-26.3475,7.40433,0,
-19.0990,-26.3550,7.40450,0,
-19.0990,-26.3625,7.40467,0,
-19.1363,-26.3700,7.40483,0,
-19.1363,-26.3775,7.40500,0,
-19.1735,-26.3875,7.40517,0,
-19.2107,-26.3950,7.40533,0,
-19.2107,-26.4025,7.40550,0,
-19.2107,-26.4100,7.40567,0,
-19.2480,-26.4200,7.40583,0,
-19.2480,-26.4275,7.40600,0,
-19.2852,-26.4350,7.40617,0,
-19.2852,-26.4450,7.40633,0,
-19.3224,-26.4525,7.40650,0,
-19.3596,-26.4600,7.40667,0,
-19.3596,-26.4700,7.40683,0,
-19.3969,-26.4775,7.40700,0,
-19.3969,-26.4850,7.40717,0,
-19.4341,-26.4950,7.40733,0,
-19.4713,-26.5025,7.40750,0,
-19.4713,-26.5100,7.40767,0,
-19.5086,-26.5200,7.40783,0,
-19.5458,-26.5275,7.40800,0,
-19.5458,-26.5350,7.40817,0,
-19.5830,-26.5450,7.40833,0,
-19.5830,-26.5525,7.40850,0,
-19.6203,-26.5600,7.40867,0,
-19.6203,-26.5700,7.40883,0,
-19.6575,-26.5775,7.40900,0,
-19.6575,-26.5850,7.40917,0,
-19.6575,-26.5950,7.40933,0,
-19.6947,-26.6025,7.40950,0,
-19.7319,-26.6125,7.40967,0,
-19.7319,-26.6200,7.40983,0,
-19.7692,-26.6275,7.41000,0,
-19.7692,-26.6375,7.41017,0,
-19.8064,-26.6450,7.41033,0,
-19.8436,-26.6550,7.41050,0,
-19.8436,-26.6625,7.41067,0,
-19.8809,-26.6725,7.41083,0,
-19.9181,-26.6800,7.41100,0,
-19.9181,-26.6875,7.41117,0,
-19.9553,-26.6950,7.41133,0,
-19.9926,-26.7050,7.41150,0,
-19.9926,-26.7125,7.41167,0,
-20.0298,-26.7200,7.41183,0,
-20.0670,-26.7275,7.41200,0,
-20.0670,-26.7375,7.41217,0,
-20.1042,-26.7450,7.41233,0,
-20.1415,-26.7525,7.41250,0,
-20.1787,-26.7600,7.41267,0,
-20.1787,-26.7700,7.41283,0,
-20.2159,-26.7775,7.41300,0,
-20.2532,-26.7875,7.41317,0,
-20.2904,-26.7950,7.41333,0,
-20.2904,-26.8025,7.41350,0,
-20.3276,-26.8125,7.41367,0,
-20.3649,-26.8200,7.41383,0,
-20.3649,-26.8275,7.41400,0,
-20.4021,-26.8375,7.41417,0,
-20.4393,-26.8450,7.41433,0,
-20.4393,-26.8525,7.41450,0,
-20.4765,-26.8625,7.41467,0,
-20.4765,-26.8700,7.41483,0,
-20.5138,-26.8775,7.41500,0,
-20.5138,-26.8875,7.41517,0,
-20.5510,-26.8950,7.41533,0,
-20.5510,-26.9025,7.41550,0,
-20.5882,-26.9100,7.41567,0,
-20.6255,-26.9200,7.41583,0,
-20.6255,-26.9275,7.41600,0,
-20.6627,-26.9350,7.41617,0,
-20.6999,-26.9450,7.41633,0,
-20.6999,-26.9525,7.41650,0,
-20.7372,-26.9600,7.41667,0,
-20.7744,-26.9700,7.41683,0,
-20.8116,-26.9775,7.41700,0,
-20.8116,-26.9875,7.41717,0,
-20.8488,-26.9950,7.41733,0,
-20.8861,-27.0050,7.41750,0,
-20.8861,-27.0125,7.41767,0,
-20.9233,-27.0200,7.41783,0,
-20.9233,-27.0275,7.41800,0,
-20.9605,-27.0375,7.41817,0,
-20.9978,-27.0450,7.41833,0,
-20.9978,-27.0525,7.41850,0,
-20.9978,-27.0600,7.41867,0,
-21.0350,-27.0675,7.41883,0,
-21.0350,-27.0775,7.41900,0,
-21.0722,-27.0850,7.41917,0,
-21.1095,-27.0925,7.41933,0,
-21.1095,-27.1025,7.41950,0,
-21.1467,-27.1100,7.41967,0,
-21.1839,-27.1200,7.41983,0,
-21.2211,-27.1275,7.42000,0,
-21.2211,-27.1350,7.42017,0,
-21.2584,-27.1450,7.42033,0,
-21.2584,-27.1525,7.42050,0,
-21.2956,-27.1600,7.42067,0,
-21.3328,-27.1700,7.42083,0,
-21.3328,-27.1775,7.42100,0,
-21.3701,-27.1850,7.42117,0,
-21.3701,-27.1950,7.42133,0,
-21.4073,-27.2025,7.42150,0,
-21.4445,-27.2100,7.42167,0,
-21.4445,-27.2200,7.42183,0,
-21.4818,-27.2275,7.42200,0,
-21.5190,-27.2350,7.42217,0,
-21.5190,-27.2425,7.42233,0,
-21.5562,-27.2525,7.42250,0,
-21.5934,-27.2600,7.42267,0,
-21.6307,-27.2700,7.42283,0,
-21.6307,-27.2775,7.42300,0,
-21.6679,-27.2850,7.42317,0,
-21.6679,-27.2950,7.42333,0,
-21.7051,-27.3025,7.42350,0,
-21.7051,-27.3125,7.42367,0,
-21.7424,-27.3200,7.42383,0,
-21.7424,-27.3275,7.42400,0,
-21.7796,-27.3375,7.42417,0,
-21.7796,-27.3450,7.42433,0,
-21.8168,-27.3525,7.42450,0,
-21.8541,-27.3625,7.42467,0,
-21.8541,-27.3700,7.42483,0,
-21.8913,-27.3775,7.42500,0,
-21.8913,-27.3850,7.42517,0,
-21.8913,-27.3950,7.42533,0,
-21.9285,-27.4025,7.42550,0,
-21.9657,-27.4100,7.42567,0,
-21.9657,-27.4200,7.42583,0,
-22.0030,-27.4275,7.42600,0,
-22.0030,-27.4350,7.42617,0,
-22.0402,-27.4450,7.42633,0,
-22.0402,-27.4525,7.42650,0,
-22.0774,-27.4625,7.42667,0,
-22.0774,-27.4700,7.42683,0,
-22.1147,-27.4800,7.42700,0,
-22.1519,-27.4875,7.42717,0,
-22.1519,-27.4950,7.42733,0,
-22.1891,-27.5050,7.42750,0,
-22.1891,-27.5125,7.42767,0,
-22.2264,-27.5200,7.42783,0,
-22.2636,-27.5300,7.42800,0,
-22.2636,-27.5375,7.42817,0,
-22.3008,-27.5450,7.42833,0,
-22.3008,-27.5550,7.42850,0,
-22.3380,-27.5625,7.42867,0,
-22.3753,-27.5700,7.42883,0,
-22.3753,-27.5775,7.42900,0,
-22.4125,-27.5875,7.42917,0,
-22.4497,-27.5950,7.42933,0,
-22.4497,-27.6025,7.42950,0,
-22.4870,-27.6125,7.42967,0,
-22.5242,-27.6200,7.42983,0,
-22.5242,-27.6300,7.43000,0,
-22.5614,-27.6375,7.43017,0,
-22.5614,-27.6450,7.43033,0,
-22.5987,-27.6550,7.43050,0,
-22.5987,-27.6625,7.43067,0,
-22.6359,-27.6725,7.43083,0,
-22.6359,-27.6800,7.43100,0,
-22.6731,-27.6875,7.43117,0,
-22.6731,-27.6950,7.43133,0,
-22.7104,-27.7050,7.43150,0,
-22.7104,-27.7125,7.43167,0,
-22.7476,-27.7200,7.43183,0,
-22.7476,-27.7275,7.43200,0,
-22.7848,-27.7350,7.43217,0,
-22.7848,-27.7450,7.43233,0,
-22.8220,-27.7525,7.43250,0,
-22.8220,-27.7600,7.43267,0,
-22.8220,-27.7700,7.43283,0,
-22.8593,-27.7775,7.43300,0,
-22.8593,-27.7875,7.43317,0,
-22.8593,-27.7950,7.43333,0,
-22.8965,-27.8025,7.43350,0,
-22.8965,-27.8125,7.43367,0,
-22.9337,-27.8200,7.43383,0,
-22.9337,-27.8275,7.43400,0,
-22.9337,-27.8375,7.43417,0,
-22.9710,-27.8450,7.43433,0,
-23.0082,-27.8525,7.43450,0,
-23.0082,-27.8625,7.43467,0,
-23.0454,-27.8700,7.43483,0,
-23.0454,-27.8775,7.43500,0,
-23.0826,-27.8875,7.43517,0,
-23.1199,-27.8950,7.43533,0,
-23.1199,-27.9025,7.43550,0,
-23.1571,-27.9125,7.43567,0,
-23.1571,-27.9200,7.43583,0,
-23.1943,-27.9275,7.43600,0,
-23.1943,-27.9375,7.43617,0,
-23.2316,-27.9450,7.43633,0,
-23.2688,-27.9525,7.43650,0,
-23.2688,-27.9625,7.43667,0,
-23.3060,-27.9700,7.43683,0,
-23.3060,-27.9800,7.43700,0,
-23.3433,-27.9875,7.43717,0,
-23.3805,-27.9975,7.43733,0,
-23.3805,-28.0050,7.43750,0,
-23.3805,-28.0125,7.43767,0,
-23.4177,-28.0225,7.43783,0,
-23.4550,-28.0300,7.43800,0,
-23.4550,-28.0375,7.43817,0,
-23.4922,-28.0475,7.43833,0,
-23.4922,-28.0550,7.43850,0,
-23.5294,-28.0625,7.43867,0,
-23.5294,-28.0725,7.43883,0,
-23.5666,-28.0800,7.43900,0,
-23.5666,-28.0875,7.43917,0,
-23.6039,-28.0975,7.43933,0,
-23.6411,-28.1050,7.43950,0,
-23.6411,-28.1150,7.43967,0,
-23.6783,-28.1225,7.43983,0,
-23.6783,-28.1300,7.44000,0,
-23.7156,-28.1400,7.44017,0,
-23.7528,-28.1475,7.44033,0,
-23.7528,-28.1575,7.44050,0,
-23.7900,-28.1650,7.44067,0,
-23.7900,-28.1750,7.44083,0,
-23.8273,-28.1825,7.44100,0,
-23.8273,-28.1900,7.44117,0,
-23.8273,-28.2000,7.44133,0,
-23.8645,-28.2075,7.44150,0,
-23.9017,-28.2150,7.44167,0,
-23.9017,-28.2250,7.44183,0,
-23.9389,-28.2325,7.44200,0,
-23.9389,-28.2400,7.44217,0,
-23.9389,-28.2475,7.44233,0,
-23.9762,-28.2575,7.44250,0,
-23.9762,-28.2650,7.44267,0,
-24.0134,-28.2725,7.44283,0,
-24.0134,-28.2825,7.44300,0,
-24.0134,-28.2900,7.44317,0,
-24.0506,-28.3000,7.44333,0,
-24.0506,-28.3075,7.44350,0,
-24.0879,-28.3175,7.44367,0,
-24.0879,-28.3250,7.44383,0,
-24.0879,-28.3350,7.44400,0,
-24.1251,-28.3425,7.44417,0,
-24.1251,-28.3500,7.44433,0,
-24.1623,-28.3600,7.44450,0,
-24.1623,-28.3675,7.44467,0,
-24.1996,-28.3750,7.44483,0,
-24.1996,-28.3850,7.44500,0,
-24.2368,-28.3925,7.44517,0,
-24.2368,-28.4000,7.44533,0,
-24.2740,-28.4075,7.44550,0,
-24.2740,-28.4175,7.44567,0,
-24.3112,-28.4250,7.44583,0,
-24.3112,-28.4325,7.44600,0,
-24.3112,-28.4425,7.44617,0,
-24.3485,-28.4500,7.44633,0,
-24.3485,-28.4600,7.44650,0,
-24.3857,-28.4675,7.44667,0,
-24.3857,-28.4750,7.44683,0,
-24.3857,-28.4850,7.44700,0,
-24.4229,-28.4925,7.44717,0,
-24.4229,-28.5000,7.44733,0,
-24.4602,-28.5100,7.44750,0,
-24.4602,-28.5175,7.44767,0,
-24.4974,-28.5275,7.44783,0,
-24.4974,-28.5350,7.44800,0,
-24.4974,-28.5425,7.44817,0,
-24.5346,-28.5525,7.44833,0,
-24.5346,-28.5600,7.44850,0,
-24.5719,-28.5675,7.44867,0,
-24.5719,-28.5750,7.44883,0,
-24.6091,-28.5850,7.44900,0,
-24.6091,-28.5925,7.44917,0,
-24.6463,-28.6000,7.44933,0,
-24.6463,-28.6100,7.44950,0,
-24.6835,-28.6175,7.44967,0,
-24.6835,-28.6250,7.44983,0,
-24.7208,-28.6350,7.45000,0,
-24.7208,-28.6425,7.45017,0,
-24.7580,-28.6525,7.45033,0,
-24.7580,-28.6600,7.45050,0,
-24.7580,-28.6700,7.45067,0,
-24.7952,-28.6775,7.45083,0,
-24.8325,-28.6850,7.45100,0,
-24.8325,-28.6950,7.45117,0,
-24.8325,-28.7025,7.45133,0,
-24.8697,-28.7100,7.45150,0,
-24.8697,-28.7175,7.45167,0,
-24.9069,-28.7275,7.45183,0,
-24.9069,-28.7350,7.45200,0,
-24.9069,-28.7425,7.45217,0,
-24.9442,-28.7500,7.45233,0,
-24.9442,-28.7600,7.45250,0,
-24.9814,-28.7675,7.45267,0,
-24.9814,-28.7750,7.45283,0,
-25.0186,-28.7850,7.45300,0,
-25.0558,-28.7925,7.45317,0,
-25.0558,-28.8000,7.45333,0,
-25.0931,-28.8100,7.45350,0,
-25.0931,-28.8175,7.45367,0,
-25.1303,-28.8250,7.45383,0,
-25.1303,-28.8350,7.45400,0,
-25.1303,-28.8425,7.45417,0,
-25.1675,-28.8500,7.45433,0,
-25.1675,-28.8600,7.45450,0,
-25.2048,-28.8675,7.45467,0,
-25.2048,-28.8775,7.45483,0,
-25.2420,-28.8850,7.45500,0,
-25.2420,-28.8925,7.45517,0,
-25.2420,-28.9000,7.45533,0,
-25.2792,-28.9100,7.45550,0,
-25.2792,-28.9175,7.45567,0,
-25.3165,-28.9250,7.45583,0,
-25.3537,-28.9325,7.45600,0,
-25.3537,-28.9425,7.45617,0,
-25.3909,-28.9500,7.45633,0,
-25.3909,-28.9575,7.45650,0,
-25.4281,-28.9675,7.45667,0,
-25.4281,-28.9750,7.45683,0,
-25.4654,-28.9850,7.45700,0,
-25.4654,-28.9925,7.45717,0,
-25.5026,-29.0000,7.45733,0,
-25.5026,-29.0100,7.45750,0,
-25.5398,-29.0175,7.45767,0,
-25.5398,-29.0250,7.45783,0,
-25.5398,-29.0325,7.45800,0,
-25.5398,-29.0425,7.45817,0,
-25.5771,-29.0500,7.45833,0,
-25.5771,-29.0575,7.45850,0,
-25.5771,-29.0650,7.45867,0,
-25.5771,-29.0725,7.45883,0,
-25.6143,-29.0825,7.45900,0,
-25.6143,-29.0900,7.45917,0,
-25.6143,-29.0975,7.45933,0,
-25.6143,-29.1050,7.45950,0,
-25.6143,-29.1150,7.45967,0,
-25.6515,-29.1225,7.45983,0,
-25.6515,-29.1325,7.46000,0,
-25.6515,-29.1400,7.46017,0,
-25.6888,-29.1475,7.46033,0,
-25.6888,-29.1575,7.46050,0,
-25.7260,-29.1650,7.46067,0,
-25.7260,-29.1725,7.46083,0,
-25.7260,-29.1825,7.46100,0,
-25.7632,-29.1900,7.46117,0,
-25.7632,-29.1975,7.46133,0,
-25.7632,-29.2075,7.46150,0,
-25.8004,-29.2150,7.46167,0,
-25.8377,-29.2225,7.46183,0,
-25.8377,-29.2300,7.46200,0,
-25.8377,-29.2400,7.46217,0,
-25.8749,-29.2475,7.46233,0,
-25.8749,-29.2550,7.46250,0,
-25.9121,-29.2650,7.46267,0,
-25.9121,-29.2725,7.46283,0,
-25.9494,-29.2800,7.46300,0,
-25.9494,-29.2900,7.46317,0,
-25.9866,-29.2975,7.46333,0,
-26.0238,-29.3075,7.46350,0,
-26.0238,-29.3150,7.46367,0,
-26.0611,-29.3250,7.46383,0,
-26.0611,-29.3325,7.46400,0,
-26.0611,-29.3425,7.46417,0,
-26.0983,-29.3500,7.46433,0,
-26.1355,-29.3575,7.46450,0,
-26.1355,-29.3650,7.46467,0,
-26.1355,-29.3725,7.46483,0,
-26.1727,-29.3800,7.46500,0,
-26.1727,-29.3900,7.46517,0,
-26.1727,-29.3975,7.46533,0,
-26.2100,-29.4050,7.46550,0,
-26.2472,-29.4125,7.46567,0,
-26.2472,-29.4225,7.46583,0,
-26.2472,-29.4300,7.46600,0,
-26.2844,-29.4375,7.46617,0,
-26.3217,-29.4475,7.46633,0,
-26.3217,-29.4550,7.46650,0,
-26.3589,-29.4625,7.46667,0,
-26.3589,-29.4725,7.46683,0,
-26.3961,-29.4800,7.46700,0,
-26.3961,-29.4875,7.46717,0,
-26.4334,-29.4975,7.46733,0,
-26.4334,-29.5050,7.46750,0,
-26.4706,-29.5125,7.46767,0,
-26.4706,-29.5225,7.46783,0,
-26.5078,-29.5300,7.46800,0,
-26.5078,-29.5400,7.46817,0,
-26.5450,-29.5475,7.46833,0,
-26.5450,-29.5550,7.46850,0,
-26.5450,-29.5625,7.46867,0,
-26.5823,-29.5725,7.46883,0,
-26.5823,-29.5800,7.46900,0,
-26.6195,-29.5875,7.46917,0,
-26.6195,-29.5950,7.46933,0,
-26.6567,-29.6050,7.46950,0,
-26.6567,-29.6125,7.46967,0,
-26.6567,-29.6225,7.46983,0,
-26.6940,-29.6300,7.47000,0,
-26.6940,-29.6400,7.47017,0,
-26.6940,-29.6475,7.47033,0,
-26.7312,-29.6550,7.47050,0,
-26.7312,-29.6650,7.47067,0,
-26.7684,-29.6725,7.47083,0,
-26.7684,-29.6825,7.47100,0,
-26.8057,-29.6900,7.47117,0,
-26.8057,-29.6975,7.47133,0,
-26.8057,-29.7050,7.47150,0,
-26.8429,-29.7150,7.47167,0,
-26.8429,-29.7225,7.47183,0,
-26.8801,-29.7300,7.47200,0,
-26.8801,-29.7375,7.47217,0,
-26.8801,-29.7475,7.47233,0,
-26.9173,-29.7550,7.47250,0,
-26.9173,-29.7625,7.47267,0,
-26.9546,-29.7725,7.47283,0,
-26.9546,-29.7800,7.47300,0,
-26.9546,-29.7900,7.47317,0,
-26.9918,-29.7975,7.47333,0,
-26.9918,-29.8050,7.47350,0,
-26.9918,-29.8150,7.47367,0,
-26.9918,-29.8225,7.47383,0,
-27.0290,-29.8300,7.47400,0,
-27.0290,-29.8400,7.47417,0,
-27.0663,-29.8475,7.47433,0,
-27.0663,-29.8575,7.47450,0,
-27.1035,-29.8650,7.47467,0,
-27.1035,-29.8725,7.47483,0,
-27.1407,-29.8800,7.47500,0,
-27.1407,-29.8900,7.47517,0,
-27.1780,-29.8975,7.47533,0,
-27.1780,-29.9050,7.47550,0,
-27.1780,-29.9125,7.47567,0,
-27.2152,-29.9225,7.47583,0,
-27.2152,-29.9300,7.47600,0,
-27.2524,-29.9375,7.47617,0,
-27.2896,-29.9475,7.47633,0,
-27.2896,-29.9550,7.47650,0,
-27.2896,-29.9650,7.47667,0,
-27.3269,-29.9725,7.47683,0,
-27.3269,-29.9825,7.47700,0,
-27.3641,-29.9900,7.47717,0,
-27.4013,-29.9975,7.47733,0,
-27.4013,-30.0075,7.47750,0,
-27.4386,-30.0150,7.47767,0,
-27.4386,-30.0225,7.47783,0,
-27.4386,-30.0300,7.47800,0,
-27.4758,-30.0400,7.47817,0,
-27.4758,-30.0475,7.47833,0,
-27.5130,-30.0550,7.47850,0,
-27.5130,-30.0625,7.47867,0,
-27.5503,-30.0725,7.47883,0,
-27.5503,-30.0800,7.47900,0,
-27.5875,-30.0875,7.47917,0,
-27.5875,-30.0975,7.47933,0,
-27.6247,-30.1050,7.47950,0,
-27.6247,-30.1125,7.47967,0,
-27.6619,-30.1225,7.47983,0,
-27.6619,-30.1300,7.48000,0,
-27.6992,-30.1375,7.48017,0,
-27.7364,-30.1475,7.48033,0,
-27.7364,-30.1550,7.48050,0,
-27.7736,-30.1625,7.48067,0,
-27.7736,-30.1725,7.48083,0,
-27.8109,-30.1800,7.48100,0,
-27.8109,-30.1900,7.48117,0,
-27.8481,-30.1975,7.48133,0,
-27.8481,-30.2050,7.48150,0,
-27.8481,-30.2125,7.48167,0,
-27.8853,-30.2225,7.48183,0,
-27.9226,-30.2300,7.48200,0,
-27.9226,-30.2375,7.48217,0,
-27.9226,-30.2450,7.48233,0,
-27.9598,-30.2550,7.48250,0,
-27.9598,-30.2625,7.48267,0,
-27.9970,-30.2700,7.48283,0,
-27.9970,-30.2800,7.48300,0,
-28.0343,-30.2875,7.48317,0,
-28.0343,-30.2975,7.48333,0,
-28.0715,-30.3050,7.48350,0,
-28.0715,-30.3125,7.48367,0,
-28.1087,-30.3225,7.48383,0,
-28.1087,-30.3300,7.48400,0,
-28.1459,-30.3375,7.48417,0,
-28.1459,-30.3475,7.48433,0,
-28.1832,-30.3550,7.48450,0,
-28.2204,-30.3625,7.48467,0,
-28.2204,-30.3725,7.48483,0,
-28.2204,-30.3800,7.48500,0,
-28.2576,-30.3875,7.48517,0,
-28.2576,-30.3950,7.48533,0,
-28.2949,-30.4025,7.48550,0,
-28.2949,-30.4125,7.48567,0,
-28.2949,-30.4200,7.48583,0,
-28.3321,-30.4275,7.48600,0,
-28.3321,-30.4375,7.48617,0,
-28.3693,-30.4450,7.48633,0,
-28.3693,-30.4550,7.48650,0,
-28.3693,-30.4625,7.48667,0,
-28.4066,-30.4700,7.48683,0,
-28.4438,-30.4800,7.48700,0,
-28.4438,-30.4875,7.48717,0,
-28.4438,-30.4950,7.48733,0,
-28.4810,-30.5050,7.48750,0,
-28.4810,-30.5125,7.48767,0,
-28.5182,-30.5225,7.48783,0,
-28.5182,-30.5300,7.48800,0,
-28.5555,-30.5375,7.48817,0,
-28.5555,-30.5475,7.48833,0,
-28.5555,-30.5550,7.48850,0,
-28.5927,-30.5625,7.48867,0,
-28.6299,-30.5700,7.48883,0,
-28.6299,-30.5800,7.48900,0,
-28.6299,-30.5875,7.48917,0,
-28.6672,-30.5950,7.48933,0,
-28.7044,-30.6050,7.48950,0,
-28.7044,-30.6125,7.48967,0,
-28.7044,-30.6225,7.48983,0,
-28.7416,-30.6300,7.49000,0,
-28.7789,-30.6375,7.49017,0,
-28.7789,-30.6475,7.49033,0,
-28.8161,-30.6550,7.49050,0,
-28.8161,-30.6650,7.49067,0,
-28.8161,-30.6725,7.49083,0,
-28.8161,-30.6800,7.49100,0,
-28.8161,-30.6850,7.49117,0,
-28.8161,-30.6850,7.49133,0,
-28.7789,-30.6875,7.49150,0,
-28.7789,-30.6925,7.49167,0,
-28.7789,-30.7000,7.49183,0,
-28.7789,-30.7050,7.49200,0,
-28.8161,-30.7100,7.49217,0,
-28.8161,-30.7150,7.49233,0,
-28.7789,-30.7200,7.49250,0,
-28.7789,-30.7225,7.49267,0,
-28.7789,-30.7275,7.49283,0,
-28.7789,-30.7300,7.49300,0,
-28.7416,-30.7300,7.49317,0,
-28.7416,-30.7275,7.49333,0,
-28.6672,-30.7275,7.49350,0,
-28.6299,-30.7275,7.49367,0,
-28.6299,-30.7300,7.49383,0,
-28.6299,-30.7300,7.49400,0,
-28.5927,-30.7300,7.49417,0,
-28.5555,-30.7300,7.49433,0,
-28.5555,-30.7300,7.49450,0,
-28.5555,-30.7300,7.49467,0,
-28.5182,-30.7300,7.49483,0,
-28.5182,-30.7300,7.49500,0,
-28.4810,-30.7275,7.49517,0,
-28.4810,-30.7250,7.49533,0,
-28.4438,-30.7225,7.49550,0,
-28.3693,-30.7200,7.49567,0,
-28.3693,-30.7175,7.49583,0,
-28.3321,-30.7150,7.49600,0,
-28.3321,-30.7150,7.49617,0,
-28.2949,-30.7125,7.49633,0,
-28.2576,-30.7125,7.49650,0,
-28.2576,-30.7125,7.49667,0,
-28.2204,-30.7100,7.49683,0,
-28.2204,-30.7075,7.49700,0,
-28.1832,-30.7075,7.49717,0,
-28.1459,-30.7050,7.49733,0,
-28.1087,-30.7025,7.49750,0,
-28.0715,-30.6975,7.49767,0,
-28.0715,-30.6950,7.49783,0,
-27.9970,-30.6900,7.49800,0,
-27.9598,-30.6875,7.49817,0,
-27.9598,-30.6825,7.49833,0,
-27.9226,-30.6800,7.49850,0,
-27.8853,-30.6775,7.49867,0,
-27.8481,-30.6750,7.49883,0,
-27.8109,-30.6700,7.49900,0,
-27.7736,-30.6650,7.49917,0,
-27.7364,-30.6625,7.49933,0,
-27.6992,-30.6575,7.49950,0,
-27.6619,-30.6525,7.49967,0,
-27.6247,-30.6500,7.49983,0,
-27.5875,-30.6450,7.50000,0,
-27.5503,-30.6400,7.50017,0,
-27.5130,-30.6350,7.50033,0,
-27.4758,-30.6300,7.50050,0,
-27.4386,-30.6250,7.50067,0,
-27.3641,-30.6200,7.50083,0,
-27.3269,-30.6150,7.50100,0,
-27.2896,-30.6100,7.50117,0,
-27.2524,-30.6050,7.50133,0,
-27.2152,-30.5975,7.50150,0,
-27.1780,-30.5925,7.50167,0,
-27.1407,-30.5875,7.50183,0,
-27.0663,-30.5825,7.50200,0,
-27.0290,-30.5750,7.50217,0,
-26.9918,-30.5700,7.50233,0,
-26.9546,-30.5650,7.50250,0,
-26.9173,-30.5600,7.50267,0,
-26.8429,-30.5525,7.50283,0,
-26.8057,-30.5475,7.50300,0,
-26.7684,-30.5400,7.50317,0,
-26.7312,-30.5350,7.50333,0,
-26.6940,-30.5275,7.50350,0,
-26.6195,-30.5225,7.50367,0,
-26.5823,-30.5175,7.50383,0,
-26.5823,-30.5100,7.50400,0,
-26.5078,-30.5050,7.50417,0,
-26.4706,-30.4975,7.50433,0,
-26.4334,-30.4925,7.50450,0,
-26.4334,-30.4850,7.50467,0,
-26.3961,-30.4800,7.50483,0,
-26.3589,-30.4750,7.50500,0,
-26.2844,-30.4675,7.50517,0,
-26.2472,-30.4600,7.50533,0,
-26.2100,-30.4550,7.50550,0,
-26.1727,-30.4475,7.50567,0,
-26.1355,-30.4400,7.50583,0,
-26.0611,-30.4350,7.50600,0,
-26.0238,-30.4275,7.50617,0,
-25.9866,-30.4225,7.50633,0,
-25.9494,-30.4150,7.50650,0,
-25.9121,-30.4075,7.50667,0,
-25.8749,-30.4000,7.50683,0,
-25.8377,-30.3950,7.50700,0,
-25.8004,-30.3875,7.50717,0,
-25.7260,-30.3800,7.50733,0,
-25.6888,-30.3725,7.50750,0,
-25.6515,-30.3650,7.50767,0,
-25.6143,-30.3575,7.50783,0,
-25.5771,-30.3500,7.50800,0,
-25.5398,-30.3425,7.50817,0,
-25.4654,-30.3350,7.50833,0,
-25.4654,-30.3275,7.50850,0,
-25.4281,-30.3200,7.50867,0,
-25.3909,-30.3150,7.50883,0,
-25.3537,-30.3075,7.50900,0,
-25.3165,-30.3000,7.50917,0,
-25.2792,-30.2925,7.50933,0,
-25.2792,-30.2850,7.50950,0,
-25.2420,-30.2775,7.50967,0,
-25.2048,-30.2700,7.50983,0,
-25.1675,-30.2625,7.51000,0,
-25.1675,-30.2550,7.51017,0,
-25.0931,-30.2475,7.51033,0,
-25.0931,-30.2400,7.51050,0,
-25.0558,-30.2325,7.51067,0,
-25.0186,-30.2250,7.51083,0,
-24.9814,-30.2175,7.51100,0,
-24.9442,-30.2075,7.51117,0,
-24.9069,-30.2000,7.51133,0,
-24.8697,-30.1925,7.51150,0,
-24.8325,-30.1850,7.51167,0,
-24.7952,-30.1775,7.51183,0,
-24.7580,-30.1675,7.51200,0,
-24.7208,-30.1600,7.51217,0,
-24.6835,-30.1525,7.51233,0,
-24.6463,-30.1450,7.51250,0,
-24.6463,-30.1375,7.51267,0,
-24.5719,-30.1300,7.51283,0,
-24.5719,-30.1225,7.51300,0,
-24.5346,-30.1125,7.51317,0,
-24.4974,-30.1050,7.51333,0,
-24.4602,-30.0975,7.51350,0,
-24.4229,-30.0900,7.51367,0,
-24.3857,-30.0825,7.51383,0,
-24.3485,-30.0725,7.51400,0,
-24.3112,-30.0650,7.51417,0,
-24.2740,-30.0575,7.51433,0,
-24.2368,-30.0475,7.51450,0,
-24.1996,-30.0400,7.51467,0,
-24.1623,-30.0325,7.51483,0,
-24.1251,-30.0225,7.51500,0,
-24.0879,-30.0150,7.51517,0,
-24.0506,-30.0075,7.51533,0,
-24.0506,-29.9975,7.51550,0,
-24.0134,-29.9900,7.51567,0,
-23.9762,-29.9825,7.51583,0,
-23.9762,-29.9750,7.51600,0,
-23.9389,-29.9650,7.51617,0,
-23.9017,-29.9575,7.51633,0,
-23.8645,-29.9500,7.51650,0,
-23.8273,-29.9425,7.51667,0,
-23.7900,-29.9325,7.51683,0,
-23.7900,-29.9250,7.51700,0,
-23.7528,-29.9175,7.51717,0,
-23.7156,-29.9100,7.51733,0,
-23.6783,-29.9025,7.51750,0,
-23.6411,-29.8925,7.51767,0,
-23.6411,-29.8850,7.51783,0,
-23.6039,-29.8775,7.51800,0,
-23.5666,-29.8675,7.51817,0,
-23.5294,-29.8600,7.51833,0,
-23.4922,-29.8525,7.51850,0,
-23.4550,-29.8425,7.51867,0,
-23.4550,-29.8350,7.51883,0,
-23.4177,-29.8275,7.51900,0,
-23.3805,-29.8175,7.51917,0,
-23.3433,-29.8100,7.51933,0,
-23.3060,-29.8025,7.51950,0,
-23.2688,-29.7950,7.51967,0,
-23.2688,-29.7875,7.51983,0,
-23.2316,-29.7775,7.52000,0,
-23.1943,-29.7700,7.52017,0,
-23.1571,-29.7600,7.52033,0,
-23.1199,-29.7525,7.52050,0,
-23.1199,-29.7450,7.52067,0,
-23.0826,-29.7350,7.52083,0,
-23.0454,-29.7275,7.52100,0,
-23.0082,-29.7200,7.52117,0,
-22.9710,-29.7100,7.52133,0,
-22.9337,-29.7025,7.52150,0,
-22.8965,-29.6950,7.52167,0,
-22.8965,-29.6850,7.52183,0,
-22.8593,-29.6775,7.52200,0,
-22.8220,-29.6675,7.52217,0,
-22.7848,-29.6600,7.52233,0,
-22.7848,-29.6525,7.52250,0,
-22.7476,-29.6425,7.52267,0,
-22.7104,-29.6350,7.52283,0,
-22.6731,-29.6275,7.52300,0,
-22.6731,-29.6175,7.52317,0,
-22.6359,-29.6100,7.52333,0,
-22.5987,-29.6025,7.52350,0,
-22.5614,-29.5925,7.52367,0,
-22.5242,-29.5850,7.52383,0,
-22.5242,-29.5775,7.52400,0,
-22.4870,-29.5675,7.52417,0,
-22.4497,-29.5600,7.52433,0,
-22.4125,-29.5525,7.52450,0,
-22.4125,-29.5425,7.52467,0,
-22.3753,-29.5350,7.52483,0,
-22.3380,-29.5275,7.52500,0,
-22.3008,-29.5175,7.52517,0,
-22.3008,-29.5100,7.52533,0,
-22.2636,-29.5025,7.52550,0,
-22.2264,-29.4925,7.52567,0,
-22.1891,-29.4850,7.52583,0,
-22.1891,-29.4775,7.52600,0,
-22.1519,-29.4675,7.52617,0,
-22.1519,-29.4600,7.52633,0,
-22.0774,-29.4525,7.52650,0,
-22.0774,-29.4425,7.52667,0,
-22.0402,-29.4350,7.52683,0,
-22.0030,-29.4250,7.52700,0,
-21.9657,-29.4175,7.52717,0,
-21.9657,-29.4100,7.52733,0,
-21.9285,-29.4000,7.52750,0,
-21.8913,-29.3925,7.52767,0,
-21.8913,-29.3850,7.52783,0,
-21.8541,-29.3750,7.52800,0,
-21.8168,-29.3675,7.52817,0,
-21.7796,-29.3600,7.52833,0,
-21.7796,-29.3500,7.52850,0,
-21.7424,-29.3425,7.52867,0,
-21.7051,-29.3350,7.52883,0,
-21.7051,-29.3250,7.52900,0,
-21.6679,-29.3175,7.52917,0,
-21.6307,-29.3100,7.52933,0,
-21.6307,-29.3000,7.52950,0,
-21.5934,-29.2925,7.52967,0,
-21.5562,-29.2850,7.52983,0,
-21.5190,-29.2750,7.53000,0,
-21.5190,-29.2675,7.53017,0,
-21.4818,-29.2600,7.53033,0,
-21.4818,-29.2525,7.53050,0,
-21.4073,-29.2425,7.53067,0,
-21.4073,-29.2350,7.53083,0,
-21.3701,-29.2275,7.53100,0,
-21.3328,-29.2200,7.53117,0,
-21.3328,-29.2100,7.53133,0,
-21.2956,-29.2025,7.53150,0,
-21.2584,-29.1925,7.53167,0,
-21.2211,-29.1850,7.53183,0,
-21.1839,-29.1775,7.53200,0,
-21.1839,-29.1675,7.53217,0,
-21.1467,-29.1600,7.53233,0,
-21.1095,-29.1500,7.53250,0,
-21.0722,-29.1425,7.53267,0,
-21.0350,-29.1350,7.53283,0,
-21.0350,-29.1275,7.53300,0,
-20.9978,-29.1175,7.53317,0,
-20.9605,-29.1100,7.53333,0,
-20.9605,-29.1000,7.53350,0,
-20.9233,-29.0925,7.53367,0,
-20.8861,-29.0850,7.53383,0,
-20.8488,-29.0750,7.53400,0,
-20.8488,-29.0675,7.53417,0,
-20.8116,-29.0600,7.53433,0,
-20.7744,-29.0500,7.53450,0,
-20.7372,-29.0425,7.53467,0,
-20.6999,-29.0325,7.53483,0,
-20.6627,-29.0250,7.53500,0,
-20.6627,-29.0150,7.53517,0,
-20.6255,-29.0075,7.53533,0,
-20.5882,-29.0000,7.53550,0,
-20.5510,-28.9900,7.53567,0,
-20.5138,-28.9825,7.53583,0,
-20.5138,-28.9750,7.53600,0,
-20.4765,-28.9650,7.53617,0,
-20.4393,-28.9575,7.53633,0,
-20.4393,-28.9500,7.53650,0,
-20.4021,-28.9400,7.53667,0,
-20.3649,-28.9325,7.53683,0,
-20.3276,-28.9250,7.53700,0,
-20.3276,-28.9175,7.53717,0,
-20.2904,-28.9075,7.53733,0,
-20.2904,-28.9000,7.53750,0,
-20.2532,-28.8925,7.53767,0,
-20.2159,-28.8850,7.53783,0,
-20.1787,-28.8750,7.53800,0,
-20.1787,-28.8675,7.53817,0,
-20.1787,-28.8575,7.53833,0,
-20.1415,-28.8500,7.53850,0,
-20.1042,-28.8425,7.53867,0,
-20.0670,-28.8325,7.53883,0,
-20.0670,-28.8250,7.53900,0,
-20.0298,-28.8175,7.53917,0,
-20.0298,-28.8100,7.53933,0,
-19.9926,-28.8000,7.53950,0,
-19.9553,-28.7925,7.53967,0,
-19.9553,-28.7850,7.53983,0,
-19.9181,-28.7775,7.54000,0,
-19.8809,-28.7675,7.54017,0,
-19.8436,-28.7600,7.54033,0,
-19.8436,-28.7525,7.54050,0,
-19.8064,-28.7425,7.54067,0,
-19.7692,-28.7350,7.54083,0,
-19.7692,-28.7250,7.54100,0,
-19.7319,-28.7175,7.54117,0,
-19.6947,-28.7100,7.54133,0,
-19.6947,-28.7000,7.54150,0,
-19.6575,-28.6925,7.54167,0,
-19.6203,-28.6825,7.54183,0,
-19.6203,-28.6750,7.54200,0,
-19.5830,-28.6675,7.54217,0,
-19.5458,-28.6575,7.54233,0,
-19.5458,-28.6500,7.54250,0,
-19.5086,-28.6425,7.54267,0,
-19.4713,-28.6325,7.54283,0,
-19.4713,-28.6250,7.54300,0,
-19.4341,-28.6175,7.54317,0,
-19.3969,-28.6075,7.54333,0,
-19.3969,-28.6000,7.54350,0,
-19.3596,-28.5925,7.54367,0,
-19.3596,-28.5825,7.54383,0,
-19.3224,-28.5750,7.54400,0,
-19.2852,-28.5675,7.54417,0,
-19.2480,-28.5575,7.54433,0,
-19.2480,-28.5500,7.54450,0,
-19.2107,-28.5400,7.54467,0,
-19.2107,-28.5325,7.54483,0,
-19.1735,-28.5250,7.54500,0,
-19.1363,-28.5150,7.54517,0,
-19.0990,-28.5075,7.54533,0,
-19.0990,-28.5000,7.54550,0,
-19.0618,-28.4900,7.54567,0,
-19.0246,-28.4825,7.54583,0,
-19.0246,-28.4750,7.54600,0,
-18.9873,-28.4650,7.54617,0,
-18.9501,-28.4575,7.54633,0,
-18.9501,-28.4500,7.54650,0,
-18.9129,-28.4400,7.54667,0,
-18.8757,-28.4325,7.54683,0,
-18.8757,-28.4250,7.54700,0,
-18.8384,-28.4150,7.54717,0,
-18.8012,-28.4075,7.54733,0,
-18.7640,-28.3975,7.54750,0,
-18.7267,-28.3900,7.54767,0,
-18.6895,-28.3800,7.54783,0,
-18.6895,-28.3725,7.54800,0,
-18.6523,-28.3650,7.54817,0,
-18.6150,-28.3550,7.54833,0,
-18.5778,-28.3450,7.54850,0,
-18.5406,-28.3375,7.54867,0,
-18.5033,-28.3300,7.54883,0,
-18.5033,-28.3200,7.54900,0,
-18.4661,-28.3125,7.54917,0,
-18.4289,-28.3050,7.54933,0,
-18.3917,-28.2975,7.54950,0,
-18.3917,-28.2875,7.54967,0,
-18.3544,-28.2800,7.54983,0,
-18.3172,-28.2725,7.55000,0,
-18.3172,-28.2625,7.55017,0,
-18.2800,-28.2550,7.55033,0,
-18.2427,-28.2475,7.55050,0,
-18.2427,-28.2375,7.55067,0,
-18.2055,-28.2300,7.55083,0,
-18.1683,-28.2225,7.55100,0,
-18.1311,-28.2125,7.55117,0,
-18.1311,-28.2050,7.55133,0,
-18.0938,-28.1975,7.55150,0,
-18.0938,-28.1875,7.55167,0,
-18.0566,-28.1800,7.55183,0,
-18.0566,-28.1725,7.55200,0,
-18.0194,-28.1625,7.55217,0,
-17.9821,-28.1550,7.55233,0,
-17.9821,-28.1475,7.55250,0,
-17.9449,-28.1375,7.55267,0,
-17.9077,-28.1300,7.55283,0,
-17.9077,-28.1225,7.55300,0,
-17.8704,-28.1150,7.55317,0,
-17.8704,-28.1050,7.55333,0,
-17.8332,-28.0975,7.55350,0,
-17.7960,-28.0900,7.55367,0,
-17.7587,-28.0800,7.55383,0,
-17.7587,-28.0725,7.55400,0,
-17.7215,-28.0650,7.55417,0,
-17.7215,-28.0550,7.55433,0,
-17.6843,-28.0475,7.55450,0,
-17.6843,-28.0400,7.55467,0,
-17.6471,-28.0300,7.55483,0,
-17.6098,-28.0225,7.55500,0,
-17.5726,-28.0125,7.55517,0,
-17.5726,-28.0050,7.55533,0,
-17.5354,-27.9975,7.55550,0,
-17.5354,-27.9900,7.55567,0,
-17.4981,-27.9800,7.55583,0,
-17.4981,-27.9725,7.55600,0,
-17.4609,-27.9650,7.55617,0,
-17.4237,-27.9550,7.55633,0,
-17.4237,-27.9475,7.55650,0,
-17.3864,-27.9400,7.55667,0,
-17.3492,-27.9300,7.55683,0,
-17.3492,-27.9225,7.55700,0,
-17.3120,-27.9150,7.55717,0,
-17.2748,-27.9050,7.55733,0,
-17.2748,-27.8975,7.55750,0,
-17.2375,-27.8900,7.55767,0,
-17.2003,-27.8800,7.55783,0,
-17.2003,-27.8725,7.55800,0,
-17.1631,-27.8650,7.55817,0,
-17.1258,-27.8550,7.55833,0,
-17.1258,-27.8475,7.55850,0,
-17.0886,-27.8375,7.55867,0,
-17.0514,-27.8300,7.55883,0,
-17.0514,-27.8225,7.55900,0,
-17.0141,-27.8125,7.55917,0,
-17.0141,-27.8050,7.55933,0,
-16.9769,-27.7975,7.55950,0,
-16.9397,-27.7875,7.55967,0,
-16.9397,-27.7800,7.55983,0,
-16.9025,-27.7725,7.56000,0,
-16.9025,-27.7625,7.56017,0,
-16.8652,-27.7550,7.56033,0,
-16.8280,-27.7475,7.56050,0,
-16.8280,-27.7375,7.56067,0,
-16.7535,-27.7300,7.56083,0,
-16.7535,-27.7225,7.56100,0,
-16.7163,-27.7125,7.56117,0,
-16.6791,-27.7050,7.56133,0,
-16.6791,-27.6950,7.56150,0,
-16.6418,-27.6875,7.56167,0,
-16.6046,-27.6775,7.56183,0,
-16.5674,-27.6700,7.56200,0,
-16.5302,-27.6600,7.56217,0,
-16.5302,-27.6525,7.56233,0,
-16.4929,-27.6450,7.56250,0,
-16.4929,-27.6375,7.56267,0,
-16.4557,-27.6275,7.56283,0,
-16.4185,-27.6200,7.56300,0,
-16.3812,-27.6125,7.56317,0,
-16.3812,-27.6025,7.56333,0,
-16.3440,-27.5950,7.56350,0,
-16.3068,-27.5875,7.56367,0,
-16.2695,-27.5775,7.56383,0,
-16.2695,-27.5700,7.56400,0,
-16.2323,-27.5625,7.56417,0,
-16.2323,-27.5525,7.56433,0,
-16.1951,-27.5450,7.56450,0,
-16.1579,-27.5350,7.56467,0,
-16.1206,-27.5275,7.56483,0,
-16.1206,-27.5175,7.56500,0,
-16.0834,-27.5100,7.56517,0,
-16.0834,-27.5000,7.56533,0,
-16.0462,-27.4925,7.56550,0,
-16.0089,-27.4850,7.56567,0,
-16.0089,-27.4750,7.56583,0,
-15.9717,-27.4675,7.56600,0,
-15.9717,-27.4600,7.56617,0,
-15.9345,-27.4525,7.56633,0,
-15.8972,-27.4425,7.56650,0,
-15.8972,-27.4350,7.56667,0,
-15.8600,-27.4250,7.56683,0,
-15.8228,-27.4175,7.56700,0,
-15.8228,-27.4100,7.56717,0,
-15.7856,-27.4025,7.56733,0,
-15.7856,-27.3925,7.56750,0,
-15.7483,-27.3850,7.56767,0,
-15.7111,-27.3750,7.56783,0,
-15.7111,-27.3675,7.56800,0,
-15.6739,-27.3600,7.56817,0,
-15.6739,-27.3500,7.56833,0,
-15.6366,-27.3425,7.56850,0,
-15.6366,-27.3325,7.56867,0,
-15.5994,-27.3250,7.56883,0,
-15.5994,-27.3175,7.56900,0,
-15.5622,-27.3100,7.56917,0,
-15.5249,-27.3000,7.56933,0,
-15.5249,-27.2925,7.56950,0,
-15.4877,-27.2850,7.56967,0,
-15.4877,-27.2750,7.56983,0,
-15.4505,-27.2675,7.57000,0,
-15.4505,-27.2575,7.57017,0,
-15.4133,-27.2500,7.57033,0,
-15.3760,-27.2425,7.57050,0,
-15.3760,-27.2325,7.57067,0,
-15.3388,-27.2250,7.57083,0,
-15.3388,-27.2175,7.57100,0,
-15.3016,-27.2075,7.57117,0,
-15.3016,-27.2000,7.57133,0,
-15.2643,-27.1900,7.57150,0,
-15.2271,-27.1825,7.57167,0,
-15.2271,-27.1750,7.57183,0,
-15.1899,-27.1675,7.57200,0,
-15.1526,-27.1575,7.57217,0,
-15.1526,-27.1500,7.57233,0,
-15.1154,-27.1425,7.57250,0,
-15.1154,-27.1325,7.57267,0,
-15.0782,-27.1250,7.57283,0,
-15.0782,-27.1175,7.57300,0,
-15.0410,-27.1075,7.57317,0,
-15.0410,-27.1000,7.57333,0,
-15.0037,-27.0925,7.57350,0,
-15.0037,-27.0825,7.57367,0,
-14.9665,-27.0750,7.57383,0,
-14.9293,-27.0675,7.57400,0,
-14.9293,-27.0575,7.57417,0,
-14.8920,-27.0500,7.57433,0,
-14.8920,-27.0400,7.57450,0,
-14.8548,-27.0325,7.57467,0,
-14.8176,-27.0250,7.57483,0,
-14.8176,-27.0150,7.57500,0,
-14.7803,-27.0075,7.57517,0,
-14.7431,-26.9975,7.57533,0,
-14.7431,-26.9900,7.57550,0,
-14.7059,-26.9825,7.57567,0,
-14.7059,-26.9750,7.57583,0,
-14.6687,-26.9650,7.57600,0,
-14.6314,-26.9575,7.57617,0,
-14.6314,-26.9500,7.57633,0,
-14.5942,-26.9400,7.57650,0,
-14.5570,-26.9325,7.57667,0,
-14.5570,-26.9225,7.57683,0,
-14.5197,-26.9150,7.57700,0,
-14.5197,-26.9075,7.57717,0,
-14.4825,-26.8975,7.57733,0,
-14.4825,-26.8900,7.57750,0,
-14.4453,-26.8825,7.57767,0,
-14.4453,-26.8725,7.57783,0,
-14.4080,-26.8650,7.57800,0,
-14.3708,-26.8575,7.57817,0,
-14.3708,-26.8475,7.57833,0,
-14.3336,-26.8400,7.57850,0,
-14.2964,-26.8325,7.57867,0,
-14.2964,-26.8225,7.57883,0,
-14.2591,-26.8150,7.57900,0,
-14.2219,-26.8075,7.57917,0,
-14.2219,-26.8000,7.57933,0,
-14.1847,-26.7900,7.57950,0,
-14.1847,-26.7825,7.57967,0,
-14.1474,-26.7750,7.57983,0,
-14.1102,-26.7675,7.58000,0,
-14.1102,-26.7575,7.58017,0,
-14.0730,-26.7500,7.58033,0,
-14.0357,-26.7425,7.58050,0,
-14.0357,-26.7350,7.58067,0,
-13.9985,-26.7250,7.58083,0,
-13.9985,-26.7175,7.58100,0,
-13.9613,-26.7100,7.58117,0,
-13.9613,-26.7000,7.58133,0,
-13.9240,-26.6925,7.58150,0,
-13.8868,-26.6850,7.58167,0,
-13.8868,-26.6750,7.58183,0,
-13.8496,-26.6675,7.58200,0,
-13.8496,-26.6600,7.58217,0,
-13.8124,-26.6525,7.58233,0,
-13.8124,-26.6425,7.58250,0,
-13.7751,-26.6350,7.58267,0,
-13.7379,-26.6275,7.58283,0,
-13.7379,-26.6200,7.58300,0,
-13.7007,-26.6125,7.58317,0,
-13.6634,-26.6025,7.58333,0,
-13.6634,-26.5950,7.58350,0,
-13.6262,-26.5875,7.58367,0,
-13.5890,-26.5775,7.58383,0,
-13.5518,-26.5700,7.58400,0,
-13.5518,-26.5625,7.58417,0,
-13.5518,-26.5550,7.58433,0,
-13.5145,-26.5450,7.58450,0,
-13.4773,-26.5375,7.58467,0,
-13.4401,-26.5300,7.58483,0,
-13.4401,-26.5200,7.58500,0,
-13.4028,-26.5125,7.58517,0,
-13.4028,-26.5050,7.58533,0,
-13.3656,-26.4950,7.58550,0,
-13.3284,-26.4875,7.58567,0,
-13.3284,-26.4800,7.58583,0,
-13.2911,-26.4725,7.58600,0,
-13.2911,-26.4625,7.58617,0,
-13.2539,-26.4550,7.58633,0,
-13.2167,-26.4475,7.58650,0,
-13.2167,-26.4375,7.58667,0,
-13.1794,-26.4300,7.58683,0,
-13.1794,-26.4225,7.58700,0,
-13.1422,-26.4125,7.58717,0,
-13.1422,-26.4050,7.58733,0,
-13.1050,-26.3975,7.58750,0,
-13.1050,-26.3875,7.58767,0,
-13.0678,-26.3800,7.58783,0,
-13.0305,-26.3725,7.58800,0,
-13.0305,-26.3625,7.58817,0,
-12.9933,-26.3550,7.58833,0,
-12.9933,-26.3450,7.58850,0,
-12.9561,-26.3375,7.58867,0,
-12.9188,-26.3275,7.58883,0,
-12.9188,-26.3200,7.58900,0,
-12.8816,-26.3125,7.58917,0,
-12.8444,-26.3050,7.58933,0,
-12.8444,-26.2950,7.58950,0,
-12.8071,-26.2875,7.58967,0,
-12.7699,-26.2775,7.58983,0,
-12.7699,-26.2700,7.59000,0,
-12.7327,-26.2625,7.59017,0,
-12.7327,-26.2550,7.59033,0,
-12.6955,-26.2450,7.59050,0,
-12.6582,-26.2375,7.59067,0,
-12.6582,-26.2300,7.59083,0,
-12.6210,-26.2225,7.59100,0,
-12.6210,-26.2125,7.59117,0,
-12.5838,-26.2050,7.59133,0,
-12.5838,-26.1975,7.59150,0,
-12.5465,-26.1875,7.59167,0,
-12.5465,-26.1800,7.59183,0,
-12.5093,-26.1725,7.59200,0,
-12.5093,-26.1625,7.59217,0,
-12.4721,-26.1550,7.59233,0,
-12.4721,-26.1475,7.59250,0,
-12.4348,-26.1400,7.59267,0,
-12.4348,-26.1300,7.59283,0,
-12.4348,-26.1225,7.59300,0,
-12.3976,-26.1150,7.59317,0,
-12.3976,-26.1050,7.59333,0,
-12.3604,-26.0975,7.59350,0,
-12.3604,-26.0900,7.59367,0,
-12.3232,-26.0800,7.59383,0,
-12.3232,-26.0725,7.59400,0,
-12.2859,-26.0650,7.59417,0,
-12.2859,-26.0575,7.59433,0,
-12.2487,-26.0475,7.59450,0,
-12.2487,-26.0400,7.59467,0,
-12.2115,-26.0300,7.59483,0,
-12.2115,-26.0225,7.59500,0,
-12.2115,-26.0125,7.59517,0,
-12.1742,-26.0050,7.59533,0,
-12.1742,-25.9975,7.59550,0,
-12.1742,-25.9875,7.59567,0,
-12.1370,-25.9800,7.59583,0,
-12.1370,-25.9725,7.59600,0,
-12.0998,-25.9650,7.59617,0,
-12.0998,-25.9550,7.59633,0,
-12.0998,-25.9475,7.59650,0,
-12.0625,-25.9400,7.59667,0,
-12.0253,-25.9300,7.59683,0,
-12.0253,-25.9225,7.59700,0,
-12.0253,-25.9150,7.59717,0,
-11.9881,-25.9050,7.59733,0,
-11.9881,-25.8975,7.59750,0,
-11.9509,-25.8900,7.59767,0,
-11.9509,-25.8800,7.59783,0,
-11.9136,-25.8725,7.59800,0,
-11.9136,-25.8650,7.59817,0,
-11.9136,-25.8550,7.59833,0,
-11.8764,-25.8475,7.59850,0,
-11.8764,-25.8400,7.59867,0,
-11.8392,-25.8300,7.59883,0,
-11.8392,-25.8225,7.59900,0,
-11.8392,-25.8150,7.59917,0,
-11.8019,-25.8050,7.59933,0,
-11.7647,-25.7975,7.59950,0,
-11.7647,-25.7900,7.59967,0,
-11.7647,-25.7825,7.59983,0,
-11.7275,-25.7725,7.60000,0,
-11.7275,-25.7650,7.60017,0,
-11.6902,-25.7575,7.60033,0,
-11.6902,-25.7475,7.60050,0,
-11.6530,-25.7400,7.60067,0,
-11.6530,-25.7325,7.60083,0,
-11.6530,-25.7250,7.60100,0,
-11.6158,-25.7150,7.60117,0,
-11.5786,-25.7075,7.60133,0,
-11.5786,-25.6975,7.60150,0,
-11.5786,-25.6900,7.60167,0,
-11.5413,-25.6800,7.60183,0,
-11.5413,-25.6725,7.60200,0,
-11.5413,-25.6650,7.60217,0,
-11.5041,-25.6550,7.60233,0,
-11.5041,-25.6475,7.60250,0,
-11.4669,-25.6400,7.60267,0,
-11.4669,-25.6325,7.60283,0,
-11.4669,-25.6225,7.60300,0,
-11.4296,-25.6150,7.60317,0,
-11.4296,-25.6075,7.60333,0,
-11.4296,-25.5975,7.60350,0,
-11.4296,-25.5900,7.60367,0,
-11.3924,-25.5825,7.60383,0,
-11.3924,-25.5725,7.60400,0,
-11.3552,-25.5650,7.60417,0,
-11.3552,-25.5575,7.60433,0,
-11.3552,-25.5500,7.60450,0,
-11.3179,-25.5400,7.60467,0,
-11.3179,-25.5325,7.60483,0,
-11.3179,-25.5225,7.60500,0,
-11.2807,-25.5150,7.60517,0,
-11.2807,-25.5075,7.60533,0,
-11.2807,-25.4975,7.60550,0,
-11.2807,-25.4900,7.60567,0,
-11.2807,-25.4825,7.60583,0,
-11.2807,-25.4750,7.60600,0,
-11.2435,-25.4650,7.60617,0,
-11.2435,-25.4575,7.60633,0,
-11.2435,-25.4500,7.60650,0,
-11.2435,-25.4400,7.60667,0,
-11.2063,-25.4325,7.60683,0,
-11.2063,-25.4250,7.60700,0,
-11.2063,-25.4150,7.60717,0,
-11.2063,-25.4075,7.60733,0,
-11.2063,-25.4000,7.60750,0,
-11.1690,-25.3900,7.60767,0,
-11.1690,-25.3825,7.60783,0,
-11.1690,-25.3750,7.60800,0,
-11.1690,-25.3650,7.60817,0,
-11.1318,-25.3575,7.60833,0,
-11.1318,-25.3475,7.60850,0,
-11.0946,-25.3400,7.60867,0,
-11.0946,-25.3325,7.60883,0,
-11.0946,-25.3225,7.60900,0,
-11.0573,-25.3150,7.60917,0,
-11.0573,-25.3075,7.60933,0,
-11.0573,-25.2975,7.60950,0,
-11.0201,-25.2900,7.60967,0,
-11.0201,-25.2825,7.60983,0,
-11.0201,-25.2725,7.61000,0,
-10.9829,-25.2650,7.61017,0,
-10.9829,-25.2575,7.61033,0,
-10.9829,-25.2475,7.61050,0,
-10.9829,-25.2400,7.61067,0,
-10.9456,-25.2325,7.61083,0,
-10.9456,-25.2250,7.61100,0,
-10.9456,-25.2150,7.61117,0,
-10.9084,-25.2075,7.61133,0,
-10.9084,-25.1975,7.61150,0,
-10.9084,-25.1900,7.61167,0,
-10.8712,-25.1825,7.61183,0,
-10.8712,-25.1725,7.61200,0,
-10.8712,-25.1650,7.61217,0,
-10.8712,-25.1575,7.61233,0,
-10.8340,-25.1475,7.61250,0,
-10.8340,-25.1400,7.61267,0,
-10.8340,-25.1325,7.61283,0,
-10.8340,-25.1225,7.61300,0,
-10.7967,-25.1150,7.61317,0,
-10.7967,-25.1050,7.61333,0,
-10.7967,-25.0975,7.61350,0,
-10.7967,-25.0900,7.61367,0,
-10.7595,-25.0800,7.61383,0,
-10.7595,-25.0725,7.61400,0,
-10.7595,-25.0625,7.61417,0,
-10.7223,-25.0550,7.61433,0,
-10.7223,-25.0475,7.61450,0,
-10.7223,-25.0375,7.61467,0,
-10.7223,-25.0300,7.61483,0,
-10.6850,-25.0200,7.61500,0,
-10.6850,-25.0125,7.61517,0,
-10.6850,-25.0025,7.61533,0,
-10.6850,-24.9950,7.61550,0,
-10.6478,-24.9850,7.61567,0,
-10.6478,-24.9775,7.61583,0,
-10.6478,-24.9675,7.61600,0,
-10.6478,-24.9600,7.61617,0,
-10.6478,-24.9525,7.61633,0,
-10.6106,-24.9425,7.61650,0,
-10.6106,-24.9350,7.61667,0,
-10.6106,-24.9275,7.61683,0,
-10.6106,-24.9175,7.61700,0,
-10.6106,-24.9100,7.61717,0,
-10.5733,-24.9025,7.61733,0,
-10.5733,-24.8925,7.61750,0,
-10.5733,-24.8850,7.61767,0,
-10.5733,-24.8775,7.61783,0,
-10.5361,-24.8675,7.61800,0,
-10.5361,-24.8600,7.61817,0,
-10.5361,-24.8525,7.61833,0,
-10.5361,-24.8425,7.61850,0,
-10.5361,-24.8350,7.61867,0,
-10.4989,-24.8275,7.61883,0,
-10.4989,-24.8200,7.61900,0,
-10.4989,-24.8100,7.61917,0,
-10.4617,-24.8025,7.61933,0,
-10.4617,-24.7950,7.61950,0,
-10.4617,-24.7875,7.61967,0,
-10.4617,-24.7775,7.61983,0,
-10.4617,-24.7700,7.62000,0,
-10.4244,-24.7600,7.62017,0,
-10.4244,-24.7525,7.62033,0,
-10.4244,-24.7450,7.62050,0,
-10.4244,-24.7350,7.62067,0,
-10.4244,-24.7275,7.62083,0,
-10.3872,-24.7200,7.62100,0,
-10.3872,-24.7100,7.62117,0,
-10.3872,-24.7025,7.62133,0,
-10.3500,-24.6925,7.62150,0,
-10.3500,-24.6850,7.62167,0,
-10.3500,-24.6750,7.62183,0,
-10.3500,-24.6675,7.62200,0,
-10.3127,-24.6575,7.62217,0,
-10.3127,-24.6500,7.62233,0,
-10.3127,-24.6425,7.62250,0,
-10.2755,-24.6325,7.62267,0,
-10.2755,-24.6250,7.62283,0,
-10.2755,-24.6150,7.62300,0,
-10.2755,-24.6075,7.62317,0,
-10.2383,-24.5975,7.62333,0,
-10.2383,-24.5900,7.62350,0,
-10.2383,-24.5825,7.62367,0,
-10.2010,-24.5725,7.62383,0,
-10.2010,-24.5650,7.62400,0,
-10.2010,-24.5575,7.62417,0,
-10.2010,-24.5475,7.62433,0,
-10.1638,-24.5400,7.62450,0,
-10.1638,-24.5300,7.62467,0,
-10.1638,-24.5225,7.62483,0,
-10.1638,-24.5125,7.62500,0,
-10.1638,-24.5050,7.62517,0,
-10.1266,-24.4950,7.62533,0,
-10.1266,-24.4875,7.62550,0,
-10.1266,-24.4800,7.62567,0,
-10.1266,-24.4725,7.62583,0,
-10.0894,-24.4625,7.62600,0,
-10.0894,-24.4550,7.62617,0,
-10.0894,-24.4475,7.62633,0,
-10.0521,-24.4375,7.62650,0,
-10.0521,-24.4300,7.62667,0,
-10.0521,-24.4200,7.62683,0,
-10.0521,-24.4125,7.62700,0,
-10.0521,-24.4050,7.62717,0,
-10.0149,-24.3950,7.62733,0,
-10.0149,-24.3875,7.62750,0,
-10.0149,-24.3800,7.62767,0,
-9.9777,-24.3700,7.62783,0,
-9.9777,-24.3625,7.62800,0,
-9.9777,-24.3525,7.62817,0,
-9.9777,-24.3450,7.62833,0,
-9.9404,-24.3350,7.62850,0,
-9.9404,-24.3275,7.62867,0,
-9.9404,-24.3200,7.62883,0,
-9.9404,-24.3100,7.62900,0,
-9.9032,-24.3025,7.62917,0,
-9.9032,-24.2925,7.62933,0,
-9.9032,-24.2850,7.62950,0,
-9.8660,-24.2775,7.62967,0,
-9.8660,-24.2675,7.62983,0,
-9.8660,-24.2600,7.63000,0,
-9.8660,-24.2525,7.63017,0,
-9.8660,-24.2425,7.63033,0,
-9.8660,-24.2350,7.63050,0,
-9.8287,-24.2275,7.63067,0,
-9.8287,-24.2175,7.63083,0,
-9.8287,-24.2100,7.63100,0,
-9.7915,-24.2025,7.63117,0,
-9.8287,-24.1925,7.63133,0,
-9.7915,-24.1850,7.63150,0,
-9.7915,-24.1750,7.63167,0,
-9.7915,-24.1675,7.63183,0,
-9.7915,-24.1600,7.63200,0,
-9.7915,-24.1525,7.63217,0,
-9.7915,-24.1425,7.63233,0,
-9.7915,-24.1350,7.63250,0,
-9.7543,-24.1275,7.63267,0,
-9.7543,-24.1200,7.63283,0,
-9.7543,-24.1100,7.63300,0,
-9.7543,-24.1025,7.63317,0,
-9.7543,-24.0925,7.63333,0,
-9.7543,-24.0850,7.63350,0,
-9.7543,-24.0775,7.63367,0,
-9.7543,-24.0675,7.63383,0,
-9.7171,-24.0600,7.63400,0,
-9.7171,-24.0500,7.63417,0,
-9.7171,-24.0425,7.63433,0,
-9.7171,-24.0350,7.63450,0,
-9.7171,-24.0250,7.63467,0,
-9.7171,-24.0150,7.63483,0,
-9.7171,-24.0075,7.63500,0,
-9.6798,-24.0000,7.63517,0,
-9.6798,-23.9900,7.63533,0,
-9.6798,-23.9825,7.63550,0,
-9.6798,-23.9750,7.63567,0,
-9.6798,-23.9650,7.63583,0,
-9.6798,-23.9575,7.63600,0,
-9.6798,-23.9500,7.63617,0,
-9.6798,-23.9425,7.63633,0,
-9.6798,-23.9325,7.63650,0,
-9.6798,-23.9250,7.63667,0,
-9.6798,-23.9175,7.63683,0,
-9.6798,-23.9075,7.63700,0,
-9.6426,-23.9000,7.63717,0,
-9.6426,-23.8925,7.63733,0,
-9.6426,-23.8825,7.63750,0,
-9.6426,-23.8750,7.63767,0,
-9.6426,-23.8650,7.63783,0,
-9.6054,-23.8575,7.63800,0,
-9.6054,-23.8500,7.63817,0,
-9.6054,-23.8400,7.63833,0,
-9.6054,-23.8325,7.63850,0,
-9.6054,-23.8225,7.63867,0,
-9.6054,-23.8150,7.63883,0,
-9.6054,-23.8075,7.63900,0,
-9.6054,-23.7975,7.63917,0,
-9.5681,-23.7900,7.63933,0,
-9.5681,-23.7825,7.63950,0,
-9.5681,-23.7750,7.63967,0,
-9.5681,-23.7650,7.63983,0,
-9.5681,-23.7575,7.64000,0,
-9.5681,-23.7500,7.64017,0,
-9.5681,-23.7400,7.64033,0,
-9.5309,-23.7325,7.64050,0,
-9.5309,-23.7250,7.64067,0,
-9.5309,-23.7150,7.64083,0,
-9.5309,-23.7075,7.64100,0,
-9.4937,-23.7000,7.64117,0,
-9.4937,-23.6900,7.64133,0,
-9.4937,-23.6825,7.64150,0,
-9.4937,-23.6725,7.64167,0,
-9.4564,-23.6650,7.64183,0,
-9.4564,-23.6575,7.64200,0,
-9.4564,-23.6500,7.64217,0,
-9.4564,-23.6400,7.64233,0,
-9.4564,-23.6325,7.64250,0,
-9.4192,-23.6225,7.64267,0,
-9.4192,-23.6150,7.64283,0,
-9.4192,-23.6075,7.64300,0,
-9.4192,-23.5975,7.64317,0,
-9.4192,-23.5900,7.64333,0,
-9.4192,-23.5825,7.64350,0,
-9.4192,-23.5750,7.64367,0,
-9.3820,-23.5675,7.64383,0,
-9.3820,-23.5575,7.64400,0,
-9.3820,-23.5500,7.64417,0,
-9.3820,-23.5425,7.64433,0,
-9.3820,-23.5325,7.64450,0,
-9.3447,-23.5250,7.64467,0,
-9.3447,-23.5175,7.64483,0,
-9.3447,-23.5075,7.64500,0,
-9.3447,-23.5000,7.64517,0,
-9.3447,-23.4925,7.64533,0,
-9.3447,-23.4850,7.64550,0,
-9.3075,-23.4750,7.64567,0,
-9.3075,-23.4675,7.64583,0,
-9.3075,-23.4600,7.64600,0,
-9.3075,-23.4525,7.64617,0,
-9.3075,-23.4425,7.64633,0,
-9.3075,-23.4350,7.64650,0,
-9.3075,-23.4275,7.64667,0,
-9.3075,-23.4175,7.64683,0,
-9.3075,-23.4100,7.64700,0,
-9.3075,-23.4025,7.64717,0,
-9.2703,-23.3925,7.64733,0,
-9.2703,-23.3850,7.64750,0,
-9.2703,-23.3750,7.64767,0,
-9.2703,-23.3675,7.64783,0,
-9.2703,-23.3600,7.64800,0,
-9.2703,-23.3500,7.64817,0,
-9.2331,-23.3425,7.64833,0,
-9.2331,-23.3325,7.64850,0,
-9.2331,-23.3250,7.64867,0,
-9.2331,-23.3150,7.64883,0,
-9.2331,-23.3075,7.64900,0,
-9.1958,-23.3000,7.64917,0,
-9.1958,-23.2900,7.64933,0,
-9.1958,-23.2825,7.64950,0,
-9.1958,-23.2750,7.64967,0,
-9.1958,-23.2650,7.64983,0,
-9.1586,-23.2575,7.65000,0,
-9.1586,-23.2500,7.65017,0,
-9.1586,-23.2400,7.65033,0,
-9.1586,-23.2325,7.65050,0,
-9.1586,-23.2250,7.65067,0,
-9.1586,-23.2150,7.65083,0,
-9.1586,-23.2075,7.65100,0,
-9.1586,-23.2000,7.65117,0,
-9.1586,-23.1900,7.65133,0,
-9.1586,-23.1825,7.65150,0,
-9.1214,-23.1725,7.65167,0,
-9.1214,-23.1650,7.65183,0,
-9.1214,-23.1550,7.65200,0,
-9.1214,-23.1475,7.65217,0,
-9.0841,-23.1400,7.65233,0,
-9.1214,-23.1325,7.65250,0,
-9.0841,-23.1225,7.65267,0,
-9.0841,-23.1150,7.65283,0,
-9.0841,-23.1075,7.65300,0,
-9.0841,-23.1000,7.65317,0,
-9.0841,-23.0900,7.65333,0,
-9.0841,-23.0825,7.65350,0,
-9.0469,-23.0750,7.65367,0,
-9.0469,-23.0650,7.65383,0,
-9.0469,-23.0575,7.65400,0,
-9.0469,-23.0500,7.65417,0,
-9.0469,-23.0400,7.65433,0,
-9.0469,-23.0325,7.65450,0,
-9.0469,-23.0225,7.65467,0,
-9.0469,-23.0150,7.65483,0,
-9.0469,-23.0050,7.65500,0,
-9.0469,-22.9975,7.65517,0,
-9.0097,-22.9875,7.65533,0,
-9.0097,-22.9800,7.65550,0,
-9.0097,-22.9725,7.65567,0,
-9.0097,-22.9650,7.65583,0,
-9.0097,-22.9550,7.65600,0,
-9.0097,-22.9475,7.65617,0,
-9.0097,-22.9375,7.65633,0,
-9.0097,-22.9300,7.65650,0,
-8.9725,-22.9225,7.65667,0,
-8.9725,-22.9150,7.65683,0,
-8.9725,-22.9050,7.65700,0,
-8.9725,-22.8975,7.65717,0,
-8.9725,-22.8900,7.65733,0,
-8.9725,-22.8800,7.65750,0,
-8.9725,-22.8725,7.65767,0,
-8.9352,-22.8625,7.65783,0,
-8.9352,-22.8550,7.65800,0,
-8.9352,-22.8450,7.65817,0,
-8.9352,-22.8375,7.65833,0,
-8.9352,-22.8275,7.65850,0,
-8.9352,-22.8200,7.65867,0,
-8.9352,-22.8125,7.65883,0,
-8.9352,-22.8050,7.65900,0,
-8.8980,-22.7950,7.65917,0,
-8.8980,-22.7875,7.65933,0,
-8.8980,-22.7800,7.65950,0,
-8.8980,-22.7700,7.65967,0,
-8.8980,-22.7625,7.65983,0,
-8.8980,-22.7550,7.66000,0,
-8.8980,-22.7475,7.66017,0,
-8.8608,-22.7375,7.66033,0,
-8.8608,-22.7300,7.66050,0,
-8.8608,-22.7225,7.66067,0,
-8.8608,-22.7125,7.66083,0,
-8.8608,-22.7050,7.66100,0,
-8.8235,-22.6950,7.66117,0,
-8.8608,-22.6875,7.66133,0,
-8.8235,-22.6775,7.66150,0,
-8.8235,-22.6700,7.66167,0,
-8.8235,-22.6625,7.66183,0,
-8.8235,-22.6525,7.66200,0,
-8.8235,-22.6450,7.66217,0,
-8.8235,-22.6375,7.66233,0,
-8.8235,-22.6300,7.66250,0,
-8.7863,-22.6200,7.66267,0,
-8.7863,-22.6125,7.66283,0,
-8.7863,-22.6025,7.66300,0,
-8.7863,-22.5950,7.66317,0,
-8.7863,-22.5875,7.66333,0,
-8.7863,-22.5775,7.66350,0,
-8.7863,-22.5700,7.66367,0,
-8.7863,-22.5625,7.66383,0,
-8.7863,-22.5525,7.66400,0,
-8.7863,-22.5450,7.66417,0,
-8.7491,-22.5375,7.66433,0,
-8.7491,-22.5275,7.66450,0,
-8.7491,-22.5200,7.66467,0,
-8.7491,-22.5100,7.66483,0,
-8.7491,-22.5025,7.66500,0,
-8.7491,-22.4925,7.66517,0,
-8.7491,-22.4850,7.66533,0,
-8.7118,-22.4775,7.66550,0,
-8.7118,-22.4700,7.66567,0,
-8.7118,-22.4600,7.66583,0,
-8.7118,-22.4525,7.66600,0,
-8.7118,-22.4450,7.66617,0,
-8.7118,-22.4350,7.66633,0,
-8.6746,-22.4275,7.66650,0,
-8.6746,-22.4200,7.66667,0,
-8.6746,-22.4100,7.66683,0,
-8.6746,-22.4025,7.66700,0,
-8.6746,-22.3950,7.66717,0,
-8.6746,-22.3850,7.66733,0,
-8.6746,-22.3775,7.66750,0,
-8.6746,-22.3675,7.66767,0,
-8.6374,-22.3600,7.66783,0,
-8.6374,-22.3525,7.66800,0,
-8.6374,-22.3425,7.66817,0,
-8.6374,-22.3350,7.66833,0,
-8.6374,-22.3275,7.66850,0,
-8.6374,-22.3200,7.66867,0,
-8.6374,-22.3100,7.66883,0,
-8.6374,-22.3025,7.66900,0,
-8.6001,-22.2950,7.66917,0,
-8.6001,-22.2875,7.66933,0,
-8.6001,-22.2775,7.66950,0,
-8.6001,-22.2700,7.66967,0,
-8.6001,-22.2625,7.66983,0,
-8.6001,-22.2550,7.67000,0,
-8.6001,-22.2450,7.67017,0,
-8.6001,-22.2375,7.67033,0,
-8.6001,-22.2300,7.67050,0,
-8.6001,-22.2200,7.67067,0,
-8.5629,-22.2125,7.67083,0,
-8.5629,-22.2050,7.67100,0,
-8.5629,-22.1950,7.67117,0,
-8.5629,-22.1875,7.67133,0,
-8.5629,-22.1775,7.67150,0,
-8.5629,-22.1700,7.67167,0,
-8.5629,-22.1625,7.67183,0,
-8.5629,-22.1525,7.67200,0,
-8.5257,-22.1450,7.67217,0,
-8.5257,-22.1375,7.67233,0,
-8.5257,-22.1300,7.67250,0,
-8.5257,-22.1225,7.67267,0,
-8.5257,-22.1125,7.67283,0,
-8.5257,-22.1050,7.67300,0,
-8.4885,-22.0975,7.67317,0,
-8.4885,-22.0900,7.67333,0,
-8.4885,-22.0800,7.67350,0,
-8.4885,-22.0725,7.67367,0,
-8.4885,-22.0650,7.67383,0,
-8.4885,-22.0550,7.67400,0,
-8.4885,-22.0475,7.67417,0,
-8.4512,-22.0400,7.67433,0,
-8.4512,-22.0300,7.67450,0,
-8.4512,-22.0225,7.67467,0,
-8.4512,-22.0125,7.67483,0,
-8.4512,-22.0050,7.67500,0,
-8.4512,-21.9975,7.67517,0,
-8.4512,-21.9875,7.67533,0,
-8.4140,-21.9800,7.67550,0,
-8.4140,-21.9725,7.67567,0,
-8.4140,-21.9625,7.67583,0,
-8.4140,-21.9550,7.67600,0,
-8.4140,-21.9475,7.67617,0,
-8.4140,-21.9375,7.67633,0,
-8.3768,-21.9300,7.67650,0,
-8.3768,-21.9225,7.67667,0,
-8.3768,-21.9150,7.67683,0,
-8.3768,-21.9050,7.67700,0,
-8.3768,-21.8975,7.67717,0,
-8.3768,-21.8900,7.67733,0,
-8.3395,-21.8800,7.67750,0,
-8.3768,-21.8725,7.67767,0,
-8.3395,-21.8650,7.67783,0,
-8.3395,-21.8550,7.67800,0,
-8.3395,-21.8475,7.67817,0,
-8.3395,-21.8400,7.67833,0,
-8.3395,-21.8325,7.67850,0,
-8.3023,-21.8225,7.67867,0,
-8.3023,-21.8150,7.67883,0,
-8.3023,-21.8075,7.67900,0,
-8.3023,-21.8000,7.67917,0,
-8.3023,-21.7925,7.67933,0,
-8.3023,-21.7825,7.67950,0,
-8.3023,-21.7750,7.67967,0,
-8.3023,-21.7675,7.67983,0,
-8.3023,-21.7575,7.68000,0,
-8.2651,-21.7500,7.68017,0,
-8.2651,-21.7425,7.68033,0,
-8.2651,-21.7325,7.68050,0,
-8.2651,-21.7250,7.68067,0,
-8.2651,-21.7175,7.68083,0,
-8.2278,-21.7075,7.68100,0,
-8.2278,-21.7000,7.68117,0,
-8.2278,-21.6900,7.68133,0,
-8.2278,-21.6825,7.68150,0,
-8.2278,-21.6725,7.68167,0,
-8.2278,-21.6650,7.68183,0,
-8.2278,-21.6575,7.68200,0,
-8.1906,-21.6475,7.68217,0,
-8.1906,-21.6400,7.68233,0,
-8.1906,-21.6325,7.68250,0,
-8.1906,-21.6250,7.68267,0,
-8.1906,-21.6150,7.68283,0,
-8.1906,-21.6075,7.68300,0,
-8.1906,-21.6000,7.68317,0,
-8.1534,-21.5900,7.68333,0,
-8.1534,-21.5825,7.68350,0,
-8.1534,-21.5750,7.68367,0,
-8.1162,-21.5650,7.68383,0,
-8.1162,-21.5575,7.68400,0,
-8.1162,-21.5500,7.68417,0,
-8.1162,-21.5400,7.68433,0,
-8.1162,-21.5325,7.68450,0,
-8.0789,-21.5250,7.68467,0,
-8.0789,-21.5150,7.68483,0,
-8.0789,-21.5075,7.68500,0,
-8.0789,-21.4975,7.68517,0,
-8.0789,-21.4900,7.68533,0,
-8.0789,-21.4825,7.68550,0,
-8.0789,-21.4750,7.68567,0,
-8.0417,-21.4650,7.68583,0,
-8.0417,-21.4575,7.68600,0,
-8.0417,-21.4500,7.68617,0,
-8.0417,-21.4425,7.68633,0,
-8.0417,-21.4325,7.68650,0,
-8.0417,-21.4250,7.68667,0,
-8.0045,-21.4175,7.68683,0,
-8.0045,-21.4100,7.68700,0,
-8.0045,-21.4025,7.68717,0,
-8.0045,-21.3950,7.68733,0,
-8.0045,-21.3850,7.68750,0,
-8.0045,-21.3775,7.68767,0,
-8.0045,-21.3675,7.68783,0,
-7.9672,-21.3600,7.68800,0,
-7.9672,-21.3525,7.68817,0,
-7.9672,-21.3425,7.68833,0,
-7.9672,-21.3350,7.68850,0,
-7.9672,-21.3275,7.68867,0,
-7.9672,-21.3175,7.68883,0,
-7.9672,-21.3100,7.68900,0,
-7.9300,-21.3025,7.68917,0,
-7.9300,-21.2925,7.68933,0,
-7.9300,-21.2850,7.68950,0,
-7.9300,-21.2775,7.68967,0,
-7.9300,-21.2700,7.68983,0,
-7.9300,-21.2600,7.69000,0,
-7.9300,-21.2525,7.69017,0,
-7.8928,-21.2450,7.69033,0,
-7.8928,-21.2375,7.69050,0,
-7.8928,-21.2300,7.69067,0,
-7.8928,-21.2200,7.69083,0,
-7.8928,-21.2125,7.69100,0,
-7.8928,-21.2050,7.69117,0,
-7.8928,-21.1950,7.69133,0,
-7.8928,-21.1875,7.69150,0,
-7.8928,-21.1775,7.69167,0,
-7.8555,-21.1700,7.69183,0,
-7.8555,-21.1625,7.69200,0,
-7.8555,-21.1550,7.69217,0,
-7.8555,-21.1450,7.69233,0,
-7.8555,-21.1375,7.69250,0,
-7.8555,-21.1300,7.69267,0,
-7.8555,-21.1225,7.69283,0,
-7.8555,-21.1125,7.69300,0,
-7.8183,-21.1050,7.69317,0,
-7.8183,-21.0975,7.69333,0,
-7.8183,-21.0900,7.69350,0,
-7.8183,-21.0800,7.69367,0,
-7.8183,-21.0725,7.69383,0,
-7.8183,-21.0650,7.69400,0,
-7.7811,-21.0550,7.69417,0,
-7.7811,-21.0475,7.69433,0,
-7.7811,-21.0400,7.69450,0,
-7.7811,-21.0300,7.69467,0,
-7.7811,-21.0225,7.69483,0,
-7.7811,-21.0125,7.69500,0,
-7.7811,-21.0050,7.69517,0,
-7.7811,-20.9975,7.69533,0,
-7.7439,-20.9875,7.69550,0,
-7.7439,-20.9800,7.69567,0,
-7.7439,-20.9725,7.69583,0,
-7.7439,-20.9650,7.69600,0,
-7.7439,-20.9575,7.69617,0,
-7.7066,-20.9475,7.69633,0,
-7.7066,-20.9400,7.69650,0,
-7.7066,-20.9325,7.69667,0,
-7.7439,-20.9250,7.69683,0,
-7.7066,-20.9150,7.69700,0,
-7.7066,-20.9075,7.69717,0,
-7.7066,-20.9000,7.69733,0,
-7.7066,-20.8925,7.69750,0,
-7.6694,-20.8825,7.69767,0,
-7.6694,-20.8750,7.69783,0,
-7.6694,-20.8675,7.69800,0,
-7.6322,-20.8575,7.69817,0,
-7.6322,-20.8500,7.69833,0,
-7.6322,-20.8425,7.69850,0,
-7.6322,-20.8325,7.69867,0,
-7.6322,-20.8250,7.69883,0,
-7.6322,-20.8175,7.69900,0,
-7.5949,-20.8100,7.69917,0,
-7.6322,-20.8025,7.69933,0,
-7.5949,-20.7925,7.69950,0,
-7.5949,-20.7850,7.69967,0,
-7.5949,-20.7775,7.69983,0,
-7.5949,-20.7675,7.70000,0,
-7.5949,-20.7600,7.70017,0,
-7.5577,-20.7525,7.70033,0,
-7.5577,-20.7450,7.70050,0,
-7.5577,-20.7350,7.70067,0,
-7.5577,-20.7275,7.70083,0,
-7.5577,-20.7200,7.70100,0,
-7.5577,-20.7100,7.70117,0,
-7.5577,-20.7025,7.70133,0,
-7.5577,-20.6950,7.70150,0,
-7.5577,-20.6850,7.70167,0,
-7.5577,-20.6775,7.70183,0,
-7.5205,-20.6675,7.70200,0,
-7.5205,-20.6600,7.70217,0,
-7.5205,-20.6525,7.70233,0,
-7.5205,-20.6450,7.70250,0,
-7.5205,-20.6350,7.70267,0,
-7.5205,-20.6275,7.70283,0,
-7.5205,-20.6200,7.70300,0,
-7.5205,-20.6100,7.70317,0,
-7.5205,-20.6025,7.70333,0,
-7.5205,-20.5950,7.70350,0,
-7.5205,-20.5850,7.70367,0,
-7.5205,-20.5775,7.70383,0,
-7.4832,-20.5700,7.70400,0,
-7.4832,-20.5600,7.70417,0,
-7.4832,-20.5525,7.70433,0,
-7.4832,-20.5450,7.70450,0,
-7.4832,-20.5350,7.70467,0,
-7.4832,-20.5275,7.70483,0,
-7.4832,-20.5175,7.70500,0,
-7.4832,-20.5100,7.70517,0,
-7.4832,-20.5025,7.70533,0,
-7.4460,-20.4925,7.70550,0,
-7.4460,-20.4850,7.70567,0,
-7.4460,-20.4775,7.70583,0,
-7.4460,-20.4700,7.70600,0,
-7.4460,-20.4600,7.70617,0,
-7.4460,-20.4525,7.70633,0,
-7.4460,-20.4450,7.70650,0,
-7.4460,-20.4350,7.70667,0,
-7.4460,-20.4275,7.70683,0,
-7.4088,-20.4175,7.70700,0,
-7.4088,-20.4100,7.70717,0,
-7.4088,-20.4025,7.70733,0,
-7.4088,-20.3925,7.70750,0,
-7.4088,-20.3850,7.70767,0,
-7.4088,-20.3750,7.70783,0,
-7.3716,-20.3675,7.70800,0,
-7.3716,-20.3600,7.70817,0,
-7.3716,-20.3500,7.70833,0,
-7.3716,-20.3425,7.70850,0,
-7.3716,-20.3350,7.70867,0,
-7.3716,-20.3250,7.70883,0,
-7.3716,-20.3175,7.70900,0,
-7.3716,-20.3100,7.70917,0,
-7.3716,-20.3025,7.70933,0,
-7.3343,-20.2925,7.70950,0,
-7.3716,-20.2850,7.70967,0,
-7.3343,-20.2775,7.70983,0,
-7.3716,-20.2675,7.71000,0,
-7.3716,-20.2600,7.71017,0,
-7.3716,-20.2525,7.71033,0,
-7.3716,-20.2450,7.71050,0,
-7.3343,-20.2375,7.71067,0,
-7.3343,-20.2275,7.71083,0,
-7.3343,-20.2200,7.71100,0,
-7.3343,-20.2100,7.71117,0,
-7.3343,-20.2025,7.71133,0,
-7.3343,-20.1950,7.71150,0,
-7.3343,-20.1850,7.71167,0,
-7.3343,-20.1775,7.71183,0,
-7.3343,-20.1700,7.71200,0,
-7.3343,-20.1600,7.71217,0,
-7.3343,-20.1525,7.71233,0,
-7.3343,-20.1450,7.71250,0,
-7.3343,-20.1375,7.71267,0,
-7.3343,-20.1300,7.71283,0,
-7.3343,-20.1225,7.71300,0,
-7.2971,-20.1125,7.71317,0,
-7.2971,-20.1050,7.71333,0,
-7.2971,-20.0950,7.71350,0,
-7.2971,-20.0875,7.71367,0,
-7.2971,-20.0800,7.71383,0,
-7.2971,-20.0700,7.71400,0,
-7.2971,-20.0625,7.71417,0,
-7.2599,-20.0550,7.71433,0,
-7.2599,-20.0450,7.71450,0,
-7.2599,-20.0375,7.71467,0,
-7.2599,-20.0275,7.71483,0,
-7.2599,-20.0200,7.71500,0,
-7.2599,-20.0125,7.71517,0,
-7.2599,-20.0025,7.71533,0,
-7.2599,-19.9950,7.71550,0,
-7.2599,-19.9875,7.71567,0,
-7.2599,-19.9800,7.71583,0,
-7.2599,-19.9700,7.71600,0,
-7.2599,-19.9625,7.71617,0,
-7.2599,-19.9550,7.71633,0,
-7.2226,-19.9450,7.71650,0,
-7.2226,-19.9375,7.71667,0,
-7.2226,-19.9300,7.71683,0,
-7.2226,-19.9200,7.71700,0,
-7.2226,-19.9125,7.71717,0,
-7.2226,-19.9050,7.71733,0,
-7.2226,-19.8975,7.71750,0,
-7.2226,-19.8875,7.71767,0,
-7.2226,-19.8800,7.71783,0,
-7.2226,-19.8725,7.71800,0,
-7.2226,-19.8625,7.71817,0,
-7.1854,-19.8550,7.71833,0,
-7.2226,-19.8450,7.71850,0,
-7.1854,-19.8375,7.71867,0,
-7.2226,-19.8300,7.71883,0,
-7.2226,-19.8200,7.71900,0,
-7.2226,-19.8125,7.71917,0,
-7.1854,-19.8050,7.71933,0,
-7.1854,-19.7975,7.71950,0,
-7.1854,-19.7875,7.71967,0,
-7.1854,-19.7800,7.71983,0,
-7.1854,-19.7725,7.72000,0,
-7.1854,-19.7625,7.72017,0,
-7.1854,-19.7550,7.72033,0,
-7.1854,-19.7450,7.72050,0,
-7.1854,-19.7375,7.72067,0,
-7.1854,-19.7300,7.72083,0,
-7.1854,-19.7200,7.72100,0,
-7.1854,-19.7125,7.72117,0,
-7.1854,-19.7050,7.72133,0,
-7.1854,-19.6950,7.72150,0,
-7.1482,-19.6875,7.72167,0,
-7.1482,-19.6775,7.72183,0,
-7.1482,-19.6700,7.72200,0,
-7.1482,-19.6625,7.72217,0,
-7.1482,-19.6525,7.72233,0,
-7.1482,-19.6450,7.72250,0,
-7.1482,-19.6375,7.72267,0,
-7.1109,-19.6275,7.72283,0,
-7.1109,-19.6200,7.72300,0,
-7.1109,-19.6100,7.72317,0,
-7.1109,-19.6025,7.72333,0,
-7.1109,-19.5950,7.72350,0,
-7.1109,-19.5850,7.72367,0,
-7.1109,-19.5775,7.72383,0,
-7.1109,-19.5675,7.72400,0,
-7.0737,-19.5600,7.72417,0,
-7.0737,-19.5525,7.72433,0,
-7.0737,-19.5425,7.72450,0,
-7.0737,-19.5350,7.72467,0,
-7.0737,-19.5275,7.72483,0,
-7.0737,-19.5175,7.72500,0,
-7.0737,-19.5100,7.72517,0,
-7.0737,-19.5025,7.72533,0,
-7.0737,-19.4925,7.72550,0,
-7.0737,-19.4850,7.72567,0,
-7.0737,-19.4775,7.72583,0,
-7.0365,-19.4700,7.72600,0,
-7.0365,-19.4600,7.72617,0,
-7.0365,-19.4525,7.72633,0,
-7.0365,-19.4450,7.72650,0,
-7.0365,-19.4350,7.72667,0,
-7.0365,-19.4275,7.72683,0,
-7.0365,-19.4175,7.72700,0,
-7.0365,-19.4100,7.72717,0,
-6.9993,-19.4025,7.72733,0,
-6.9993,-19.3925,7.72750,0,
-6.9993,-19.3850,7.72767,0,
-6.9993,-19.3750,7.72783,0,
-6.9993,-19.3675,7.72800,0,
-6.9993,-19.3600,7.72817,0,
-6.9993,-19.3500,7.72833,0,
-6.9993,-19.3425,7.72850,0,
-6.9620,-19.3325,7.72867,0,
-6.9620,-19.3250,7.72883,0,
-6.9620,-19.3175,7.72900,0,
-6.9620,-19.3100,7.72917,0,
-6.9620,-19.3000,7.72933,0,
-6.9620,-19.2925,7.72950,0,
-6.9248,-19.2850,7.72967,0,
-6.9620,-19.2750,7.72983,0,
-6.9248,-19.2675,7.73000,0,
-6.9248,-19.2600,7.73017,0,
-6.9248,-19.2500,7.73033,0,
-6.9248,-19.2425,7.73050,0,
-6.9248,-19.2350,7.73067,0,
-6.9248,-19.2250,7.73083,0,
-6.8876,-19.2175,7.73100,0,
-6.8876,-19.2075,7.73117,0,
-6.8876,-19.2000,7.73133,0,
-6.8876,-19.1925,7.73150,0,
-6.8876,-19.1825,7.73167,0,
-6.8876,-19.1750,7.73183,0,
-6.8503,-19.1675,7.73200,0,
-6.8876,-19.1575,7.73217,0,
-6.8503,-19.1500,7.73233,0,
-6.8503,-19.1425,7.73250,0,
-6.8503,-19.1325,7.73267,0,
-6.8503,-19.1250,7.73283,0,
-6.8503,-19.1175,7.73300,0,
-6.8503,-19.1075,7.73317,0,
-6.8503,-19.1000,7.73333,0,
-6.8503,-19.0925,7.73350,0,
-6.8503,-19.0825,7.73367,0,
-6.8503,-19.0750,7.73383,0,
-6.8131,-19.0675,7.73400,0,
-6.8131,-19.0600,7.73417,0,
-6.8131,-19.0500,7.73433,0,
-6.8131,-19.0425,7.73450,0,
-6.8131,-19.0350,7.73467,0,
-6.8131,-19.0250,7.73483,0,
-6.8131,-19.0175,7.73500,0,
-6.8131,-19.0075,7.73517,0,
-6.8131,-19.0000,7.73533,0,
-6.8131,-18.9925,7.73550,0,
-6.8131,-18.9825,7.73567,0,
-6.7759,-18.9750,7.73583,0,
-6.7759,-18.9675,7.73600,0,
-6.7759,-18.9600,7.73617,0,
-6.7759,-18.9500,7.73633,0,
-6.7759,-18.9425,7.73650,0,
-6.7759,-18.9350,7.73667,0,
-6.7759,-18.9250,7.73683,0,
-6.7759,-18.9175,7.73700,0,
-6.7759,-18.9100,7.73717,0,
-6.7759,-18.9000,7.73733,0,
-6.7759,-18.8925,7.73750,0,
-6.7759,-18.8850,7.73767,0,
-6.7759,-18.8750,7.73783,0,
-6.7386,-18.8675,7.73800,0,
-6.7386,-18.8600,7.73817,0,
-6.7386,-18.8500,7.73833,0,
-6.7386,-18.8425,7.73850,0,
-6.7386,-18.8350,7.73867,0,
-6.7386,-18.8250,7.73883,0,
-6.7386,-18.8175,7.73900,0,
-6.7386,-18.8100,7.73917,0,
-6.7014,-18.8000,7.73933,0,
-6.7014,-18.7925,7.73950,0,
-6.7014,-18.7850,7.73967,0,
-6.7014,-18.7750,7.73983,0,
-6.7014,-18.7675,7.74000,0,
-6.7014,-18.7600,7.74017,0,
-6.7014,-18.7500,7.74033,0,
-6.7014,-18.7425,7.74050,0,
-6.7014,-18.7350,7.74067,0,
-6.6642,-18.7250,7.74083,0,
-6.6642,-18.7175,7.74100,0,
-6.6642,-18.7075,7.74117,0,
-6.6642,-18.7000,7.74133,0,
-6.6642,-18.6925,7.74150,0,
-6.6642,-18.6825,7.74167,0,
-6.6642,-18.6750,7.74183,0,
-6.6642,-18.6650,7.74200,0,
-6.6642,-18.6575,7.74217,0,
-6.6642,-18.6500,7.74233,0,
-6.6642,-18.6425,7.74250,0,
-6.6642,-18.6325,7.74267,0,
-6.6642,-18.6250,7.74283,0,
-6.6642,-18.6175,7.74300,0,
-6.6270,-18.6075,7.74317,0,
-6.6270,-18.6000,7.74333,0,
-6.6270,-18.5925,7.74350,0,
-6.6270,-18.5825,7.74367,0,
-6.6270,-18.5750,7.74383,0,
-6.6270,-18.5675,7.74400,0,
-6.6270,-18.5575,7.74417,0,
-6.5897,-18.5500,7.74433,0,
-6.5897,-18.5425,7.74450,0,
-6.5897,-18.5325,7.74467,0,
-6.5897,-18.5250,7.74483,0,
-6.5897,-18.5150,7.74500,0,
-6.5897,-18.5075,7.74517,0,
-6.5897,-18.5000,7.74533,0,
-6.5525,-18.4900,7.74550,0,
-6.5525,-18.4825,7.74567,0,
-6.5525,-18.4750,7.74583,0,
-6.5525,-18.4675,7.74600,0,
-6.5525,-18.4575,7.74617,0,
-6.5525,-18.4500,7.74633,0,
-6.5525,-18.4400,7.74650,0,
-6.5153,-18.4325,7.74667,0,
-6.5153,-18.4250,7.74683,0,
-6.5153,-18.4150,7.74700,0,
-6.5153,-18.4075,7.74717,0,
-6.5153,-18.4000,7.74733,0,
-6.5153,-18.3925,7.74750,0,
-6.5153,-18.3825,7.74767,0,
-6.5153,-18.3750,7.74783,0,
-6.5153,-18.3650,7.74800,0,
-6.5153,-18.3575,7.74817,0,
-6.4780,-18.3475,7.74833,0,
-6.5153,-18.3400,7.74850,0,
-6.4780,-18.3325,7.74867,0,
-6.4780,-18.3225,7.74883,0,
-6.4780,-18.3150,7.74900,0,
-6.4780,-18.3075,7.74917,0,
-6.4780,-18.2975,7.74933,0,
-6.4780,-18.2900,7.74950,0,
-6.4780,-18.2825,7.74967,0,
-6.4780,-18.2725,7.74983,0,
-6.4780,-18.2650,7.75000,0,
-6.4408,-18.2575,7.75017,0,
-6.4408,-18.2475,7.75033,0,
-6.4408,-18.2400,7.75050,0,
-6.4408,-18.2325,7.75067,0,
-6.4408,-18.2225,7.75083,0,
-6.4408,-18.2150,7.75100,0,
-6.4408,-18.2050,7.75117,0,
-6.4036,-18.1975,7.75133,0,
-6.4036,-18.1900,7.75150,0,
-6.4036,-18.1800,7.75167,0,
-6.4036,-18.1725,7.75183,0,
-6.4036,-18.1650,7.75200,0,
-6.4036,-18.1550,7.75217,0,
-6.4036,-18.1475,7.75233,0,
-6.4036,-18.1400,7.75250,0,
-6.4036,-18.1300,7.75267,0,
-6.3663,-18.1225,7.75283,0,
-6.3663,-18.1150,7.75300,0,
-6.3663,-18.1075,7.75317,0,
-6.3663,-18.0975,7.75333,0,
-6.3663,-18.0900,7.75350,0,
-6.3663,-18.0800,7.75367,0,
-6.3291,-18.0725,7.75383,0,
-6.3291,-18.0650,7.75400,0,
-6.3291,-18.0550,7.75417,0,
-6.3291,-18.0475,7.75433,0,
-6.3291,-18.0375,7.75450,0,
-6.3291,-18.0300,7.75467,0,
-6.2919,-18.0200,7.75483,0,
-6.2919,-18.0125,7.75500,0,
-6.2919,-18.0050,7.75517,0,
-6.2919,-17.9950,7.75533,0,
-6.2919,-17.9875,7.75550,0,
-6.2919,-17.9775,7.75567,0,
-6.2919,-17.9700,7.75583,0,
-6.2919,-17.9625,7.75600,0,
-6.2919,-17.9525,7.75617,0,
-6.2919,-17.9450,7.75633,0,
-6.2547,-17.9350,7.75650,0,
-6.2919,-17.9275,7.75667,0,
-6.2547,-17.9200,7.75683,0,
-6.2547,-17.9100,7.75700,0,
-6.2547,-17.9025,7.75717,0,
-6.2547,-17.8925,7.75733,0,
-6.2547,-17.8850,7.75750,0,
-6.2547,-17.8750,7.75767,0,
-6.2547,-17.8675,7.75783,0,
-6.2547,-17.8575,7.75800,0,
-6.2174,-17.8500,7.75817,0,
-6.2174,-17.8425,7.75833,0,
-6.2174,-17.8325,7.75850,0,
-6.2174,-17.8250,7.75867,0,
-6.2174,-17.8175,7.75883,0,
-6.2174,-17.8075,7.75900,0,
-6.2174,-17.8000,7.75917,0,
-6.1802,-17.7925,7.75933,0,
-6.1802,-17.7825,7.75950,0,
-6.1802,-17.7750,7.75967,0,
-6.1802,-17.7675,7.75983,0,
-6.1802,-17.7575,7.76000,0,
-6.1802,-17.7500,7.76017,0,
-6.1802,-17.7425,7.76033,0,
-6.1802,-17.7325,7.76050,0,
-6.1802,-17.7250,7.76067,0,
-6.1802,-17.7175,7.76083,0,
-6.1802,-17.7075,7.76100,0,
-6.1802,-17.7000,7.76117,0,
-6.1802,-17.6900,7.76133,0,
-6.1802,-17.6825,7.76150,0,
-6.1802,-17.6725,7.76167,0,
-6.1802,-17.6650,7.76183,0,
-6.1802,-17.6575,7.76200,0,
-6.1802,-17.6475,7.76217,0,
-6.1802,-17.6400,7.76233,0,
-6.1430,-17.6325,7.76250,0,
-6.1430,-17.6225,7.76267,0,
-6.1430,-17.6150,7.76283,0,
-6.1430,-17.6075,7.76300,0,
-6.1430,-17.5975,7.76317,0,
-6.1430,-17.5900,7.76333,0,
-6.1430,-17.5825,7.76350,0,
-6.1430,-17.5725,7.76367,0,
-6.1430,-17.5650,7.76383,0,
-6.1430,-17.5575,7.76400,0,
-6.1430,-17.5475,7.76417,0,
-6.1430,-17.5400,7.76433,0,
-6.1430,-17.5325,7.76450,0,
-6.1430,-17.5225,7.76467,0,
-6.1430,-17.5150,7.76483,0,
-6.1430,-17.5050,7.76500,0,
-6.1430,-17.4975,7.76517,0,
-6.1430,-17.4900,7.76533,0,
-6.1430,-17.4825,7.76550,0,
-6.1430,-17.4725,7.76567,0,
-6.1430,-17.4650,7.76583,0,
-6.1430,-17.4575,7.76600,0,
-6.1430,-17.4500,7.76617,0,
-6.1430,-17.4400,7.76633,0,
-6.1430,-17.4325,7.76650,0,
-6.1430,-17.4225,7.76667,0,
-6.1430,-17.4150,7.76683,0,
-6.1430,-17.4075,7.76700,0,
-6.1430,-17.3975,7.76717,0,
-6.1430,-17.3900,7.76733,0,
-6.1430,-17.3800,7.76750,0,
-6.1430,-17.3725,7.76767,0,
-6.1430,-17.3650,7.76783,0,
-6.1057,-17.3550,7.76800,0,
-6.1430,-17.3475,7.76817,0,
-6.1430,-17.3400,7.76833,0,
-6.1057,-17.3300,7.76850,0,
-6.1430,-17.3225,7.76867,0,
-6.1430,-17.3150,7.76883,0,
-6.1057,-17.3050,7.76900,0,
-6.1057,-17.2975,7.76917,0,
-6.1057,-17.2900,7.76933,0,
-6.1057,-17.2800,7.76950,0,
-6.1057,-17.2725,7.76967,0,
-6.1057,-17.2650,7.76983,0,
-6.1057,-17.2575,7.77000,0,
-6.1057,-17.2475,7.77017,0,
-6.1057,-17.2400,7.77033,0,
-6.1057,-17.2325,7.77050,0,
-6.1057,-17.2225,7.77067,0,
-6.1057,-17.2150,7.77083,0,
-6.1057,-17.2050,7.77100,0,
-6.1057,-17.1975,7.77117,0,
-6.1057,-17.1900,7.77133,0,
-6.1057,-17.1800,7.77150,0,
-6.0685,-17.1725,7.77167,0,
-6.0685,-17.1650,7.77183,0,
-6.0685,-17.1550,7.77200,0,
-6.0685,-17.1475,7.77217,0,
-6.0685,-17.1400,7.77233,0,
-6.0685,-17.1300,7.77250,0,
-6.0685,-17.1225,7.77267,0,
-6.0685,-17.1150,7.77283,0,
-6.0685,-17.1075,7.77300,0,
-6.0685,-17.0975,7.77317,0,
-6.0685,-17.0900,7.77333,0,
-6.0685,-17.0825,7.77350,0,
-6.0685,-17.0725,7.77367,0,
-6.0685,-17.0650,7.77383,0,
-6.0685,-17.0575,7.77400,0,
-6.0313,-17.0475,7.77417,0,
-6.0313,-17.0400,7.77433,0,
-6.0313,-17.0300,7.77450,0,
-6.0313,-17.0225,7.77467,0,
-6.0313,-17.0150,7.77483,0,
-6.0313,-17.0050,7.77500,0,
-6.0313,-16.9975,7.77517,0,
-6.0313,-16.9900,7.77533,0,
-6.0313,-16.9800,7.77550,0,
-5.9940,-16.9725,7.77567,0,
-5.9940,-16.9650,7.77583,0,
-5.9940,-16.9550,7.77600,0,
-5.9940,-16.9475,7.77617,0,
-5.9940,-16.9375,7.77633,0,
-5.9940,-16.9300,7.77650,0,
-5.9940,-16.9225,7.77667,0,
-5.9940,-16.9125,7.77683,0,
-5.9940,-16.9050,7.77700,0,
-5.9940,-16.8975,7.77717,0,
-5.9940,-16.8875,7.77733,0,
-5.9940,-16.8800,7.77750,0,
-5.9940,-16.8725,7.77767,0,
-5.9940,-16.8625,7.77783,0,
-5.9568,-16.8550,7.77800,0,
-5.9940,-16.8475,7.77817,0,
-5.9940,-16.8375,7.77833,0,
-5.9940,-16.8300,7.77850,0,
-5.9940,-16.8225,7.77867,0,
-5.9940,-16.8150,7.77883,0,
-5.9568,-16.8050,7.77900,0,
-5.9568,-16.7975,7.77917,0,
-5.9568,-16.7900,7.77933,0,
-5.9568,-16.7800,7.77950,0,
-5.9568,-16.7725,7.77967,0,
-5.9568,-16.7650,7.77983,0,
-5.9568,-16.7550,7.78000,0,
-5.9568,-16.7475,7.78017,0,
-5.9568,-16.7400,7.78033,0,
-5.9568,-16.7300,7.78050,0,
-5.9568,-16.7225,7.78067,0,
-5.9568,-16.7150,7.78083,0,
-5.9196,-16.7050,7.78100,0,
-5.9196,-16.6975,7.78117,0,
-5.9196,-16.6875,7.78133,0,
-5.9196,-16.6800,7.78150,0,
-5.9196,-16.6725,7.78167,0,
-5.9196,-16.6625,7.78183,0,
-5.9196,-16.6550,7.78200,0,
-5.9196,-16.6475,7.78217,0,
-5.9196,-16.6400,7.78233,0,
-5.9196,-16.6300,7.78250,0,
-5.9196,-16.6225,7.78267,0,
-5.9196,-16.6150,7.78283,0,
-5.9196,-16.6050,7.78300,0,
-5.9196,-16.5975,7.78317,0,
-5.9196,-16.5900,7.78333,0,
-5.9196,-16.5800,7.78350,0,
-5.9196,-16.5725,7.78367,0,
-5.9196,-16.5650,7.78383,0,
-5.9196,-16.5550,7.78400,0,
-5.9196,-16.5475,7.78417,0,
-5.9196,-16.5375,7.78433,0,
-5.9196,-16.5300,7.78450,0,
-5.9196,-16.5225,7.78467,0,
-5.9196,-16.5125,7.78483,0,
-5.9196,-16.5050,7.78500,0,
-5.9196,-16.4975,7.78517,0,
-5.9196,-16.4875,7.78533,0,
-5.8824,-16.4800,7.78550,0,
-5.9196,-16.4725,7.78567,0,
-5.8824,-16.4650,7.78583,0,
-5.8824,-16.4575,7.78600,0,
-5.9196,-16.4475,7.78617,0,
-5.9196,-16.4400,7.78633,0,
-5.8824,-16.4325,7.78650,0,
-5.8824,-16.4250,7.78667,0,
-5.8824,-16.4150,7.78683,0,
-5.8824,-16.4075,7.78700,0,
-5.8824,-16.4000,7.78717,0,
-5.8824,-16.3925,7.78733,0,
-5.8824,-16.3825,7.78750,0,
-5.8824,-16.3750,7.78767,0,
-5.8824,-16.3650,7.78783,0,
-5.8824,-16.3575,7.78800,0,
-5.8824,-16.3500,7.78817,0,
-5.8824,-16.3400,7.78833,0,
-5.8824,-16.3325,7.78850,0,
-5.8824,-16.3250,7.78867,0,
-5.8824,-16.3175,7.78883,0,
-5.8824,-16.3075,7.78900,0,
-5.8824,-16.3000,7.78917,0,
-5.8824,-16.2925,7.78933,0,
-5.8824,-16.2850,7.78950,0,
-5.8824,-16.2750,7.78967,0,
-5.8824,-16.2675,7.78983,0,
-5.8824,-16.2600,7.79000,0,
-5.8824,-16.2500,7.79017,0,
-5.8824,-16.2425,7.79033,0,
-5.8824,-16.2350,7.79050,0,
-5.8824,-16.2275,7.79067,0,
-5.8451,-16.2175,7.79083,0,
-5.8451,-16.2100,7.79100,0,
-5.8451,-16.2025,7.79117,0,
-5.8451,-16.1950,7.79133,0,
-5.8451,-16.1850,7.79150,0,
-5.8079,-16.1775,7.79167,0,
-5.8079,-16.1700,7.79183,0,
-5.8079,-16.1625,7.79200,0,
-5.8079,-16.1525,7.79217,0,
-5.8079,-16.1450,7.79233,0,
-5.8079,-16.1375,7.79250,0,
-5.8079,-16.1300,7.79267,0,
-5.8079,-16.1200,7.79283,0,
-5.8079,-16.1125,7.79300,0,
-5.8079,-16.1050,7.79317,0,
-5.7707,-16.0950,7.79333,0,
-5.7707,-16.0875,7.79350,0,
-5.7707,-16.0800,7.79367,0,
-5.7707,-16.0700,7.79383,0,
-5.7707,-16.0625,7.79400,0,
-5.7707,-16.0550,7.79417,0,
-5.7707,-16.0450,7.79433,0,
-5.7707,-16.0375,7.79450,0,
-5.7707,-16.0275,7.79467,0,
-5.7707,-16.0200,7.79483,0,
-5.7707,-16.0125,7.79500,0,
-5.7707,-16.0025,7.79517,0,
-5.7707,-15.9950,7.79533,0,
-5.7707,-15.9875,7.79550,0,
-5.7707,-15.9775,7.79567,0,
-5.7707,-15.9700,7.79583,0,
-5.7707,-15.9625,7.79600,0,
-5.7707,-15.9525,7.79617,0,
-5.7707,-15.9450,7.79633,0,
-5.7707,-15.9375,7.79650,0,
-5.7707,-15.9275,7.79667,0,
-5.7707,-15.9200,7.79683,0,
-5.7707,-15.9125,7.79700,0,
-5.7707,-15.9025,7.79717,0,
-5.7707,-15.8950,7.79733,0,
-5.7707,-15.8875,7.79750,0,
-5.7707,-15.8775,7.79767,0,
-5.7334,-15.8700,7.79783,0,
-5.7334,-15.8625,7.79800,0,
-5.7334,-15.8525,7.79817,0,
-5.7334,-15.8450,7.79833,0,
-5.7334,-15.8375,7.79850,0,
-5.7334,-15.8275,7.79867,0,
-5.7334,-15.8200,7.79883,0,
-5.7334,-15.8125,7.79900,0,
-5.7334,-15.8050,7.79917,0,
-5.7334,-15.7950,7.79933,0,
-5.7334,-15.7875,7.79950,0,
-5.7334,-15.7800,7.79967,0,
-5.7334,-15.7700,7.79983,0,
-5.7334,-15.7625,7.80000,0,
-5.7334,-15.7550,7.80017,0,
-5.7334,-15.7450,7.80033,0,
-5.7334,-15.7375,7.80050,0,
-5.7334,-15.7300,7.80067,0,
-5.7334,-15.7200,7.80083,0,
-5.7334,-15.7125,7.80100,0,
-5.7334,-15.7050,7.80117,0,
-5.7334,-15.6950,7.80133,0,
-5.7334,-15.6875,7.80150,0,
-5.7334,-15.6775,7.80167,0,
-5.7334,-15.6700,7.80183,0,
-5.7334,-15.6600,7.80200,0,
-5.7334,-15.6525,7.80217,0,
-5.7334,-15.6450,7.80233,0,
-5.7334,-15.6350,7.80250,0,
-5.7334,-15.6275,7.80267,0,
-5.7334,-15.6200,7.80283,0,
-5.7334,-15.6100,7.80300,0,
-5.7334,-15.6025,7.80317,0,
-5.7707,-15.5950,7.80333,0,
-5.7707,-15.5875,7.80350,0,
-5.7707,-15.5775,7.80367,0,
-5.7707,-15.5700,7.80383,0,
-5.7707,-15.5625,7.80400,0,
-5.7334,-15.5525,7.80417,0,
-5.7707,-15.5450,7.80433,0,
-5.7707,-15.5375,7.80450,0,
-5.7334,-15.5275,7.80467,0,
-5.7707,-15.5200,7.80483,0,
-5.7707,-15.5100,7.80500,0,
-5.7707,-15.5025,7.80517,0,
-5.7334,-15.4950,7.80533,0,
-5.7334,-15.4850,7.80550,0,
-5.7334,-15.4775,7.80567,0,
-5.7334,-15.4700,7.80583,0,
-5.7334,-15.4625,7.80600,0,
-5.7334,-15.4525,7.80617,0,
-5.6962,-15.4450,7.80633,0,
-5.6962,-15.4350,7.80650,0,
-5.6962,-15.4275,7.80667,0,
-5.6962,-15.4200,7.80683,0,
-5.6962,-15.4125,7.80700,0,
-5.6962,-15.4050,7.80717,0,
-5.6962,-15.3975,7.80733,0,
-5.6962,-15.3875,7.80750,0,
-5.6962,-15.3800,7.80767,0,
-5.6962,-15.3700,7.80783,0,
-5.6962,-15.3625,7.80800,0,
-5.6962,-15.3525,7.80817,0,
-5.6962,-15.3450,7.80833,0,
-5.6962,-15.3375,7.80850,0,
-5.6962,-15.3275,7.80867,0,
-5.6962,-15.3200,7.80883,0,
-5.6590,-15.3125,7.80900,0,
-5.6590,-15.3025,7.80917,0,
-5.6962,-15.2950,7.80933,0,
-5.6962,-15.2875,7.80950,0,
-5.6590,-15.2775,7.80967,0,
-5.6590,-15.2700,7.80983,0,
-5.6962,-15.2600,7.81000,0,
-5.6962,-15.2525,7.81017,0,
-5.6962,-15.2450,7.81033,0,
-5.6962,-15.2350,7.81050,0,
-5.6962,-15.2275,7.81067,0,
-5.6962,-15.2200,7.81083,0,
-5.6962,-15.2100,7.81100,0,
-5.6962,-15.2025,7.81117,0,
-5.6590,-15.1950,7.81133,0,
-5.6590,-15.1850,7.81150,0,
-5.6590,-15.1775,7.81167,0,
-5.6590,-15.1700,7.81183,0,
-5.6590,-15.1600,7.81200,0,
-5.6590,-15.1525,7.81217,0,
-5.6590,-15.1450,7.81233,0,
-5.6590,-15.1375,7.81250,0,
-5.6590,-15.1275,7.81267,0,
-5.6590,-15.1200,7.81283,0,
-5.6590,-15.1125,7.81300,0,
-5.6590,-15.1025,7.81317,0,
-5.6590,-15.0950,7.81333,0,
-5.6590,-15.0875,7.81350,0,
-5.6590,-15.0775,7.81367,0,
-5.6590,-15.0700,7.81383,0,
-5.6590,-15.0625,7.81400,0,
-5.6590,-15.0525,7.81417,0,
-5.6590,-15.0450,7.81433,0,
-5.6217,-15.0350,7.81450,0,
-5.6217,-15.0275,7.81467,0,
-5.6217,-15.0175,7.81483,0,
-5.6217,-15.0100,7.81500,0,
-5.6217,-15.0000,7.81517,0,
-5.6590,-14.9925,7.81533,0,
-5.6590,-14.9850,7.81550,0,
-5.6590,-14.9750,7.81567,0,
-5.6217,-14.9675,7.81583,0,
-5.6217,-14.9575,7.81600,0,
-5.6590,-14.9500,7.81617,0,
-5.6217,-14.9425,7.81633,0,
-5.6590,-14.9325,7.81650,0,
-5.6590,-14.9250,7.81667,0,
-5.6217,-14.9175,7.81683,0,
-5.6590,-14.9075,7.81700,0,
-5.6590,-14.9000,7.81717,0,
-5.6590,-14.8925,7.81733,0,
-5.6590,-14.8825,7.81750,0,
-5.6590,-14.8750,7.81767,0,
-5.6590,-14.8675,7.81783,0,
-5.6590,-14.8575,7.81800,0,
-5.6590,-14.8500,7.81817,0,
-5.6590,-14.8400,7.81833,0,
-5.6590,-14.8325,7.81850,0,
-5.6590,-14.8225,7.81867,0,
-5.6590,-14.8150,7.81883,0,
-5.6962,-14.8075,7.81900,0,
-5.6590,-14.8000,7.81917,0,
-5.6962,-14.7900,7.81933,0,
-5.6962,-14.7825,7.81950,0,
-5.6590,-14.7725,7.81967,0,
-5.6962,-14.7650,7.81983,0,
-5.6962,-14.7575,7.82000,0,
-5.6962,-14.7475,7.82017,0,
-5.6962,-14.7400,7.82033,0,
-5.6962,-14.7325,7.82050,0,
-5.6962,-14.7225,7.82067,0,
-5.6962,-14.7150,7.82083,0,
-5.6962,-14.7050,7.82100,0,
-5.6962,-14.6975,7.82117,0,
-5.6962,-14.6875,7.82133,0,
-5.6962,-14.6800,7.82150,0,
-5.7334,-14.6700,7.82167,0,
-5.7334,-14.6625,7.82183,0,
-5.7334,-14.6550,7.82200,0,
-5.7334,-14.6475,7.82217,0,
-5.7334,-14.6375,7.82233,0,
-5.7334,-14.6300,7.82250,0,
-5.7334,-14.6200,7.82267,0,
-5.7334,-14.6125,7.82283,0,
-5.7334,-14.6050,7.82300,0,
-5.7334,-14.5950,7.82317,0,
-5.7334,-14.5875,7.82333,0,
-5.7707,-14.5800,7.82350,0,
-5.7707,-14.5700,7.82367,0,
-5.7334,-14.5625,7.82383,0,
-5.7707,-14.5550,7.82400,0,
-5.7707,-14.5450,7.82417,0,
-5.7334,-14.5375,7.82433,0,
-5.7707,-14.5275,7.82450,0,
-5.7707,-14.5200,7.82467,0,
-5.7707,-14.5100,7.82483,0,
-5.7707,-14.5025,7.82500,0,
-5.7334,-14.4950,7.82517,0,
-5.7707,-14.4875,7.82533,0,
-5.7707,-14.4775,7.82550,0,
-5.7334,-14.4700,7.82567,0,
-5.7707,-14.4625,7.82583,0,
-5.7707,-14.4525,7.82600,0,
-5.7707,-14.4450,7.82617,0,
-5.7707,-14.4375,7.82633,0,
-5.7707,-14.4275,7.82650,0,
-5.7707,-14.4200,7.82667,0,
-5.7707,-14.4125,7.82683,0,
-5.7707,-14.4025,7.82700,0,
-5.7707,-14.3950,7.82717,0,
-5.7707,-14.3875,7.82733,0,
-5.7707,-14.3775,7.82750,0,
-5.7707,-14.3700,7.82767,0,
-5.7707,-14.3600,7.82783,0,
-5.8079,-14.3525,7.82800,0,
-5.8079,-14.3425,7.82817,0,
-5.8079,-14.3350,7.82833,0,
-5.7707,-14.3275,7.82850,0,
-5.8079,-14.3175,7.82867,0,
-5.8079,-14.3100,7.82883,0,
-5.8079,-14.3025,7.82900,0,
-5.8079,-14.2925,7.82917,0,
-5.8079,-14.2850,7.82933,0,
-5.8079,-14.2775,7.82950,0,
-5.8079,-14.2700,7.82967,0,
-5.8079,-14.2600,7.82983,0,
-5.8079,-14.2525,7.83000,0,
-5.8079,-14.2450,7.83017,0,
-5.8079,-14.2350,7.83033,0,
-5.8079,-14.2275,7.83050,0,
-5.8079,-14.2200,7.83067,0,
-5.8079,-14.2100,7.83083,0,
-5.8079,-14.2025,7.83100,0,
-5.8451,-14.1925,7.83117,0,
-5.8451,-14.1850,7.83133,0,
-5.8451,-14.1750,7.83150,0,
-5.8451,-14.1675,7.83167,0,
-5.8451,-14.1600,7.83183,0,
-5.8451,-14.1525,7.83200,0,
-5.8451,-14.1425,7.83217,0,
-5.8451,-14.1350,7.83233,0,
-5.8451,-14.1275,7.83250,0,
-5.8451,-14.1200,7.83267,0,
-5.8451,-14.1100,7.83283,0,
-5.8451,-14.1025,7.83300,0,
-5.8451,-14.0950,7.83317,0,
-5.8451,-14.0850,7.83333,0,
-5.8451,-14.0775,7.83350,0,
-5.8451,-14.0675,7.83367,0,
-5.8824,-14.0600,7.83383,0,
-5.8824,-14.0525,7.83400,0,
-5.8824,-14.0425,7.83417,0,
-5.8824,-14.0350,7.83433,0,
-5.8824,-14.0250,7.83450,0,
-5.8824,-14.0150,7.83467,0,
-5.8824,-14.0075,7.83483,0,
-5.8824,-14.0000,7.83500,0,
-5.9196,-13.9900,7.83517,0,
-5.9196,-13.9825,7.83533,0,
-5.9196,-13.9750,7.83550,0,
-5.9196,-13.9650,7.83567,0,
-5.9196,-13.9575,7.83583,0,
-5.9568,-13.9500,7.83600,0,
-5.9568,-13.9400,7.83617,0,
-5.9568,-13.9325,7.83633,0,
-5.9568,-13.9250,7.83650,0,
-5.9568,-13.9150,7.83667,0,
-5.9568,-13.9075,7.83683,0,
-5.9568,-13.8975,7.83700,0,
-5.9568,-13.8900,7.83717,0,
-5.9568,-13.8800,7.83733,0,
-5.9568,-13.8725,7.83750,0,
-5.9568,-13.8650,7.83767,0,
-5.9568,-13.8550,7.83783,0,
-5.9568,-13.8475,7.83800,0,
-5.9940,-13.8400,7.83817,0,
-5.9940,-13.8300,7.83833,0,
-5.9568,-13.8225,7.83850,0,
-5.9940,-13.8150,7.83867,0,
-5.9940,-13.8050,7.83883,0,
-5.9568,-13.7975,7.83900,0,
-5.9940,-13.7900,7.83917,0,
-5.9940,-13.7825,7.83933,0,
-5.9940,-13.7725,7.83950,0,
-5.9940,-13.7650,7.83967,0,
-5.9940,-13.7575,7.83983,0,
-5.9940,-13.7475,7.84000,0,
-5.9940,-13.7400,7.84017,0,
-5.9940,-13.7325,7.84033,0,
-5.9940,-13.7225,7.84050,0,
-5.9940,-13.7150,7.84067,0,
-5.9940,-13.7075,7.84083,0,
-5.9940,-13.6975,7.84100,0,
-5.9940,-13.6900,7.84117,0,
-5.9940,-13.6800,7.84133,0,
-5.9940,-13.6725,7.84150,0,
-5.9940,-13.6625,7.84167,0,
-5.9940,-13.6550,7.84183,0,
-5.9940,-13.6475,7.84200,0,
-5.9940,-13.6400,7.84217,0,
-5.9940,-13.6300,7.84233,0,
-5.9940,-13.6225,7.84250,0,
-5.9940,-13.6150,7.84267,0,
-5.9940,-13.6050,7.84283,0,
-5.9940,-13.5975,7.84300,0,
-5.9940,-13.5900,7.84317,0,
-5.9940,-13.5800,7.84333,0,
-5.9940,-13.5725,7.84350,0,
-5.9940,-13.5650,7.84367,0,
-5.9940,-13.5550,7.84383,0,
-5.9940,-13.5475,7.84400,0,
-5.9940,-13.5375,7.84417,0,
-5.9940,-13.5300,7.84433,0,
-5.9940,-13.5225,7.84450,0,
-5.9940,-13.5125,7.84467,0,
-5.9940,-13.5050,7.84483,0,
-5.9940,-13.4975,7.84500,0,
-5.9940,-13.4875,7.84517,0,
-5.9940,-13.4800,7.84533,0,
-5.9940,-13.4725,7.84550,0,
-5.9940,-13.4650,7.84567,0,
-5.9940,-13.4550,7.84583,0,
-5.9940,-13.4475,7.84600,0,
-5.9940,-13.4400,7.84617,0,
-5.9940,-13.4300,7.84633,0,
-5.9940,-13.4225,7.84650,0,
-5.9940,-13.4150,7.84667,0,
-5.9940,-13.4050,7.84683,0,
-6.0313,-13.3975,7.84700,0,
-6.0313,-13.3900,7.84717,0,
-6.0313,-13.3800,7.84733,0,
-6.0313,-13.3725,7.84750,0,
-6.0313,-13.3650,7.84767,0,
-6.0313,-13.3550,7.84783,0,
-6.0313,-13.3475,7.84800,0,
-6.0313,-13.3375,7.84817,0,
-6.0313,-13.3300,7.84833,0,
-6.0313,-13.3225,7.84850,0,
-6.0313,-13.3125,7.84867,0,
-6.0685,-13.3050,7.84883,0,
-6.0685,-13.2975,7.84900,0,
-6.0685,-13.2900,7.84917,0,
-6.0685,-13.2800,7.84933,0,
-6.0685,-13.2725,7.84950,0,
-6.0685,-13.2650,7.84967,0,
-6.0685,-13.2575,7.84983,0,
-6.1057,-13.2475,7.85000,0,
-6.1057,-13.2400,7.85017,0,
-6.1057,-13.2325,7.85033,0,
-6.1057,-13.2225,7.85050,0,
-6.1057,-13.2150,7.85067,0,
-6.1057,-13.2075,7.85083,0,
-6.1430,-13.1975,7.85100,0,
-6.1430,-13.1900,7.85117,0,
-6.1430,-13.1825,7.85133,0,
-6.1430,-13.1725,7.85150,0,
-6.1430,-13.1650,7.85167,0,
-6.1430,-13.1575,7.85183,0,
-6.1430,-13.1475,7.85200,0,
-6.1430,-13.1400,7.85217,0,
-6.1802,-13.1325,7.85233,0,
-6.1430,-13.1250,7.85250,0,
-6.1430,-13.1175,7.85267,0,
-6.1430,-13.1075,7.85283,0,
-6.1802,-13.1000,7.85300,0,
-6.1430,-13.0925,7.85317,0,
-6.1430,-13.0825,7.85333,0,
-6.1430,-13.0750,7.85350,0,
-6.1430,-13.0675,7.85367,0,
-6.1430,-13.0575,7.85383,0,
-6.1430,-13.0500,7.85400,0,
-6.1430,-13.0400,7.85417,0,
-6.1430,-13.0325,7.85433,0,
-6.1430,-13.0225,7.85450,0,
-6.1430,-13.0150,7.85467,0,
-6.1430,-13.0050,7.85483,0,
-6.1430,-12.9975,7.85500,0,
-6.1430,-12.9900,7.85517,0,
-6.1057,-12.9825,7.85533,0,
-6.1057,-12.9725,7.85550,0,
-6.1057,-12.9650,7.85567,0,
-6.1057,-12.9575,7.85583,0,
-6.1057,-12.9475,7.85600,0,
-6.1057,-12.9400,7.85617,0,
-6.1430,-12.9325,7.85633,0,
-6.1057,-12.9225,7.85650,0,
-6.1057,-12.9150,7.85667,0,
-6.1430,-12.9075,7.85683,0,
-6.1430,-12.8975,7.85700,0,
-6.1430,-12.8900,7.85717,0,
-6.1430,-12.8800,7.85733,0,
-6.1430,-12.8725,7.85750,0,
-6.1802,-12.8650,7.85767,0,
-6.1802,-12.8550,7.85783,0,
-6.1802,-12.8475,7.85800,0,
-6.1802,-12.8400,7.85817,0,
-6.1802,-12.8300,7.85833,0,
-6.1802,-12.8225,7.85850,0,
-6.1802,-12.8150,7.85867,0,
-6.1802,-12.8050,7.85883,0,
-6.1802,-12.7975,7.85900,0,
-6.2174,-12.7900,7.85917,0,
-6.1802,-12.7825,7.85933,0,
-6.1802,-12.7725,7.85950,0,
-6.1802,-12.7650,7.85967,0,
-6.2174,-12.7575,7.85983,0,
-6.2174,-12.7475,7.86000,0,
-6.2174,-12.7400,7.86017,0,
-6.2174,-12.7325,7.86033,0,
-6.2174,-12.7225,7.86050,0,
-6.2174,-12.7150,7.86067,0,
-6.2174,-12.7050,7.86083,0,
-6.2174,-12.6975,7.86100,0,
-6.2547,-12.6875,7.86117,0,
-6.2547,-12.6800,7.86133,0,
-6.2547,-12.6700,7.86150,0,
-6.2547,-12.6625,7.86167,0,
-6.2547,-12.6550,7.86183,0,
-6.2919,-12.6475,7.86200,0,
-6.2919,-12.6375,7.86217,0,
-6.2919,-12.6300,7.86233,0,
-6.3291,-12.6225,7.86250,0,
-6.3291,-12.6125,7.86267,0,
-6.3291,-12.6050,7.86283,0,
-6.3291,-12.5975,7.86300,0,
-6.3291,-12.5875,7.86317,0,
-6.3663,-12.5800,7.86333,0,
-6.3663,-12.5725,7.86350,0,
-6.3663,-12.5625,7.86367,0,
-6.3663,-12.5550,7.86383,0,
-6.4036,-12.5450,7.86400,0,
-6.4036,-12.5375,7.86417,0,
-6.4036,-12.5275,7.86433,0,
-6.4036,-12.5200,7.86450,0,
-6.4036,-12.5125,7.86467,0,
-6.4036,-12.5025,7.86483,0,
-6.4036,-12.4950,7.86500,0,
-6.4036,-12.4875,7.86517,0,
-6.4036,-12.4775,7.86533,0,
-6.4036,-12.4700,7.86550,0,
-6.4408,-12.4625,7.86567,0,
-6.4408,-12.4550,7.86583,0,
-6.4408,-12.4450,7.86600,0,
-6.4408,-12.4375,7.86617,0,
-6.4408,-12.4300,7.86633,0,
-6.4408,-12.4200,7.86650,0,
-6.4408,-12.4125,7.86667,0,
-6.4408,-12.4050,7.86683,0,
-6.4408,-12.3950,7.86700,0,
-6.4408,-12.3875,7.86717,0,
-6.4408,-12.3775,7.86733,0,
-6.4408,-12.3700,7.86750,0,
-6.4408,-12.3625,7.86767,0,
-6.4780,-12.3525,7.86783,0,
-6.4780,-12.3450,7.86800,0,
-6.4780,-12.3375,7.86817,0,
-6.4780,-12.3275,7.86833,0,
-6.4780,-12.3200,7.86850,0,
-6.4780,-12.3125,7.86867,0,
-6.4780,-12.3025,7.86883,0,
-6.4780,-12.2950,7.86900,0,
-6.4780,-12.2875,7.86917,0,
-6.4780,-12.2800,7.86933,0,
-6.4780,-12.2700,7.86950,0,
-6.5153,-12.2625,7.86967,0,
-6.4780,-12.2550,7.86983,0,
-6.4780,-12.2450,7.87000,0,
-6.5153,-12.2375,7.87017,0,
-6.5153,-12.2300,7.87033,0,
-6.5153,-12.2200,7.87050,0,
-6.5153,-12.2125,7.87067,0,
-6.5153,-12.2050,7.87083,0,
-6.5153,-12.1950,7.87100,0,
-6.5153,-12.1875,7.87117,0,
-6.5153,-12.1775,7.87133,0,
-6.5153,-12.1700,7.87150,0,
-6.5153,-12.1625,7.87167,0,
-6.5153,-12.1525,7.87183,0,
-6.5525,-12.1450,7.87200,0,
-6.5525,-12.1375,7.87217,0,
-6.5525,-12.1300,7.87233,0,
-6.5897,-12.1225,7.87250,0,
-6.5525,-12.1125,7.87267,0,
-6.5525,-12.1050,7.87283,0,
-6.5525,-12.0950,7.87300,0,
-6.5525,-12.0875,7.87317,0,
-6.5525,-12.0800,7.87333,0,
-6.5525,-12.0700,7.87350,0,
-6.5525,-12.0625,7.87367,0,
-6.5525,-12.0550,7.87383,0,
-6.5525,-12.0450,7.87400,0,
-6.5897,-12.0375,7.87417,0,
-6.5897,-12.0275,7.87433,0,
-6.5897,-12.0200,7.87450,0,
-6.5897,-12.0100,7.87467,0,
-6.5897,-12.0025,7.87483,0,
-6.5897,-11.9950,7.87500,0,
-6.6270,-11.9875,7.87517,0,
-6.6270,-11.9775,7.87533,0,
-6.6270,-11.9700,7.87550,0,
-6.6642,-11.9625,7.87567,0,
-6.6642,-11.9525,7.87583,0,
-6.6642,-11.9450,7.87600,0,
-6.6642,-11.9375,7.87617,0,
-6.6642,-11.9275,7.87633,0,
-6.6642,-11.9200,7.87650,0,
-6.7014,-11.9100,7.87667,0,
-6.7014,-11.9025,7.87683,0,
-6.7014,-11.8950,7.87700,0,
-6.7014,-11.8850,7.87717,0,
-6.7014,-11.8775,7.87733,0,
-6.7386,-11.8700,7.87750,0,
-6.7014,-11.8600,7.87767,0,
-6.7386,-11.8525,7.87783,0,
-6.7386,-11.8450,7.87800,0,
-6.7386,-11.8375,7.87817,0,
-6.7386,-11.8275,7.87833,0,
-6.7759,-11.8200,7.87850,0,
-6.7759,-11.8125,7.87867,0,
-6.7759,-11.8050,7.87883,0,
-6.8131,-11.7950,7.87900,0,
-6.8131,-11.7875,7.87917,0,
-6.8131,-11.7800,7.87933,0,
-6.8131,-11.7700,7.87950,0,
-6.8131,-11.7625,7.87967,0,
-6.8503,-11.7550,7.87983,0,
-6.8503,-11.7475,7.88000,0,
-6.8503,-11.7400,7.88017,0,
-6.8503,-11.7300,7.88033,0,
-6.8876,-11.7225,7.88050,0,
-6.8503,-11.7150,7.88067,0,
-6.8876,-11.7050,7.88083,0,
-6.8876,-11.6975,7.88100,0,
-6.9248,-11.6875,7.88117,0,
-6.9248,-11.6800,7.88133,0,
-6.9248,-11.6725,7.88150,0,
-6.9620,-11.6625,7.88167,0,
-6.9620,-11.6550,7.88183,0,
-6.9620,-11.6475,7.88200,0,
-6.9620,-11.6400,7.88217,0,
-6.9620,-11.6325,7.88233,0,
-6.9993,-11.6250,7.88250,0,
-6.9993,-11.6150,7.88267,0,
-6.9620,-11.6075,7.88283,0,
-6.9993,-11.6000,7.88300,0,
-6.9993,-11.5900,7.88317,0,
-6.9620,-11.5825,7.88333,0,
-6.9620,-11.5750,7.88350,0,
-6.9620,-11.5675,7.88367,0,
-6.9620,-11.5575,7.88383,0,
-6.9620,-11.5500,7.88400,0,
-6.9993,-11.5425,7.88417,0,
-6.9993,-11.5325,7.88433,0,
-6.9993,-11.5250,7.88450,0,
-6.9993,-11.5175,7.88467,0,
-7.0365,-11.5075,7.88483,0,
-7.0365,-11.5000,7.88500,0,
-7.0365,-11.4925,7.88517,0,
-7.0737,-11.4850,7.88533,0,
-7.0737,-11.4750,7.88550,0,
-7.0737,-11.4675,7.88567,0,
-7.1109,-11.4600,7.88583,0,
-7.1109,-11.4525,7.88600,0,
-7.1109,-11.4425,7.88617,0,
-7.1109,-11.4350,7.88633,0,
-7.1109,-11.4275,7.88650,0,
-7.1109,-11.4200,7.88667,0,
-7.1482,-11.4100,7.88683,0,
-7.1482,-11.4025,7.88700,0,
-7.1482,-11.3950,7.88717,0,
-7.1482,-11.3850,7.88733,0,
-7.1482,-11.3775,7.88750,0,
-7.1854,-11.3700,7.88767,0,
-7.1854,-11.3600,7.88783,0,
-7.1854,-11.3525,7.88800,0,
-7.1854,-11.3425,7.88817,0,
-7.1854,-11.3350,7.88833,0,
-7.2226,-11.3275,7.88850,0,
-7.2226,-11.3200,7.88867,0,
-7.2226,-11.3100,7.88883,0,
-7.2226,-11.3025,7.88900,0,
-7.2599,-11.2950,7.88917,0,
-7.2599,-11.2850,7.88933,0,
-7.2599,-11.2775,7.88950,0,
-7.2599,-11.2700,7.88967,0,
-7.2599,-11.2600,7.88983,0,
-7.2599,-11.2525,7.89000,0,
-7.2599,-11.2450,7.89017,0,
-7.2599,-11.2350,7.89033,0,
-7.2599,-11.2275,7.89050,0,
-7.2226,-11.2200,7.89067,0,
-7.2226,-11.2100,7.89083,0,
-7.2226,-11.2025,7.89100,0,
-7.2226,-11.1950,7.89117,0,
-7.2226,-11.1850,7.89133,0,
-7.2226,-11.1775,7.89150,0,
-7.2226,-11.1700,7.89167,0,
-7.2226,-11.1600,7.89183,0,
-7.2226,-11.1525,7.89200,0,
-7.2226,-11.1450,7.89217,0,
-7.2226,-11.1375,7.89233,0,
-7.2226,-11.1275,7.89250,0,
-7.2226,-11.1200,7.89267,0,
-7.2226,-11.1125,7.89283,0,
-7.2599,-11.1025,7.89300,0,
-7.2599,-11.0950,7.89317,0,
-7.2599,-11.0875,7.89333,0,
-7.2599,-11.0800,7.89350,0,
-7.2599,-11.0700,7.89367,0,
-7.2599,-11.0625,7.89383,0,
-7.2971,-11.0525,7.89400,0,
-7.2971,-11.0450,7.89417,0,
-7.2971,-11.0375,7.89433,0,
-7.2971,-11.0275,7.89450,0,
-7.2971,-11.0200,7.89467,0,
-7.2971,-11.0125,7.89483,0,
-7.2971,-11.0025,7.89500,0,
-7.2971,-10.9950,7.89517,0,
-7.2971,-10.9875,7.89533,0,
-7.3343,-10.9800,7.89550,0,
-7.3343,-10.9700,7.89567,0,
-7.3343,-10.9625,7.89583,0,
-7.3343,-10.9550,7.89600,0,
-7.3343,-10.9450,7.89617,0,
-7.3343,-10.9375,7.89633,0,
-7.3343,-10.9300,7.89650,0,
-7.3716,-10.9225,7.89667,0,
-7.3343,-10.9125,7.89683,0,
-7.3343,-10.9050,7.89700,0,
-7.3343,-10.8975,7.89717,0,
-7.3716,-10.8875,7.89733,0,
-7.3716,-10.8800,7.89750,0,
-7.3716,-10.8725,7.89767,0,
-7.3716,-10.8625,7.89783,0,
-7.3716,-10.8550,7.89800,0,
-7.3716,-10.8475,7.89817,0,
-7.3716,-10.8375,7.89833,0,
-7.4088,-10.8300,7.89850,0,
-7.4088,-10.8225,7.89867,0,
-7.4088,-10.8150,7.89883,0,
-7.4088,-10.8050,7.89900,0,
-7.4460,-10.7975,7.89917,0,
-7.4460,-10.7900,7.89933,0,
-7.4460,-10.7825,7.89950,0,
-7.4460,-10.7725,7.89967,0,
-7.4460,-10.7650,7.89983,0,
-7.4832,-10.7575,7.90000,0,
-7.4832,-10.7500,7.90017,0,
-7.4832,-10.7400,7.90033,0,
-7.4832,-10.7325,7.90050,0,
-7.4832,-10.7250,7.90067,0,
-7.5205,-10.7150,7.90083,0,
-7.5205,-10.7075,7.90100,0,
-7.5205,-10.7000,7.90117,0,
-7.5577,-10.6900,7.90133,0,
-7.5577,-10.6825,7.90150,0,
-7.5577,-10.6750,7.90167,0,
-7.5949,-10.6650,7.90183,0,
-7.5949,-10.6575,7.90200,0,
-7.6322,-10.6500,7.90217,0,
-7.6322,-10.6425,7.90233,0,
-7.6694,-10.6350,7.90250,0,
-7.6694,-10.6250,7.90267,0,
-7.7066,-10.6175,7.90283,0,
-7.7066,-10.6100,7.90300,0,
-7.6694,-10.6000,7.90317,0,
-7.7066,-10.5925,7.90333,0,
-7.7066,-10.5850,7.90350,0,
-7.7066,-10.5775,7.90367,0,
-7.7066,-10.5700,7.90383,0,
-7.7439,-10.5600,7.90400,0,
-7.7439,-10.5525,7.90417,0,
-7.7439,-10.5425,7.90433,0,
-7.7811,-10.5350,7.90450,0,
-7.7811,-10.5275,7.90467,0,
-7.8183,-10.5175,7.90483,0,
-7.8183,-10.5100,7.90500,0,
-7.8555,-10.5025,7.90517,0,
-7.8555,-10.4925,7.90533,0,
-7.8555,-10.4850,7.90550,0,
-7.8555,-10.4775,7.90567,0,
-7.8555,-10.4700,7.90583,0,
-7.8555,-10.4625,7.90600,0,
-7.8928,-10.4550,7.90617,0,
-7.8928,-10.4450,7.90633,0,
-7.8928,-10.4375,7.90650,0,
-7.8928,-10.4300,7.90667,0,
-7.8928,-10.4200,7.90683,0,
-7.8928,-10.4125,7.90700,0,
-7.8928,-10.4050,7.90717,0,
-7.9300,-10.3950,7.90733,0,
-7.9300,-10.3875,7.90750,0,
-7.9300,-10.3800,7.90767,0,
-7.9672,-10.3700,7.90783,0,
-7.9672,-10.3625,7.90800,0,
-7.9672,-10.3525,7.90817,0,
-7.9672,-10.3450,7.90833,0,
-7.9672,-10.3375,7.90850,0,
-8.0045,-10.3275,7.90867,0,
-8.0045,-10.3200,7.90883,0,
-8.0045,-10.3125,7.90900,0,
-8.0045,-10.3050,7.90917,0,
-8.0045,-10.2950,7.90933,0,
-8.0045,-10.2875,7.90950,0,
-8.0045,-10.2800,7.90967,0,
-8.0045,-10.2700,7.90983,0,
-8.0045,-10.2625,7.91000,0,
-8.0045,-10.2550,7.91017,0,
-8.0045,-10.2450,7.91033,0,
-8.0417,-10.2375,7.91050,0,
-8.0417,-10.2300,7.91067,0,
-8.0417,-10.2200,7.91083,0,
-8.0417,-10.2125,7.91100,0,
-8.0789,-10.2050,7.91117,0,
-8.0789,-10.1950,7.91133,0,
-8.0789,-10.1875,7.91150,0,
-8.1162,-10.1775,7.91167,0,
-8.1162,-10.1700,7.91183,0,
-8.1162,-10.1625,7.91200,0,
-8.1534,-10.1525,7.91217,0,
-8.1534,-10.1450,7.91233,0,
-8.1534,-10.1375,7.91250,0,
-8.1534,-10.1300,7.91267,0,
-8.1906,-10.1200,7.91283,0,
-8.1906,-10.1125,7.91300,0,
-8.2278,-10.1025,7.91317,0,
-8.2278,-10.0950,7.91333,0,
-8.2651,-10.0875,7.91350,0,
-8.2651,-10.0775,7.91367,0,
-8.2651,-10.0700,7.91383,0,
-8.3023,-10.0625,7.91400,0,
-8.3023,-10.0525,7.91417,0,
-8.3023,-10.0450,7.91433,0,
-8.3023,-10.0350,7.91450,0,
-8.3395,-10.0275,7.91467,0,
-8.3395,-10.0175,7.91483,0,
-8.3395,-10.0100,7.91500,0,
-8.3395,-10.0025,7.91517,0,
-8.3768,-9.9925,7.91533,0,
-8.4140,-9.9850,7.91550,0,
-8.4140,-9.9775,7.91567,0,
-8.4512,-9.9675,7.91583,0,
-8.4512,-9.9600,7.91600,0,
-8.4512,-9.9525,7.91617,0,
-8.4885,-9.9425,7.91633,0,
-8.4885,-9.9350,7.91650,0,
-8.5257,-9.9275,7.91667,0,
-8.5257,-9.9175,7.91683,0,
-8.5257,-9.9100,7.91700,0,
-8.5257,-9.9025,7.91717,0,
-8.5629,-9.8925,7.91733,0,
-8.5629,-9.8850,7.91750,0,
-8.6001,-9.8750,7.91767,0,
-8.6001,-9.8675,7.91783,0,
-8.6001,-9.8600,7.91800,0,
-8.6374,-9.8500,7.91817,0,
-8.6374,-9.8425,7.91833,0,
-8.6374,-9.8350,7.91850,0,
-8.6374,-9.8250,7.91867,0,
-8.6374,-9.8175,7.91883,0,
-8.6746,-9.8100,7.91900,0,
-8.6746,-9.8025,7.91917,0,
-8.6746,-9.7925,7.91933,0,
-8.6746,-9.7850,7.91950,0,
-8.6746,-9.7775,7.91967,0,
-8.7118,-9.7675,7.91983,0,
-8.7118,-9.7600,7.92000,0,
-8.7118,-9.7525,7.92017,0,
-8.7491,-9.7425,7.92033,0,
-8.7491,-9.7350,7.92050,0,
-8.7863,-9.7275,7.92067,0,
-8.7863,-9.7175,7.92083,0,
-8.7863,-9.7100,7.92100,0,
-8.7863,-9.7025,7.92117,0,
-8.7863,-9.6925,7.92133,0,
-8.7863,-9.6850,7.92150,0,
-8.7863,-9.6775,7.92167,0,
-8.7863,-9.6675,7.92183,0,
-8.7863,-9.6600,7.92200,0,
-8.7863,-9.6525,7.92217,0,
-8.7491,-9.6425,7.92233,0,
-8.7491,-9.6350,7.92250,0,
-8.7491,-9.6275,7.92267,0,
-8.7491,-9.6200,7.92283,0,
-8.7118,-9.6100,7.92300,0,
-8.7118,-9.6025,7.92317,0,
-8.7491,-9.5950,7.92333,0,
-8.7863,-9.5850,7.92350,0,
-8.8235,-9.5775,7.92367,0,
-8.8608,-9.5700,7.92383,0,
-8.8980,-9.5600,7.92400,0,
-8.8608,-9.5525,7.92417,0,
-8.8980,-9.5450,7.92433,0,
-8.8980,-9.5350,7.92450,0,
-8.8608,-9.5275,7.92467,0,
-8.8608,-9.5200,7.92483,0,
-8.8608,-9.5100,7.92500,0,
-8.8608,-9.5025,7.92517,0,
-8.8608,-9.4950,7.92533,0,
-8.8608,-9.4875,7.92550,0,
-8.8608,-9.4775,7.92567,0,
-8.8608,-9.4700,7.92583,0,
-8.8980,-9.4625,7.92600,0,
-8.8980,-9.4525,7.92617,0,
-8.8980,-9.4450,7.92633,0,
-8.8980,-9.4375,7.92650,0,
-8.8980,-9.4275,7.92667,0,
-8.8980,-9.4200,7.92683,0,
-8.8980,-9.4125,7.92700,0,
-8.8980,-9.4025,7.92717,0,
-8.8980,-9.3950,7.92733,0,
-8.9352,-9.3875,7.92750,0,
-8.9352,-9.3775,7.92767,0,
-8.9352,-9.3700,7.92783,0,
-8.9725,-9.3600,7.92800,0,
-8.9725,-9.3525,7.92817,0,
-9.0097,-9.3450,7.92833,0,
-9.0097,-9.3350,7.92850,0,
-9.0469,-9.3275,7.92867,0,
-9.0469,-9.3200,7.92883,0,
-9.0469,-9.3100,7.92900,0,
-9.0469,-9.3025,7.92917,0,
-9.0469,-9.2950,7.92933,0,
-9.0469,-9.2850,7.92950,0,
-9.0469,-9.2775,7.92967,0,
-9.0841,-9.2700,7.92983,0,
-9.0841,-9.2600,7.93000,0,
-9.0841,-9.2525,7.93017,0,
-9.0841,-9.2450,7.93033,0,
-9.0841,-9.2350,7.93050,0,
-9.0841,-9.2275,7.93067,0,
-9.0841,-9.2200,7.93083,0,
-9.0841,-9.2100,7.93100,0,
-9.1214,-9.2025,7.93117,0,
-9.1214,-9.1925,7.93133,0,
-9.1586,-9.1850,7.93150,0,
-9.1214,-9.1775,7.93167,0,
-9.1214,-9.1675,7.93183,0,
-9.1214,-9.1600,7.93200,0,
-9.1586,-9.1525,7.93217,0,
-9.1586,-9.1425,7.93233,0,
-9.1586,-9.1350,7.93250,0,
-9.1586,-9.1275,7.93267,0,
-9.1586,-9.1200,7.93283,0,
-9.1214,-9.1100,7.93300,0,
-9.1214,-9.1025,7.93317,0,
-9.1214,-9.0950,7.93333,0,
-9.1214,-9.0850,7.93350,0,
-9.1214,-9.0775,7.93367,0,
-9.1586,-9.0675,7.93383,0,
-9.1586,-9.0600,7.93400,0,
-9.1958,-9.0500,7.93417,0,
-9.1958,-9.0425,7.93433,0,
-9.2331,-9.0350,7.93450,0,
-9.2331,-9.0250,7.93467,0,
-9.2331,-9.0175,7.93483,0,
-9.2331,-9.0075,7.93500,0,
-9.2331,-9.0000,7.93517,0,
-9.2331,-8.9900,7.93533,0,
-9.2331,-8.9825,7.93550,0,
-9.2331,-8.9750,7.93567,0,
-9.2331,-8.9675,7.93583,0,
-9.2331,-8.9575,7.93600,0,
-9.1958,-8.9500,7.93617,0,
-9.1958,-8.9400,7.93633,0,
-9.1958,-8.9325,7.93650,0,
-9.1958,-8.9250,7.93667,0,
-9.2331,-8.9175,7.93683,0,
-9.2331,-8.9075,7.93700,0,
-9.2331,-8.9000,7.93717,0,
-9.2331,-8.8900,7.93733,0,
-9.2703,-8.8825,7.93750,0,
-9.2703,-8.8750,7.93767,0,
-9.2703,-8.8650,7.93783,0,
-9.2703,-8.8575,7.93800,0,
-9.3075,-8.8475,7.93817,0,
-9.2703,-8.8400,7.93833,0,
-9.3075,-8.8300,7.93850,0,
-9.3447,-8.8225,7.93867,0,
-9.3447,-8.8150,7.93883,0,
-9.3820,-8.8075,7.93900,0,
-9.3820,-8.7975,7.93917,0,
-9.4192,-8.7900,7.93933,0,
-9.3820,-8.7825,7.93950,0,
-9.3820,-8.7725,7.93967,0,
-9.3820,-8.7650,7.93983,0,
-9.3820,-8.7575,7.94000,0,
-9.3820,-8.7475,7.94017,0,
-9.3820,-8.7400,7.94033,0,
-9.3820,-8.7325,7.94050,0,
-9.4192,-8.7225,7.94067,0,
-9.4192,-8.7150,7.94083,0,
-9.4564,-8.7075,7.94100,0,
-9.4564,-8.6975,7.94117,0,
-9.4937,-8.6900,7.94133,0,
-9.5309,-8.6800,7.94150,0,
-9.5309,-8.6725,7.94167,0,
-9.5681,-8.6650,7.94183,0,
-9.6054,-8.6550,7.94200,0,
-9.6054,-8.6475,7.94217,0,
-9.6426,-8.6400,7.94233,0,
-9.6426,-8.6325,7.94250,0,
-9.6798,-8.6225,7.94267,0,
-9.6798,-8.6150,7.94283,0,
-9.6798,-8.6075,7.94300,0,
-9.6798,-8.5975,7.94317,0,
-9.6798,-8.5900,7.94333,0,
-9.6798,-8.5825,7.94350,0,
-9.6798,-8.5750,7.94367,0,
-9.6798,-8.5650,7.94383,0,
-9.6798,-8.5575,7.94400,0,
-9.6798,-8.5500,7.94417,0,
-9.7171,-8.5400,7.94433,0,
-9.7171,-8.5325,7.94450,0,
-9.7171,-8.5250,7.94467,0,
-9.7171,-8.5150,7.94483,0,
-9.7543,-8.5075,7.94500,0,
-9.7543,-8.5000,7.94517,0,
-9.7543,-8.4900,7.94533,0,
-9.7915,-8.4825,7.94550,0,
-9.7915,-8.4750,7.94567,0,
-9.8287,-8.4675,7.94583,0,
-9.8287,-8.4600,7.94600,0,
-9.8287,-8.4500,7.94617,0,
-9.8287,-8.4425,7.94633,0,
-9.8660,-8.4350,7.94650,0,
-9.8660,-8.4250,7.94667,0,
-9.8660,-8.4175,7.94683,0,
-9.9032,-8.4075,7.94700,0,
-9.9032,-8.4000,7.94717,0,
-9.9032,-8.3925,7.94733,0,
-9.9032,-8.3825,7.94750,0,
-9.9404,-8.3750,7.94767,0,
-9.9032,-8.3675,7.94783,0,
-9.9032,-8.3575,7.94800,0,
-9.9032,-8.3500,7.94817,0,
-9.9032,-8.3400,7.94833,0,
-9.9032,-8.3325,7.94850,0,
-9.9032,-8.3250,7.94867,0,
-9.9032,-8.3150,7.94883,0,
-9.9032,-8.3075,7.94900,0,
-9.9032,-8.3000,7.94917,0,
-9.9404,-8.2925,7.94933,0,
-9.9404,-8.2825,7.94950,0,
-9.9404,-8.2750,7.94967,0,
-9.9777,-8.2675,7.94983,0,
-10.0149,-8.2575,7.95000,0,
-10.0149,-8.2500,7.95017,0,
-10.0149,-8.2425,7.95033,0,
-10.0149,-8.2325,7.95050,0,
-10.0149,-8.2250,7.95067,0,
-10.0149,-8.2175,7.95083,0,
-10.0149,-8.2075,7.95100,0,
-10.0149,-8.2000,7.95117,0,
-10.0149,-8.1925,7.95133,0,
-10.0149,-8.1825,7.95150,0,
-10.0521,-8.1750,7.95167,0,
-10.0521,-8.1650,7.95183,0,
-10.0521,-8.1575,7.95200,0,
-10.0521,-8.1500,7.95217,0,
-10.0521,-8.1425,7.95233,0,
-10.0521,-8.1325,7.95250,0,
-10.0521,-8.1250,7.95267,0,
-10.0521,-8.1175,7.95283,0,
-10.0521,-8.1075,7.95300,0,
-10.0894,-8.1000,7.95317,0,
-10.0521,-8.0925,7.95333,0,
-10.0894,-8.0825,7.95350,0,
-10.1266,-8.0750,7.95367,0,
-10.1266,-8.0650,7.95383,0,
-10.1266,-8.0575,7.95400,0,
-10.1638,-8.0500,7.95417,0,
-10.2010,-8.0400,7.95433,0,
-10.2010,-8.0325,7.95450,0,
-10.2010,-8.0225,7.95467,0,
-10.2383,-8.0150,7.95483,0,
-10.2755,-8.0075,7.95500,0,
-10.2755,-7.9975,7.95517,0,
-10.2755,-7.9900,7.95533,0,
-10.2755,-7.9825,7.95550,0,
-10.2755,-7.9750,7.95567,0,
-10.2383,-7.9650,7.95583,0,
-10.2755,-7.9575,7.95600,0,
-10.2755,-7.9500,7.95617,0,
-10.2755,-7.9400,7.95633,0,
-10.2755,-7.9325,7.95650,0,
-10.2755,-7.9250,7.95667,0,
-10.3127,-7.9150,7.95683,0,
-10.3127,-7.9075,7.95700,0,
-10.3500,-7.9000,7.95717,0,
-10.3500,-7.8900,7.95733,0,
-10.3500,-7.8825,7.95750,0,
-10.3500,-7.8725,7.95767,0,
-10.3500,-7.8650,7.95783,0,
-10.3500,-7.8550,7.95800,0,
-10.3500,-7.8475,7.95817,0,
-10.3500,-7.8400,7.95833,0,
-10.3500,-7.8300,7.95850,0,
-10.3872,-7.8225,7.95867,0,
-10.4244,-7.8150,7.95883,0,
-10.4244,-7.8050,7.95900,0,
-10.4244,-7.7975,7.95917,0,
-10.4244,-7.7900,7.95933,0,
-10.4244,-7.7800,7.95950,0,
-10.3872,-7.7725,7.95967,0,
-10.3872,-7.7650,7.95983,0,
-10.3872,-7.7550,7.96000,0,
-10.3872,-7.7475,7.96017,0,
-10.3872,-7.7375,7.96033,0,
-10.3872,-7.7300,7.96050,0,
-10.3872,-7.7225,7.96067,0,
-10.3872,-7.7125,7.96083,0,
-10.4244,-7.7050,7.96100,0,
-10.4244,-7.6950,7.96117,0,
-10.4244,-7.6875,7.96133,0,
-10.4617,-7.6775,7.96150,0,
-10.4617,-7.6700,7.96167,0,
-10.4989,-7.6625,7.96183,0,
-10.5361,-7.6525,7.96200,0,
-10.5733,-7.6450,7.96217,0,
-10.5733,-7.6375,7.96233,0,
-10.6106,-7.6275,7.96250,0,
-10.6106,-7.6200,7.96267,0,
-10.6106,-7.6125,7.96283,0,
-10.6478,-7.6025,7.96300,0,
-10.6478,-7.5950,7.96317,0,
-10.6478,-7.5875,7.96333,0,
-10.6478,-7.5775,7.96350,0,
-10.6850,-7.5700,7.96367,0,
-10.6850,-7.5600,7.96383,0,
-10.6850,-7.5525,7.96400,0,
-10.6850,-7.5425,7.96417,0,
-10.6850,-7.5350,7.96433,0,
-10.6850,-7.5275,7.96450,0,
-10.7223,-7.5175,7.96467,0,
-10.7223,-7.5100,7.96483,0,
-10.7595,-7.5000,7.96500,0,
-10.7595,-7.4925,7.96517,0,
-10.7967,-7.4850,7.96533,0,
-10.8340,-7.4750,7.96550,0,
-10.8340,-7.4675,7.96567,0,
-10.8712,-7.4600,7.96583,0,
-10.8712,-7.4500,7.96600,0,
-10.8712,-7.4425,7.96617,0,
-10.8712,-7.4325,7.96633,0,
-10.8712,-7.4250,7.96650,0,
-10.8712,-7.4175,7.96667,0,
-10.8712,-7.4075,7.96683,0,
-10.8712,-7.4000,7.96700,0,
-10.8712,-7.3925,7.96717,0,
-10.9084,-7.3825,7.96733,0,
-10.9084,-7.3750,7.96750,0,
-10.9456,-7.3650,7.96767,0,
-10.9456,-7.3575,7.96783,0,
-10.9456,-7.3500,7.96800,0,
-10.9829,-7.3400,7.96817,0,
-10.9829,-7.3325,7.96833,0,
-11.0201,-7.3250,7.96850,0,
-11.0201,-7.3150,7.96867,0,
-11.0201,-7.3075,7.96883,0,
-11.0573,-7.3000,7.96900,0,
-11.0573,-7.2900,7.96917,0,
-11.0573,-7.2825,7.96933,0,
-11.0573,-7.2750,7.96950,0,
-11.0946,-7.2650,7.96967,0,
-11.0946,-7.2575,7.96983,0,
-11.0946,-7.2500,7.97000,0,
-11.0946,-7.2400,7.97017,0,
-11.1318,-7.2325,7.97033,0,
-11.1318,-7.2250,7.97050,0,
-11.1318,-7.2150,7.97067,0,
-11.1690,-7.2075,7.97083,0,
-11.1690,-7.1975,7.97100,0,
-11.1690,-7.1900,7.97117,0,
-11.1690,-7.1825,7.97133,0,
-11.2063,-7.1725,7.97150,0,
-11.1690,-7.1650,7.97167,0,
-11.2063,-7.1575,7.97183,0,
-11.2063,-7.1475,7.97200,0,
-11.2063,-7.1400,7.97217,0,
-11.2063,-7.1325,7.97233,0,
-11.2063,-7.1250,7.97250,0,
-11.2063,-7.1150,7.97267,0,
-11.2063,-7.1075,7.97283,0,
-11.2435,-7.1000,7.97300,0,
-11.2435,-7.0900,7.97317,0,
-11.2435,-7.0825,7.97333,0,
-11.2807,-7.0725,7.97350,0,
-11.3179,-7.0650,7.97367,0,
-11.3179,-7.0575,7.97383,0,
-11.3179,-7.0475,7.97400,0,
-11.3552,-7.0400,7.97417,0,
-11.3552,-7.0300,7.97433,0,
-11.3924,-7.0225,7.97450,0,
-11.3924,-7.0125,7.97467,0,
-11.3924,-7.0050,7.97483,0,
-11.3924,-6.9950,7.97500,0,
-11.3924,-6.9875,7.97517,0,
-11.3552,-6.9800,7.97533,0,
-11.3552,-6.9725,7.97550,0,
-11.3552,-6.9625,7.97567,0,
-11.3924,-6.9550,7.97583,0,
-11.3924,-6.9450,7.97600,0,
-11.3924,-6.9375,7.97617,0,
-11.3552,-6.9300,7.97633,0,
-11.3552,-6.9200,7.97650,0,
-11.3924,-6.9125,7.97667,0,
-11.3924,-6.9050,7.97683,0,
-11.3924,-6.8950,7.97700,0,
-11.4296,-6.8875,7.97717,0,
-11.4296,-6.8800,7.97733,0,
-11.4669,-6.8700,7.97750,0,
-11.4669,-6.8625,7.97767,0,
-11.4669,-6.8550,7.97783,0,
-11.5041,-6.8450,7.97800,0,
-11.5041,-6.8375,7.97817,0,
-11.5413,-6.8300,7.97833,0,
-11.5413,-6.8225,7.97850,0,
-11.5786,-6.8150,7.97867,0,
-11.5786,-6.8050,7.97883,0,
-11.5786,-6.7975,7.97900,0,
-11.5786,-6.7900,7.97917,0,
-11.5786,-6.7800,7.97933,0,
-11.5786,-6.7725,7.97950,0,
-11.5786,-6.7650,7.97967,0,
-11.5786,-6.7575,7.97983,0,
-11.5786,-6.7475,7.98000,0,
-11.5786,-6.7400,7.98017,0,
-11.5786,-6.7325,7.98033,0,
-11.5413,-6.7225,7.98050,0,
-11.5786,-6.7150,7.98067,0,
-11.6158,-6.7050,7.98083,0,
-11.5786,-6.6975,7.98100,0,
-11.5786,-6.6875,7.98117,0,
-11.5786,-6.6800,7.98133,0,
-11.5786,-6.6725,7.98150,0,
-11.5413,-6.6650,7.98167,0,
-11.5413,-6.6550,7.98183,0,
-11.5413,-6.6475,7.98200,0,
-11.5041,-6.6400,7.98217,0,
-11.5041,-6.6325,7.98233,0,
-11.4669,-6.6250,7.98250,0,
-11.4669,-6.6150,7.98267,0,
-11.4296,-6.6075,7.98283,0,
-11.4669,-6.6000,7.98300,0,
-11.4669,-6.5900,7.98317,0,
-11.4669,-6.5825,7.98333,0,
-11.4669,-6.5750,7.98350,0,
-11.4296,-6.5650,7.98367,0,
-11.4296,-6.5575,7.98383,0,
-11.4296,-6.5500,7.98400,0,
-11.4296,-6.5400,7.98417,0,
-11.4296,-6.5325,7.98433,0,
-11.3924,-6.5225,7.98450,0,
-11.3924,-6.5150,7.98467,0,
-11.3924,-6.5075,7.98483,0,
-11.3924,-6.4975,7.98500,0,
-11.3552,-6.4900,7.98517,0,
-11.3552,-6.4825,7.98533,0,
-11.3552,-6.4750,7.98550,0,
-11.3179,-6.4675,7.98567,0,
-11.3552,-6.4575,7.98583,0,
-11.3552,-6.4500,7.98600,0,
-11.3924,-6.4425,7.98617,0,
-11.3924,-6.4325,7.98633,0,
-11.4296,-6.4250,7.98650,0,
-11.4296,-6.4175,7.98667,0,
-11.4296,-6.4075,7.98683,0,
-11.4296,-6.4000,7.98700,0,
-11.4296,-6.3925,7.98717,0,
-11.4669,-6.3825,7.98733,0,
-11.4669,-6.3750,7.98750,0,
-11.4669,-6.3675,7.98767,0,
-11.4669,-6.3575,7.98783,0,
-11.5041,-6.3500,7.98800,0,
-11.5041,-6.3400,7.98817,0,
-11.5041,-6.3325,7.98833,0,
-11.5041,-6.3250,7.98850,0,
-11.5041,-6.3150,7.98867,0,
-11.5041,-6.3075,7.98883,0,
-11.5413,-6.3000,7.98900,0,
-11.5413,-6.2900,7.98917,0,
-11.5041,-6.2825,7.98933,0,
-11.5041,-6.2750,7.98950,0,
-11.5041,-6.2650,7.98967,0,
-11.5041,-6.2575,7.98983,0,
-11.5041,-6.2500,7.99000,0,
-11.5041,-6.2400,7.99017,0,
-11.5041,-6.2325,7.99033,0,
-11.5041,-6.2250,7.99050,0,
-11.5041,-6.2150,7.99067,0,
-11.5041,-6.2075,7.99083,0,
-11.5041,-6.2000,7.99100,0,
-11.5041,-6.1900,7.99117,0,
-11.5413,-6.1825,7.99133,0,
-11.5413,-6.1750,7.99150,0,
-11.5041,-6.1650,7.99167,0,
-11.5413,-6.1575,7.99183,0,
-11.5413,-6.1500,7.99200,0,
-11.5413,-6.1425,7.99217,0,
-11.5041,-6.1350,7.99233,0,
-11.5041,-6.1250,7.99250,0,
-11.4669,-6.1175,7.99267,0,
-11.4669,-6.1100,7.99283,0,
-11.4669,-6.1000,7.99300,0,
-11.4669,-6.0925,7.99317,0,
-11.4296,-6.0850,7.99333,0,
-11.4296,-6.0775,7.99350,0,
-11.4669,-6.0675,7.99367,0,
-11.4669,-6.0600,7.99383,0,
-11.4669,-6.0500,7.99400,0,
-11.4669,-6.0425,7.99417,0,
-11.4669,-6.0350,7.99433,0,
-11.4296,-6.0250,7.99450,0,
-11.4296,-6.0175,7.99467,0,
-11.4296,-6.0075,7.99483,0,
-11.4296,-6.0000,7.99500,0,
-11.4296,-5.9925,7.99517,0,
-11.4669,-5.9850,7.99533,0,
-11.4296,-5.9750,7.99550,0,
-11.4296,-5.9675,7.99567,0,
-11.4296,-5.9600,7.99583,0,
-11.4296,-5.9525,7.99600,0,
-11.3924,-5.9425,7.99617,0,
-11.4296,-5.9350,7.99633,0,
-11.4296,-5.9275,7.99650,0,
-11.4296,-5.9175,7.99667,0,
-11.4296,-5.9100,7.99683,0,
-11.4296,-5.9025,7.99700,0,
-11.4669,-5.8950,7.99717,0,
-11.4669,-5.8850,7.99733,0,
-11.4669,-5.8775,7.99750,0,
-11.5041,-5.8700,7.99767,0,
-11.5041,-5.8600,7.99783,0,
-11.5413,-5.8525,7.99800,0,
-11.5413,-5.8450,7.99817,0,
-11.5041,-5.8350,7.99833,0,
-11.5041,-5.8275,7.99850,0,
-11.4669,-5.8200,7.99867,0,
-11.4669,-5.8125,7.99883,0,
-11.4669,-5.8025,7.99900,0,
-11.4669,-5.7950,7.99917,0,
-11.4296,-5.7875,7.99933,0,
-11.4296,-5.7775,7.99950,0,
-11.4296,-5.7700,7.99967,0,
-11.3924,-5.7625,7.99983,0,
-11.3924,-5.7525,8.00000,0,
-11.3924,-5.7450,8.00017,0,
-11.4296,-5.7375,8.00033,0,
-11.4296,-5.7300,8.00050,0,
-11.4296,-5.7200,8.00067,0,
-11.4669,-5.7125,8.00083,0,
-11.4669,-5.7025,8.00100,0,
-11.4669,-5.6950,8.00117,0,
-11.4669,-5.6850,8.00133,0,
-11.4669,-5.6775,8.00150,0,
-11.4296,-5.6700,8.00167,0,
-11.4296,-5.6600,8.00183,0,
-11.3924,-5.6525,8.00200,0,
-11.3924,-5.6450,8.00217,0,
-11.4296,-5.6375,8.00233,0,
-11.4669,-5.6275,8.00250,0,
-11.4669,-5.6200,8.00267,0,
-11.4669,-5.6125,8.00283,0,
-11.4669,-5.6025,8.00300,0,
-11.5041,-5.5950,8.00317,0,
-11.4669,-5.5875,8.00333,0,
-11.4669,-5.5775,8.00350,0,
-11.4669,-5.5700,8.00367,0,
-11.4669,-5.5625,8.00383,0,
-11.4669,-5.5525,8.00400,0,
-11.5041,-5.5450,8.00417,0,
-11.5041,-5.5375,8.00433,0,
-11.5413,-5.5275,8.00450,0,
-11.5041,-5.5200,8.00467,0,
-11.5413,-5.5125,8.00483,0,
-11.5041,-5.5025,8.00500,0,
-11.4669,-5.4950,8.00517,0,
-11.4669,-5.4875,8.00533,0,
-11.4669,-5.4800,8.00550,0,
-11.4296,-5.4700,8.00567,0,
-11.4296,-5.4625,8.00583,0,
-11.4296,-5.4550,8.00600,0,
-11.3924,-5.4450,8.00617,0,
-11.3924,-5.4375,8.00633,0,
-11.4296,-5.4300,8.00650,0,
-11.3924,-5.4200,8.00667,0,
-11.3924,-5.4125,8.00683,0,
-11.3924,-5.4025,8.00700,0,
-11.3924,-5.3950,8.00717,0,
-11.3924,-5.3850,8.00733,0,
-11.3924,-5.3775,8.00750,0,
-11.3924,-5.3700,8.00767,0,
-11.3924,-5.3600,8.00783,0,
-11.3924,-5.3500,8.00800,0,
-11.3924,-5.3425,8.00817,0,
-11.3552,-5.3325,8.00833,0,
-11.3924,-5.3250,8.00850,0,
-11.4296,-5.3175,8.00867,0,
-11.3924,-5.3075,8.00883,0,
-11.3552,-5.3000,8.00900,0,
-11.3552,-5.2925,8.00917,0,
-11.3924,-5.2825,8.00933,0,
-11.3924,-5.2750,8.00950,0,
-11.3924,-5.2675,8.00967,0,
-11.3924,-5.2575,8.00983,0,
-11.3924,-5.2500,8.01000,0,
-11.3924,-5.2425,8.01017,0,
-11.4296,-5.2325,8.01033,0,
-11.4296,-5.2250,8.01050,0,
-11.4296,-5.2175,8.01067,0,
-11.4296,-5.2075,8.01083,0,
-11.4296,-5.2000,8.01100,0,
-11.4296,-5.1900,8.01117,0,
-11.4296,-5.1825,8.01133,0,
-11.3924,-5.1750,8.01150,0,
-11.3552,-5.1650,8.01167,0,
-11.3179,-5.1575,8.01183,0,
-11.3552,-5.1500,8.01200,0,
-11.3552,-5.1400,8.01217,0,
-11.3552,-5.1325,8.01233,0,
-11.3924,-5.1250,8.01250,0,
-11.4296,-5.1150,8.01267,0,
-11.4296,-5.1075,8.01283,0,
-11.4296,-5.0975,8.01300,0,
-11.4296,-5.0900,8.01317,0,
-11.4296,-5.0825,8.01333,0,
-11.4296,-5.0725,8.01350,0,
-11.4296,-5.0650,8.01367,0,
-11.3924,-5.0575,8.01383,0,
-11.3924,-5.0475,8.01400,0,
-11.3924,-5.0400,8.01417,0,
-11.3924,-5.0300,8.01433,0,
-11.3924,-5.0225,8.01450,0,
-11.3552,-5.0125,8.01467,0,
-11.3552,-5.0050,8.01483,0,
-11.3552,-4.9950,8.01500,0,
-11.3552,-4.9875,8.01517,0,
-11.3552,-4.9800,8.01533,0,
-11.3552,-4.9700,8.01550,0,
-11.3552,-4.9625,8.01567,0,
-11.3924,-4.9550,8.01583,0,
-11.3552,-4.9450,8.01600,0,
-11.3552,-4.9375,8.01617,0,
-11.3552,-4.9300,8.01633,0,
-11.3552,-4.9225,8.01650,0,
-11.3179,-4.9125,8.01667,0,
-11.2807,-4.9050,8.01683,0,
-11.2063,-4.8975,8.01700,0,
-11.2063,-4.8875,8.01717,0,
-11.2063,-4.8800,8.01733,0,
-11.1690,-4.8700,8.01750,0,
-11.1690,-4.8625,8.01767,0,
-11.1690,-4.8550,8.01783,0,
-11.2063,-4.8450,8.01800,0,
-11.1690,-4.8375,8.01817,0,
-11.1690,-4.8300,8.01833,0,
-11.1690,-4.8225,8.01850,0,
-11.1318,-4.8125,8.01867,0,
-11.1318,-4.8050,8.01883,0,
-11.1318,-4.7975,8.01900,0,
-11.1318,-4.7875,8.01917,0,
-11.1318,-4.7800,8.01933,0,
-11.1690,-4.7725,8.01950,0,
-11.1690,-4.7625,8.01967,0,
-11.1318,-4.7550,8.01983,0,
-11.1318,-4.7450,8.02000,0,
-11.1318,-4.7375,8.02017,0,
-11.1318,-4.7300,8.02033,0,
-11.0946,-4.7200,8.02050,0,
-11.0946,-4.7125,8.02067,0,
-11.0573,-4.7050,8.02083,0,
-11.0573,-4.6950,8.02100,0,
-11.0573,-4.6875,8.02117,0,
-11.0573,-4.6775,8.02133,0,
-11.0573,-4.6700,8.02150,0,
-11.0573,-4.6625,8.02167,0,
-11.0573,-4.6525,8.02183,0,
-11.0201,-4.6450,8.02200,0,
-11.0201,-4.6375,8.02217,0,
-11.0201,-4.6275,8.02233,0,
-10.9829,-4.6200,8.02250,0,
-10.9829,-4.6125,8.02267,0,
-10.9456,-4.6025,8.02283,0,
-10.9829,-4.5950,8.02300,0,
-10.9456,-4.5875,8.02317,0,
-10.9456,-4.5775,8.02333,0,
-10.9456,-4.5700,8.02350,0,
-10.9456,-4.5625,8.02367,0,
-10.9084,-4.5525,8.02383,0,
-10.8712,-4.5450,8.02400,0,
-10.8712,-4.5350,8.02417,0,
-10.8340,-4.5275,8.02433,0,
-10.8340,-4.5175,8.02450,0,
-10.8340,-4.5100,8.02467,0,
-10.7967,-4.5000,8.02483,0,
-10.7967,-4.4925,8.02500,0,
-10.7967,-4.4850,8.02517,0,
-10.7967,-4.4750,8.02533,0,
-10.7595,-4.4675,8.02550,0,
-10.7595,-4.4600,8.02567,0,
-10.7967,-4.4500,8.02583,0,
-10.7595,-4.4425,8.02600,0,
-10.7595,-4.4350,8.02617,0,
-10.7595,-4.4250,8.02633,0,
-10.7595,-4.4175,8.02650,0,
-10.7595,-4.4075,8.02667,0,
-10.7223,-4.4000,8.02683,0,
-10.6850,-4.3925,8.02700,0,
-10.6850,-4.3825,8.02717,0,
-10.6850,-4.3750,8.02733,0,
-10.6478,-4.3650,8.02750,0,
-10.6106,-4.3575,8.02767,0,
-10.5733,-4.3475,8.02783,0,
-10.5361,-4.3400,8.02800,0,
-10.5361,-4.3300,8.02817,0,
-10.4989,-4.3225,8.02833,0,
-10.4989,-4.3150,8.02850,0,
-10.4617,-4.3075,8.02867,0,
-10.4617,-4.2975,8.02883,0,
-10.4244,-4.2900,8.02900,0,
-10.3872,-4.2825,8.02917,0,
-10.3872,-4.2725,8.02933,0,
-10.3872,-4.2650,8.02950,0,
-10.3872,-4.2575,8.02967,0,
-10.3872,-4.2475,8.02983,0,
-10.3872,-4.2400,8.03000,0,
-10.3872,-4.2325,8.03017,0,
-10.3500,-4.2225,8.03033,0,
-10.3500,-4.2150,8.03050,0,
-10.3500,-4.2075,8.03067,0,
-10.3500,-4.1975,8.03083,0,
-10.3500,-4.1900,8.03100,0,
-10.3500,-4.1800,8.03117,0,
-10.3500,-4.1725,8.03133,0,
-10.3127,-4.1650,8.03150,0,
-10.3127,-4.1575,8.03167,0,
-10.3127,-4.1475,8.03183,0,
-10.2755,-4.1400,8.03200,0,
-10.2755,-4.1325,8.03217,0,
-10.2383,-4.1250,8.03233,0,
-10.2383,-4.1175,8.03250,0,
-10.2010,-4.1075,8.03267,0,
-10.2010,-4.1000,8.03283,0,
-10.1638,-4.0925,8.03300,0,
-10.1266,-4.0825,8.03317,0,
-10.0894,-4.0750,8.03333,0,
-10.0894,-4.0675,8.03350,0,
-10.0894,-4.0575,8.03367,0,
-10.0521,-4.0500,8.03383,0,
-10.0521,-4.0400,8.03400,0,
-10.0521,-4.0325,8.03417,0,
-10.0521,-4.0250,8.03433,0,
-10.0149,-4.0150,8.03450,0,
-10.0521,-4.0075,8.03467,0,
-10.0149,-3.9975,8.03483,0,
-10.0149,-3.9900,8.03500,0,
-10.0149,-3.9825,8.03517,0,
-10.0149,-3.9750,8.03533,0,
-10.0149,-3.9650,8.03550,0,
-10.0149,-3.9575,8.03567,0,
-9.9777,-3.9500,8.03583,0,
-9.9777,-3.9425,8.03600,0,
-9.9404,-3.9325,8.03617,0,
-9.9404,-3.9250,8.03633,0,
-9.9404,-3.9175,8.03650,0,
-9.9032,-3.9075,8.03667,0,
-9.9032,-3.9000,8.03683,0,
-9.8660,-3.8925,8.03700,0,
-9.8287,-3.8825,8.03717,0,
-9.8287,-3.8750,8.03733,0,
-9.8287,-3.8675,8.03750,0,
-9.8287,-3.8575,8.03767,0,
-9.7915,-3.8500,8.03783,0,
-9.7915,-3.8425,8.03800,0,
-9.7543,-3.8325,8.03817,0,
-9.7543,-3.8250,8.03833,0,
-9.7543,-3.8175,8.03850,0,
-9.7171,-3.8075,8.03867,0,
-9.6798,-3.8000,8.03883,0,
-9.6798,-3.7925,8.03900,0,
-9.6426,-3.7850,8.03917,0,
-9.6054,-3.7750,8.03933,0,
-9.5681,-3.7675,8.03950,0,
-9.5681,-3.7600,8.03967,0,
-9.5309,-3.7500,8.03983,0,
-9.5309,-3.7425,8.04000,0,
-9.5309,-3.7350,8.04017,0,
-9.4937,-3.7250,8.04033,0,
-9.4937,-3.7175,8.04050,0,
-9.4564,-3.7075,8.04067,0,
-9.4192,-3.7000,8.04083,0,
-9.4192,-3.6900,8.04100,0,
-9.3820,-3.6825,8.04117,0,
-9.3820,-3.6750,8.04133,0,
-9.3447,-3.6650,8.04150,0,
-9.3075,-3.6575,8.04167,0,
-9.3075,-3.6500,8.04183,0,
-9.2703,-3.6400,8.04200,0,
-9.2703,-3.6325,8.04217,0,
-9.2331,-3.6250,8.04233,0,
-9.2331,-3.6150,8.04250,0,
-9.1958,-3.6075,8.04267,0,
-9.1958,-3.6000,8.04283,0,
-9.1586,-3.5900,8.04300,0,
-9.1586,-3.5825,8.04317,0,
-9.1214,-3.5750,8.04333,0,
-9.1214,-3.5650,8.04350,0,
-9.0841,-3.5575,8.04367,0,
-9.0841,-3.5475,8.04383,0,
-9.0469,-3.5400,8.04400,0,
-9.0097,-3.5300,8.04417,0,
-8.9725,-3.5225,8.04433,0,
-8.9725,-3.5150,8.04450,0,
-8.9725,-3.5050,8.04467,0,
-8.9352,-3.4975,8.04483,0,
-8.8980,-3.4875,8.04500,0,
-8.8980,-3.4800,8.04517,0,
-8.8608,-3.4725,8.04533,0,
-8.8608,-3.4625,8.04550,0,
-8.8235,-3.4550,8.04567,0,
-8.7863,-3.4475,8.04583,0,
-8.7863,-3.4375,8.04600,0,
-8.7491,-3.4300,8.04617,0,
-8.7491,-3.4225,8.04633,0,
-8.7118,-3.4125,8.04650,0,
-8.6746,-3.4050,8.04667,0,
-8.6374,-3.3950,8.04683,0,
-8.6001,-3.3875,8.04700,0,
-8.6001,-3.3775,8.04717,0,
-8.5629,-3.3700,8.04733,0,
-8.5257,-3.3600,8.04750,0,
-8.4885,-3.3525,8.04767,0,
-8.4885,-3.3425,8.04783,0,
-8.4512,-3.3350,8.04800,0,
-8.4512,-3.3275,8.04817,0,
-8.4512,-3.3175,8.04833,0,
-8.4140,-3.3100,8.04850,0,
-8.4140,-3.3025,8.04867,0,
-8.3768,-3.2925,8.04883,0,
-8.3768,-3.2850,8.04900,0,
-8.3395,-3.2775,8.04917,0,
-8.3395,-3.2675,8.04933,0,
-8.3023,-3.2600,8.04950,0,
-8.3023,-3.2525,8.04967,0,
-8.2651,-3.2425,8.04983,0,
-8.2651,-3.2350,8.05000,0,
-8.2278,-3.2275,8.05017,0,
-8.1906,-3.2175,8.05033,0,
-8.1534,-3.2100,8.05050,0,
-8.1534,-3.2000,8.05067,0,
-8.1162,-3.1925,8.05083,0,
-8.1162,-3.1825,8.05100,0,
-8.0789,-3.1750,8.05117,0,
-8.0789,-3.1675,8.05133,0,
-8.0789,-3.1600,8.05150,0,
-8.0417,-3.1500,8.05167,0,
-8.0045,-3.1425,8.05183,0,
-8.0045,-3.1350,8.05200,0,
-7.9672,-3.1275,8.05217,0,
-7.9672,-3.1200,8.05233,0,
-7.9300,-3.1100,8.05250,0,
-7.8928,-3.1025,8.05267,0,
-7.8928,-3.0950,8.05283,0,
-7.8555,-3.0875,8.05300,0,
-7.8183,-3.0775,8.05317,0,
-7.8183,-3.0700,8.05333,0,
-7.7811,-3.0625,8.05350,0,
-7.7439,-3.0525,8.05367,0,
-7.7439,-3.0450,8.05383,0,
-7.7066,-3.0375,8.05400,0,
-7.6694,-3.0275,8.05417,0,
-7.6322,-3.0200,8.05433,0,
-7.5949,-3.0125,8.05450,0,
-7.5949,-3.0025,8.05467,0,
-7.5577,-2.9950,8.05483,0,
-7.5205,-2.9875,8.05500,0,
-7.4832,-2.9800,8.05517,0,
-7.4460,-2.9725,8.05533,0,
-7.4088,-2.9625,8.05550,0,
-7.4088,-2.9550,8.05567,0,
-7.3716,-2.9475,8.05583,0,
-7.3343,-2.9375,8.05600,0,
-7.3343,-2.9300,8.05617,0,
-7.2971,-2.9225,8.05633,0,
-7.2599,-2.9150,8.05650,0,
-7.2599,-2.9050,8.05667,0,
-7.2226,-2.8975,8.05683,0,
-7.1854,-2.8900,8.05700,0,
-7.1482,-2.8800,8.05717,0,
-7.1482,-2.8725,8.05733,0,
-7.1109,-2.8625,8.05750,0,
-7.0737,-2.8550,8.05767,0,
-7.0365,-2.8475,8.05783,0,
-6.9993,-2.8375,8.05800,0,
-6.9993,-2.8300,8.05817,0,
-6.9620,-2.8225,8.05833,0,
-6.9620,-2.8150,8.05850,0,
-6.9248,-2.8050,8.05867,0,
-6.9248,-2.7975,8.05883,0,
-6.8876,-2.7900,8.05900,0,
-6.8503,-2.7800,8.05917,0,
-6.8131,-2.7725,8.05933,0,
-6.8131,-2.7650,8.05950,0,
-6.7759,-2.7575,8.05967,0,
-6.7386,-2.7475,8.05983,0,
-6.7014,-2.7400,8.06000,0,
-6.6642,-2.7325,8.06017,0,
-6.6270,-2.7225,8.06033,0,
-6.5897,-2.7150,8.06050,0,
-6.5525,-2.7050,8.06067,0,
-6.5153,-2.6975,8.06083,0,
-6.4408,-2.6875,8.06100,0,
-6.4408,-2.6800,8.06117,0,
-6.3663,-2.6700,8.06133,0,
-6.3663,-2.6625,8.06150,0,
-6.2919,-2.6550,8.06167,0,
-6.2919,-2.6450,8.06183,0,
-6.2174,-2.6375,8.06200,0,
-6.2174,-2.6300,8.06217,0,
-6.1802,-2.6200,8.06233,0,
-6.1802,-2.6125,8.06250,0,
-6.1430,-2.6050,8.06267,0,
-6.1057,-2.5950,8.06283,0,
-6.0685,-2.5875,8.06300,0,
-6.0313,-2.5800,8.06317,0,
-6.0313,-2.5700,8.06333,0,
-5.9940,-2.5625,8.06350,0,
-5.9568,-2.5525,8.06367,0,
-5.9196,-2.5450,8.06383,0,
-5.8824,-2.5375,8.06400,0,
-5.8451,-2.5275,8.06417,0,
-5.8079,-2.5200,8.06433,0,
-5.7707,-2.5125,8.06450,0,
-5.7334,-2.5025,8.06467,0,
-5.6962,-2.4950,8.06483,0,
-5.6590,-2.4850,8.06500,0,
-5.6217,-2.4775,8.06517,0,
-5.5845,-2.4700,8.06533,0,
-5.5473,-2.4625,8.06550,0,
-5.5101,-2.4525,8.06567,0,
-5.4356,-2.4450,8.06583,0,
-5.3984,-2.4375,8.06600,0,
-5.3611,-2.4275,8.06617,0,
-5.2867,-2.4200,8.06633,0,
-5.2122,-2.4100,8.06650,0,
-5.1750,-2.4025,8.06667,0,
-5.1005,-2.3950,8.06683,0,
-5.0261,-2.3850,8.06700,0,
-4.9888,-2.3775,8.06717,0,
-4.9516,-2.3700,8.06733,0,
-4.9144,-2.3600,8.06750,0,
-4.8771,-2.3525,8.06767,0,
-4.8399,-2.3425,8.06783,0,
-4.8027,-2.3350,8.06800,0,
-4.7654,-2.3275,8.06817,0,
-4.7282,-2.3175,8.06833,0,
-4.6910,-2.3100,8.06850,0,
-4.6538,-2.3025,8.06867,0,
-4.6165,-2.2950,8.06883,0,
-4.5793,-2.2850,8.06900,0,
-4.5048,-2.2775,8.06917,0,
-4.4676,-2.2700,8.06933,0,
-4.4304,-2.2600,8.06950,0,
-4.3932,-2.2525,8.06967,0,
-4.3559,-2.2450,8.06983,0,
-4.2815,-2.2350,8.07000,0,
-4.2442,-2.2275,8.07017,0,
-4.2070,-2.2200,8.07033,0,
-4.1698,-2.2125,8.07050,0,
-4.1325,-2.2025,8.07067,0,
-4.0953,-2.1950,8.07083,0,
-4.0581,-2.1875,8.07100,0,
-3.9836,-2.1775,8.07117,0,
-3.9464,-2.1700,8.07133,0,
-3.8719,-2.1625,8.07150,0,
-3.8347,-2.1525,8.07167,0,
-3.7975,-2.1450,8.07183,0,
-3.7602,-2.1375,8.07200,0,
-3.7230,-2.1300,8.07217,0,
-3.6485,-2.1200,8.07233,0,
-3.6113,-2.1125,8.07250,0,
-3.5741,-2.1050,8.07267,0,
-3.5369,-2.0950,8.07283,0,
-3.4996,-2.0875,8.07300,0,
-3.4252,-2.0800,8.07317,0,
-3.3879,-2.0700,8.07333,0,
-3.3507,-2.0625,8.07350,0,
-3.2762,-2.0550,8.07367,0,
-3.2018,-2.0450,8.07383,0,
-3.1646,-2.0375,8.07400,0,
-3.1273,-2.0300,8.07417,0,
-3.0529,-2.0200,8.07433,0,
-3.0156,-2.0125,8.07450,0,
-2.9784,-2.0025,8.07467,0,
-2.9039,-1.9950,8.07483,0,
-2.8667,-1.9875,8.07500,0,
-2.8667,-1.9800,8.07517,0,
-2.7923,-1.9700,8.07533,0,
-2.7550,-1.9625,8.07550,0,
-2.6806,-1.9550,8.07567,0,
-2.6433,-1.9475,8.07583,0,
-2.6061,-1.9375,8.07600,0,
-2.5689,-1.9300,8.07617,0,
-2.5316,-1.9225,8.07633,0,
-2.4944,-1.9125,8.07650,0,
-2.4572,-1.9050,8.07667,0,
-2.3827,-1.8975,8.07683,0,
-2.3455,-1.8900,8.07700,0,
-2.3083,-1.8800,8.07717,0,
-2.2710,-1.8725,8.07733,0,
-2.2338,-1.8650,8.07750,0,
-2.1593,-1.8550,8.07767,0,
-2.1221,-1.8475,8.07783,0,
-2.0849,-1.8400,8.07800,0,
-2.0104,-1.8325,8.07817,0,
-1.9732,-1.8225,8.07833,0,
-1.9360,-1.8150,8.07850,0,
-1.8987,-1.8075,8.07867,0,
-1.8615,-1.8000,8.07883,0,
-1.7870,-1.7925,8.07900,0,
-1.7498,-1.7825,8.07917,0,
-1.7126,-1.7750,8.07933,0,
-1.6381,-1.7675,8.07950,0,
-1.6009,-1.7600,8.07967,0,
-1.5637,-1.7500,8.07983,0,
-1.4892,-1.7425,8.08000,0,
-1.4520,-1.7350,8.08017,0,
-1.4147,-1.7275,8.08033,0,
-1.3775,-1.7175,8.08050,0,
-1.3031,-1.7100,8.08067,0,
-1.2658,-1.7000,8.08083,0,
-1.2286,-1.6925,8.08100,0,
-1.1541,-1.6850,8.08117,0,
-1.1169,-1.6750,8.08133,0,
-1.0424,-1.6675,8.08150,0,
-1.0052,-1.6600,8.08167,0,
-0.9680,-1.6525,8.08183,0,
-0.8935,-1.6450,8.08200,0,
-0.8563,-1.6350,8.08217,0,
-0.8191,-1.6275,8.08233,0,
-0.7446,-1.6200,8.08250,0,
-0.7074,-1.6100,8.08267,0,
-0.6701,-1.6025,8.08283,0,
-0.5957,-1.5950,8.08300,0,
-0.5585,-1.5850,8.08317,0,
-0.4840,-1.5775,8.08333,0,
-0.4468,-1.5700,8.08350,0,
-0.4095,-1.5625,8.08367,0,
-0.3723,-1.5525,8.08383,0,
-0.2978,-1.5450,8.08400,0,
-0.2606,-1.5350,8.08417,0,
-0.2234,-1.5275,8.08433,0,
-0.1489,-1.5175,8.08450,0,
-0.1117,-1.5100,8.08467,0,
-0.0745,-1.5025,8.08483,0,
0.0000,-1.4925,8.08500,0,
0.0372,-1.4850,8.08517,0,
0.0745,-1.4775,8.08533,0,
0.1489,-1.4700,8.08550,0,
0.1489,-1.4625,8.08567,0,
0.2234,-1.4525,8.08583,0,
0.2606,-1.4450,8.08600,0,
0.2978,-1.4375,8.08617,0,
0.2978,-1.4275,8.08633,0,
0.3351,-1.4200,8.08650,0,
0.3351,-1.4125,8.08667,0,
0.2978,-1.4050,8.08683,0,
0.2234,-1.3950,8.08700,0,
0.1489,-1.3875,8.08717,0,
0.0745,-1.3800,8.08733,0,
0.0372,-1.3700,8.08750,0,
0.0372,-1.3625,8.08767,0,
0.0372,-1.3525,8.08783,0,
0.0000,-1.3450,8.08800,0,
0.0000,-1.3375,8.08817,0,
0.0000,-1.3275,8.08833,0,
0.0000,-1.3200,8.08850,0,
0.0000,-1.3125,8.08867,0,
0.0000,-1.3050,8.08883,0,
0.0000,-1.2950,8.08900,0,
0.0000,-1.2875,8.08917,0,
0.0000,-1.2800,8.08933,0,
0.0000,-1.2700,8.08950,0,
0.0000,-1.2625,8.08967,0,
0.0000,-1.2550,8.08983,0,
0.0000,-1.2450,8.09000,0,
0.0000,-1.2375,8.09017,0,
0.0000,-1.2300,8.09033,0,
0.0000,-1.2200,8.09050,0,
0.0000,-1.2125,8.09067,0,
0.0000,-1.2050,8.09083,0,
0.0000,-1.1950,8.09100,0,
0.0000,-1.1875,8.09117,0,
0.0000,-1.1800,8.09133,0,
0.0000,-1.1700,8.09150,0,
0.0000,-1.1625,8.09167,0,
0.0000,-1.1550,8.09183,0,
0.0000,-1.1475,8.09200,0,
0.0000,-1.1375,8.09217,0,
0.0000,-1.1300,8.09233,0,
0.0000,-1.1225,8.09250,0,
0.0000,-1.1150,8.09267,0,
0.0000,-1.1050,8.09283,0,
0.0000,-1.0975,8.09300,0,
0.0000,-1.0900,8.09317,0,
0.0000,-1.0825,8.09333,0,
0.0000,-1.0725,8.09350,0,
0.0000,-1.0650,8.09367,0,
0.0000,-1.0575,8.09383,0,
0.0000,-1.0475,8.09400,0,
0.0000,-1.0400,8.09417,0,
0.0000,-1.0325,8.09433,0,
0.0000,-1.0225,8.09450,0,
0.0000,-1.0150,8.09467,0,
0.0000,-1.0075,8.09483,0,
0.0000,-0.9975,8.09500,0,
0.0000,-0.9900,8.09517,0,
0.0000,-0.9825,8.09533,0,
0.0000,-0.9750,8.09550,0,
0.0000,-0.9650,8.09567,0,
0.0000,-0.9575,8.09583,0,
0.0000,-0.9500,8.09600,0,
0.0000,-0.9425,8.09617,0,
0.0000,-0.9325,8.09633,0,
0.0000,-0.9250,8.09650,0,
0.0000,-0.9175,8.09667,0,
0.0000,-0.9100,8.09683,0,
0.0000,-0.9000,8.09700,0,
0.0000,-0.8925,8.09717,0,
0.0000,-0.8850,8.09733,0,
0.0000,-0.8750,8.09750,0,
0.0000,-0.8675,8.09767,0,
0.0000,-0.8600,8.09783,0,
0.0000,-0.8500,8.09800,0,
0.0000,-0.8425,8.09817,0,
0.0000,-0.8350,8.09833,0,
0.0000,-0.8250,8.09850,0,
0.0000,-0.8175,8.09867,0,
0.0000,-0.8100,8.09883,0,
0.0000,-0.8025,8.09900,0,
0.0000,-0.7950,8.09917,0,
0.0000,-0.7850,8.09933,0,
0.0000,-0.7775,8.09950,0,
0.0000,-0.7700,8.09967,0,
0.0000,-0.7600,8.09983,0,
0.0000,-0.7525,8.10000,0,
0.0000,-0.7450,8.10017,0,
0.0000,-0.7375,8.10033,0,
0.0000,-0.7275,8.10050,0,
0.0000,-0.7200,8.10067,0,
0.0000,-0.7100,8.10083,0,
0.0000,-0.7025,8.10100,0,
0.0000,-0.6950,8.10117,0,
0.0000,-0.6850,8.10133,0,
0.0000,-0.6775,8.10150,0,
0.0000,-0.6700,8.10167,0,
0.0000,-0.6600,8.10183,0,
0.0000,-0.6525,8.10200,0,
0.0000,-0.6450,8.10217,0,
0.0000,-0.6375,8.10233,0,
0.0000,-0.6275,8.10250,0,
0.0000,-0.6200,8.10267,0,
0.0000,-0.6125,8.10283,0,
0.0000,-0.6025,8.10300,0,
0.0000,-0.5950,8.10317,0,
0.0000,-0.5875,8.10333,0,
0.0000,-0.5800,8.10350,0,
0.0000,-0.5700,8.10367,0,
0.0000,-0.5625,8.10383,0,
0.0000,-0.5550,8.10400,0,
0.0000,-0.5450,8.10417,0,
0.0000,-0.5375,8.10433,0,
0.0000,-0.5300,8.10450,0,
0.0000,-0.5200,8.10467,0,
0.0000,-0.5125,8.10483,0,
0.0000,-0.5050,8.10500,0,
0.0000,-0.4950,8.10517,0,
0.0000,-0.4875,8.10533,0,
0.0000,-0.4800,8.10550,0,
0.0000,-0.4725,8.10567,0,
0.0000,-0.4650,8.10583,0,
0.0000,-0.4550,8.10600,0,
0.0000,-0.4475,8.10617,0,
0.0000,-0.4400,8.10633,0,
0.0000,-0.4325,8.10650,0,
0.0000,-0.4225,8.10667,0,
0.0000,-0.4150,8.10683,0,
0.0000,-0.4050,8.10700,0,
0.0000,-0.3975,8.10717,0,
0.0000,-0.3900,8.10733,0,
0.0000,-0.3800,8.10750,0,
0.0000,-0.3725,8.10767,0,
0.0000,-0.3625,8.10783,0,
0.0000,-0.3550,8.10800,0,
0.0000,-0.3475,8.10817,0,
0.0000,-0.3375,8.10833,0,
0.0000,-0.3300,8.10850,0,
0.0000,-0.3225,8.10867,0,
0.0000,-0.3150,8.10883,0,
0.0000,-0.3050,8.10900,0,
0.0000,-0.2975,8.10917,0,
0.0000,-0.2900,8.10933,0,
0.0000,-0.2800,8.10950,0,
0.0000,-0.2725,8.10967,0,
0.0000,-0.2650,8.10983,0,
0.0000,-0.2550,8.11000,0,
0.0000,-0.2475,8.11017,0,
0.0000,-0.2400,8.11033,0,
0.0000,-0.2300,8.11050,0,
0.0000,-0.2225,8.11067,0,
0.0000,-0.2150,8.11083,0,
0.0000,-0.2050,8.11100,0,
0.0000,-0.1975,8.11117,0,
0.0000,-0.1875,8.11133,0,
0.0000,-0.1800,8.11150,0,
0.0000,-0.1725,8.11167,0,
0.0000,-0.1625,8.11183,0,
0.0000,-0.1550,8.11200,0,
0.0000,-0.1475,8.11217,0,
0.0000,-0.1400,8.11233,0,
0.0000,-0.1300,8.11250,0,
0.0000,-0.1225,8.11267,0,
0.0000,-0.1150,8.11283,0,
0.0000,-0.1050,8.11300,0,
0.0000,-0.0975,8.11317,0,
0.0000,-0.0900,8.11333,0,
0.0000,-0.0800,8.11350,0,
0.0000,-0.0725,8.11367,0,
0.0000,-0.0650,8.11383,0,
0.0000,-0.0575,8.11400,0,
0.0000,-0.0500,8.11417,0,
0.0000,-0.0475,8.11433,0,
0.0000,-0.0450,8.11450,0,
0.0000,-0.0425,8.11467,0,
0.0000,-0.0350,8.11483,0,
0.0000,-0.0275,8.11500,0,
0.0000,-0.0225,8.11517,0,
0.0000,-0.0200,8.11533,0,
0.0000,-0.0175,8.11550,0,
0.0000,-0.0125,8.11567,0,
0.0000,-0.0050,8.11583,0,
0.0000,0.0000,8.11600,0,
0.0000,0.0025,8.11617,0,
0.0000,0.0025,8.11633,0,
0.0000,0.0000,8.11650,0,
0.0000,-0.0025,8.11667,0,
0.0000,-0.0000,8.11683,0,
0.0000,-0.0000,8.11700,0,
0.0000,-0.0000,8.11717,0,
0.0000,0.0000,8.11733,0,
0.0000,0.0000,8.11750,0,
0.0000,0.0000,8.11767,0,
0.0000,0.0000,8.11783,0,
0.0000,0.0000,8.11800,0,
0.0000,-0.0025,8.11817,0,
0.0000,-0.0050,8.11833,0,
0.0000,-0.0075,8.11850,0,
0.0000,-0.0075,8.11867,0,
0.0000,-0.0100,8.11883,0,
0.0000,-0.0100,8.11900,0,
0.0000,-0.0100,8.11917,0,
0.0000,-0.0125,8.11933,0,
0.0000,-0.0125,8.11950,0,
0.0000,-0.0150,8.11967,0,
0.0000,-0.0175,8.11983,0,
0.0000,-0.0200,8.12000,0,
0.0000,-0.0225,8.12017,0,
0.0000,-0.0250,8.12033,0,
0.0000,-0.0300,8.12050,0,
0.0000,-0.0325,8.12067,0,
0.0000,-0.0350,8.12083,0,
0.0000,-0.0375,8.12100,0,
0.0000,-0.0400,8.12117,0,
0.0000,-0.0425,8.12133,0,
0.0000,-0.0475,8.12150,0,
0.0000,-0.0500,8.12167,0,
0.0000,-0.0550,8.12183,0,
0.0000,-0.0600,8.12200,0,
0.0000,-0.0625,8.12217,0,
0.0000,-0.0675,8.12233,0,
0.0000,-0.0700,8.12250,0,
0.0000,-0.0750,8.12267,0,
0.0000,-0.0800,8.12283,0,
0.0000,-0.0850,8.12300,0,
0.0000,-0.0900,8.12317,0,
0.0000,-0.0950,8.12333,0,
0.0000,-0.1025,8.12350,0,
0.0000,-0.1075,8.12367,0,
0.0000,-0.1125,8.12383,0,
0.0000,-0.1200,8.12400,0,
0.0000,-0.1250,8.12417,0,
0.0000,-0.1300,8.12433,0,
0.0000,-0.1375,8.12450,0,
0.0000,-0.1425,8.12467,0,
0.0000,-0.1500,8.12483,0,
0.0000,-0.1550,8.12500,0,
0.0000,-0.1600,8.12517,0,
0.0000,-0.1675,8.12533,0,
0.0000,-0.1750,8.12550,0,
0.0000,-0.1800,8.12567,0,
0.0000,-0.1875,8.12583,0,
0.0000,-0.1925,8.12600,0,
0.0000,-0.2000,8.12617,0,
0.0000,-0.2050,8.12633,0,
0.0000,-0.2125,8.12650,0,
0.0000,-0.2175,8.12667,0,
0.0000,-0.2250,8.12683,0,
0.0000,-0.2300,8.12700,0,
0.0000,-0.2375,8.12717,0,
0.0000,-0.2425,8.12733,0,
0.0000,-0.2500,8.12750,0,
0.0000,-0.2575,8.12767,0,
0.0000,-0.2625,8.12783,0,
0.0000,-0.2700,8.12800,0,
0.0000,-0.2775,8.12817,0,
0.0000,-0.2850,8.12833,0,
0.0000,-0.2900,8.12850,0,
0.0000,-0.2975,8.12867,0,
0.0000,-0.3050,8.12883,0,
0.0000,-0.3125,8.12900,0,
0.0000,-0.3200,8.12917,0,
0.0000,-0.3275,8.12933,0,
0.0000,-0.3350,8.12950,0,
0.0000,-0.3425,8.12967,0,
0.0000,-0.3475,8.12983,0,
0.0000,-0.3550,8.13000,0,
0.0000,-0.3625,8.13017,0,
0.0000,-0.3700,8.13033,0,
0.0000,-0.3775,8.13050,0,
0.0000,-0.3850,8.13067,0,
0.0000,-0.3900,8.13083,0,
0.0000,-0.3975,8.13100,0,
0.0000,-0.4050,8.13117,0,
0.0000,-0.4125,8.13133,0,
0.0000,-0.4200,8.13150,0,
0.0000,-0.4275,8.13167,0,
0.0000,-0.4350,8.13183,0,
0.0000,-0.4425,8.13200,0,
0.0000,-0.4500,8.13217,0,
0.0000,-0.4575,8.13233,0,
0.0000,-0.4650,8.13250,0,
0.0000,-0.4750,8.13267,0,
0.0000,-0.4825,8.13283,0,
0.0000,-0.4900,8.13300,0,
0.0000,-0.4975,8.13317,0,
0.0000,-0.5050,8.13333,0,
0.0000,-0.5125,8.13350,0,
0.0000,-0.5225,8.13367,0,
0.0000,-0.5300,8.13383,0,
0.0000,-0.5375,8.13400,0,
0.0000,-0.5450,8.13417,0,
0.0000,-0.5525,8.13433,0,
0.0000,-0.5600,8.13450,0,
0.0000,-0.5675,8.13467,0,
0.0000,-0.5750,8.13483,0,
0.0000,-0.5825,8.13500,0,
0.0000,-0.5900,8.13517,0,
0.0000,-0.5975,8.13533,0,
0.0000,-0.6050,8.13550,0,
0.0000,-0.6150,8.13567,0,
0.0000,-0.6225,8.13583,0,
0.0000,-0.6300,8.13600,0,
0.0000,-0.6400,8.13617,0,
0.0000,-0.6475,8.13633,0,
0.0000,-0.6550,8.13650,0,
0.0000,-0.6650,8.13667,0,
0.0000,-0.6725,8.13683,0,
0.0000,-0.6800,8.13700,0,
0.0000,-0.6875,8.13717,0,
0.0000,-0.6975,8.13733,0,
0.0000,-0.7050,8.13750,0,
0.0000,-0.7125,8.13767,0,
0.0000,-0.7200,8.13783,0,
0.0000,-0.7275,8.13800,0,
0.0000,-0.7350,8.13817,0,
0.0000,-0.7450,8.13833,0,
0.0000,-0.7525,8.13850,0,
0.0000,-0.7600,8.13867,0,
0.0000,-0.7700,8.13883,0,
0.0000,-0.7775,8.13900,0,
0.0000,-0.7875,8.13917,0,
0.0000,-0.7950,8.13933,0,
0.0000,-0.8025,8.13950,0,
0.0000,-0.8125,8.13967,0,
0.0000,-0.8200,8.13983,0,
0.0000,-0.8275,8.14000,0,
0.0000,-0.8375,8.14017,0,
0.0000,-0.8450,8.14033,0,
0.0000,-0.8525,8.14050,0,
0.0000,-0.8625,8.14067,0,
0.0000,-0.8700,8.14083,0,
0.0000,-0.8775,8.14100,0,
0.0000,-0.8850,8.14117,0,
0.0000,-0.8950,8.14133,0,
0.0000,-0.9025,8.14150,0,
0.0000,-0.9100,8.14167,0,
0.0000,-0.9175,8.14183,0,
0.0000,-0.9275,8.14200,0,
0.0000,-0.9350,8.14217,0,
0.0000,-0.9425,8.14233,0,
0.0000,-0.9525,8.14250,0,
0.0000,-0.9600,8.14267,0,
-0.0372,-0.9675,8.14283,0,
0.0000,-0.9775,8.14300,0,
-0.0372,-0.9850,8.14317,0,
0.0000,-0.9950,8.14333,0,
0.0000,-1.0025,8.14350,0,
0.0000,-1.0125,8.14367,0,
-0.0372,-1.0200,8.14383,0,
-0.0372,-1.0275,8.14400,0,
-0.0372,-1.0375,8.14417,0,
-0.0372,-1.0450,8.14433,0,
-0.0745,-1.0525,8.14450,0,
-0.0745,-1.0600,8.14467,0,
-0.1117,-1.0675,8.14483,0,
-0.1489,-1.0750,8.14500,0,
-0.1861,-1.0850,8.14517,0,
-0.2606,-1.0925,8.14533,0,
-0.3351,-1.1000,8.14550,0,
-0.4095,-1.1100,8.14567,0,
-0.4840,-1.1175,8.14583,0,
-0.5957,-1.1275,8.14600,0,
-0.6701,-1.1350,8.14617,0,
-0.8191,-1.1450,8.14633,0,
-0.9308,-1.1525,8.14650,0,
-1.0424,-1.1600,8.14667,0,
-1.1541,-1.1700,8.14683,0,
-1.2658,-1.1775,8.14700,0,
-1.3775,-1.1850,8.14717,0,
-1.4892,-1.1950,8.14733,0,
-1.6009,-1.2025,8.14750,0,
-1.7126,-1.2100,8.14767,0,
-1.8243,-1.2200,8.14783,0,
-1.9360,-1.2275,8.14800,0,
-2.0477,-1.2350,8.14817,0,
-2.1593,-1.2450,8.14833,0,
-2.2710,-1.2525,8.14850,0,
-2.3827,-1.2600,8.14867,0,
-2.4944,-1.2675,8.14883,0,
-2.6061,-1.2775,8.14900,0,
-2.7178,-1.2850,8.14917,0,
-2.8295,-1.2925,8.14933,0,
-2.9039,-1.3025,8.14950,0,
-3.0156,-1.3100,8.14967,0,
-3.1646,-1.3175,8.14983,0,
-3.2390,-1.3275,8.15000,0,
-3.3507,-1.3350,8.15017,0,
-3.4624,-1.3425,8.15033,0,
-3.5741,-1.3525,8.15050,0,
-3.6485,-1.3600,8.15067,0,
-3.7602,-1.3675,8.15083,0,
-3.8347,-1.3750,8.15100,0,
-3.9464,-1.3825,8.15117,0,
-4.0581,-1.3925,8.15133,0,
-4.1698,-1.4000,8.15150,0,
-4.2815,-1.4075,8.15167,0,
-4.3559,-1.4150,8.15183,0,
-4.4676,-1.4250,8.15200,0,
-4.5793,-1.4325,8.15217,0,
-4.6538,-1.4400,8.15233,0,
-4.7654,-1.4500,8.15250,0,
-4.8771,-1.4575,8.15267,0,
-4.9144,-1.4650,8.15283,0,
-4.9888,-1.4750,8.15300,0,
-5.0633,-1.4825,8.15317,0,
-5.1005,-1.4900,8.15333,0,
-5.1378,-1.5000,8.15350,0,
-5.2122,-1.5075,8.15367,0,
-5.2494,-1.5150,8.15383,0,
-5.2867,-1.5225,8.15400,0,
-5.3239,-1.5325,8.15417,0,
-5.3984,-1.5400,8.15433,0,
-5.4356,-1.5475,8.15450,0,
-5.5101,-1.5575,8.15467,0,
-5.5473,-1.5650,8.15483,0,
-5.6217,-1.5725,8.15500,0,
-5.7334,-1.5800,8.15517,0,
-5.8079,-1.5875,8.15533,0,
-5.9196,-1.5975,8.15550,0,
-5.9940,-1.6050,8.15567,0,
-6.0685,-1.6125,8.15583,0,
-6.1802,-1.6225,8.15600,0,
-6.2547,-1.6300,8.15617,0,
-6.3663,-1.6375,8.15633,0,
-6.4780,-1.6475,8.15650,0,
-6.5525,-1.6550,8.15667,0,
-6.6642,-1.6650,8.15683,0,
-6.7759,-1.6725,8.15700,0,
-6.8503,-1.6800,8.15717,0,
-6.9248,-1.6875,8.15733,0,
-7.0365,-1.6975,8.15750,0,
-7.1109,-1.7050,8.15767,0,
-7.1482,-1.7125,8.15783,0,
-7.2599,-1.7200,8.15800,0,
-7.3343,-1.7300,8.15817,0,
-7.4088,-1.7375,8.15833,0,
-7.4832,-1.7450,8.15850,0,
-7.5577,-1.7525,8.15867,0,
-7.6694,-1.7600,8.15883,0,
-7.7439,-1.7700,8.15900,0,
-7.8183,-1.7775,8.15917,0,
-7.9300,-1.7875,8.15933,0,
-8.0045,-1.7950,8.15950,0,
-8.0789,-1.8025,8.15967,0,
-8.1906,-1.8125,8.15983,0,
-8.2651,-1.8200,8.16000,0,
-8.3768,-1.8300,8.16017,0,
-8.4885,-1.8375,8.16033,0,
-8.5629,-1.8450,8.16050,0,
-8.6374,-1.8550,8.16067,0,
-8.7491,-1.8625,8.16083,0,
-8.8235,-1.8700,8.16100,0,
-8.8980,-1.8800,8.16117,0,
-9.0097,-1.8875,8.16133,0,
-9.0841,-1.8950,8.16150,0,
-9.1586,-1.9050,8.16167,0,
-9.2331,-1.9125,8.16183,0,
-9.3075,-1.9200,8.16200,0,
-9.3820,-1.9275,8.16217,0,
-9.4564,-1.9375,8.16233,0,
-9.5309,-1.9450,8.16250,0,
-9.6054,-1.9550,8.16267,0,
-9.6798,-1.9625,8.16283,0,
-9.7543,-1.9700,8.16300,0,
-9.7915,-1.9800,8.16317,0,
-9.8660,-1.9875,8.16333,0,
-9.9404,-1.9975,8.16350,0,
-10.0149,-2.0050,8.16367,0,
-10.0521,-2.0150,8.16383,0,
-10.1266,-2.0225,8.16400,0,
-10.2010,-2.0300,8.16417,0,
-10.2383,-2.0375,8.16433,0,
-10.3127,-2.0475,8.16450,0,
-10.3872,-2.0550,8.16467,0,
-10.4617,-2.0625,8.16483,0,
-10.5361,-2.0700,8.16500,0,
-10.5733,-2.0775,8.16517,0,
-10.6478,-2.0875,8.16533,0,
-10.7595,-2.0950,8.16550,0,
-10.7967,-2.1025,8.16567,0,
-10.8712,-2.1125,8.16583,0,
-10.9456,-2.1200,8.16600,0,
-11.0201,-2.1275,8.16617,0,
-11.0946,-2.1375,8.16633,0,
-11.2063,-2.1450,8.16650,0,
-11.2807,-2.1550,8.16667,0,
-11.3552,-2.1625,8.16683,0,
-11.4669,-2.1700,8.16700,0,
-11.5413,-2.1800,8.16717,0,
-11.6158,-2.1875,8.16733,0,
-11.6902,-2.1950,8.16750,0,
-11.7647,-2.2025,8.16767,0,
-11.8019,-2.2100,8.16783,0,
-11.8764,-2.2175,8.16800,0,
-11.9509,-2.2275,8.16817,0,
-12.0253,-2.2350,8.16833,0,
-12.0625,-2.2425,8.16850,0,
-12.1370,-2.2500,8.16867,0,
-12.2115,-2.2600,8.16883,0,
-12.2859,-2.2675,8.16900,0,
-12.3604,-2.2750,8.16917,0,
-12.4348,-2.2850,8.16933,0,
-12.5093,-2.2925,8.16950,0,
-12.6210,-2.3025,8.16967,0,
-12.6955,-2.3100,8.16983,0,
-12.7699,-2.3200,8.17000,0,
-12.8444,-2.3275,8.17017,0,
-12.9561,-2.3350,8.17033,0,
-13.0305,-2.3450,8.17050,0,
-13.1050,-2.3525,8.17067,0,
-13.1422,-2.3600,8.17083,0,
-13.2167,-2.3675,8.17100,0,
-13.2539,-2.3775,8.17117,0,
-13.2911,-2.3850,8.17133,0,
-13.3284,-2.3925,8.17150,0,
-13.3656,-2.4000,8.17167,0,
-13.4401,-2.4075,8.17183,0,
-13.5518,-2.4150,8.17200,0,
-13.6262,-2.4250,8.17217,0,
-13.6634,-2.4325,8.17233,0,
-13.7379,-2.4400,8.17250,0,
-13.7751,-2.4475,8.17267,0,
-13.8124,-2.4575,8.17283,0,
-13.8868,-2.4650,8.17300,0,
-13.9240,-2.4725,8.17317,0,
-13.9985,-2.4825,8.17333,0,
-14.0730,-2.4900,8.17350,0,
-14.1102,-2.5000,8.17367,0,
-14.1847,-2.5075,8.17383,0,
-14.2591,-2.5150,8.17400,0,
-14.3336,-2.5225,8.17417,0,
-14.4080,-2.5325,8.17433,0,
-14.4825,-2.5400,8.17450,0,
-14.5197,-2.5475,8.17467,0,
-14.5570,-2.5575,8.17483,0,
-14.5942,-2.5650,8.17500,0,
-14.6314,-2.5725,8.17517,0,
-14.7059,-2.5800,8.17533,0,
-14.7431,-2.5900,8.17550,0,
-14.7803,-2.5975,8.17567,0,
-14.8548,-2.6050,8.17583,0,
-14.9665,-2.6125,8.17600,0,
-15.0410,-2.6225,8.17617,0,
-15.0410,-2.6300,8.17633,0,
-15.0782,-2.6400,8.17650,0,
-15.1526,-2.6475,8.17667,0,
-15.2271,-2.6575,8.17683,0,
-15.2643,-2.6650,8.17700,0,
-15.3388,-2.6750,8.17717,0,
-15.3760,-2.6825,8.17733,0,
-15.4505,-2.6900,8.17750,0,
-15.5249,-2.6975,8.17767,0,
-15.5994,-2.7075,8.17783,0,
-15.6366,-2.7150,8.17800,0,
-15.6739,-2.7225,8.17817,0,
-15.7483,-2.7300,8.17833,0,
-15.7483,-2.7400,8.17850,0,
-15.7483,-2.7475,8.17867,0,
-15.7856,-2.7550,8.17883,0,
-15.7856,-2.7625,8.17900,0,
-15.7856,-2.7725,8.17917,0,
-15.7856,-2.7800,8.17933,0,
-15.7483,-2.7875,8.17950,0,
-15.7483,-2.7975,8.17967,0,
-15.7111,-2.8050,8.17983,0,
-15.7111,-2.8150,8.18000,0,
-15.7483,-2.8225,8.18017,0,
-15.7856,-2.8325,8.18033,0,
-15.8600,-2.8400,8.18050,0,
-15.9345,-2.8475,8.18067,0,
-15.9717,-2.8575,8.18083,0,
-16.0834,-2.8650,8.18100,0,
-16.1579,-2.8725,8.18117,0,
-16.2323,-2.8825,8.18133,0,
-16.3068,-2.8900,8.18150,0,
-16.3812,-2.8975,8.18167,0,
-16.4185,-2.9050,8.18183,0,
-16.4929,-2.9125,8.18200,0,
-16.5674,-2.9225,8.18217,0,
-16.6046,-2.9300,8.18233,0,
-16.6791,-2.9375,8.18250,0,
-16.7163,-2.9475,8.18267,0,
-16.7908,-2.9550,8.18283,0,
-16.8652,-2.9625,8.18300,0,
-16.9025,-2.9725,8.18317,0,
-16.9397,-2.9800,8.18333,0,
-16.9769,-2.9900,8.18350,0,
-17.0514,-2.9975,8.18367,0,
-17.1258,-3.0075,8.18383,0,
-17.2003,-3.0150,8.18400,0,
-17.2375,-3.0225,8.18417,0,
-17.3492,-3.0300,8.18433,0,
-17.4237,-3.0400,8.18450,0,
-17.4609,-3.0475,8.18467,0,
-17.5354,-3.0550,8.18483,0,
-17.5726,-3.0625,8.18500,0,
-17.6471,-3.0725,8.18517,0,
-17.7215,-3.0800,8.18533,0,
-17.7587,-3.0875,8.18550,0,
-17.7960,-3.0950,8.18567,0,
-17.7960,-3.1050,8.18583,0,
-17.8704,-3.1125,8.18600,0,
-17.9077,-3.1225,8.18617,0,
-17.9449,-3.1300,8.18633,0,
-18.0194,-3.1375,8.18650,0,
-18.0938,-3.1475,8.18667,0,
-18.1311,-3.1550,8.18683,0,
-18.2055,-3.1650,8.18700,0,
-18.2800,-3.1725,8.18717,0,
-18.3544,-3.1825,8.18733,0,
-18.3544,-3.1900,8.18750,0,
-18.4289,-3.1975,8.18767,0,
-18.4289,-3.2075,8.18783,0,
-18.4661,-3.2150,8.18800,0,
-18.5033,-3.2225,8.18817,0,
-18.5406,-3.2300,8.18833,0,
-18.5778,-3.2400,8.18850,0,
-18.6150,-3.2475,8.18867,0,
-18.6523,-3.2550,8.18883,0,
-18.6895,-3.2625,8.18900,0,
-18.7267,-3.2725,8.18917,0,
-18.7640,-3.2800,8.18933,0,
-18.8012,-3.2875,8.18950,0,
-18.8384,-3.2975,8.18967,0,
-18.8757,-3.3050,8.18983,0,
-18.9129,-3.3150,8.19000,0,
-18.9501,-3.3225,8.19017,0,
-18.9501,-3.3325,8.19033,0,
-18.9873,-3.3400,8.19050,0,
-18.9873,-3.3475,8.19067,0,
-18.9873,-3.3575,8.19083,0,
-18.9873,-3.3650,8.19100,0,
-18.9873,-3.3725,8.19117,0,
-19.0246,-3.3800,8.19133,0,
-19.0246,-3.3875,8.19150,0,
-19.0618,-3.3975,8.19167,0,
-19.0618,-3.4050,8.19183,0,
-19.0618,-3.4125,8.19200,0,
-19.0990,-3.4200,8.19217,0,
-19.0990,-3.4275,8.19233,0,
-19.0990,-3.4375,8.19250,0,
-19.0618,-3.4450,8.19267,0,
-19.0618,-3.4550,8.19283,0,
-19.0618,-3.4625,8.19300,0,
-19.0990,-3.4700,8.19317,0,
-19.1735,-3.4800,8.19333,0,
-19.1735,-3.4875,8.19350,0,
-19.1735,-3.4975,8.19367,0,
-19.2107,-3.5050,8.19383,0,
-19.1735,-3.5125,8.19400,0,
-19.1735,-3.5225,8.19417,0,
-19.1735,-3.5300,8.19433,0,
-19.1363,-3.5400,8.19450,0,
-19.1363,-3.5475,8.19467,0,
-19.1363,-3.5550,8.19483,0,
-19.0990,-3.5650,8.19500,0,
-19.0618,-3.5725,8.19517,0,
-19.0990,-3.5800,8.19533,0,
-19.1363,-3.5875,8.19550,0,
-19.1735,-3.5950,8.19567,0,
-19.2107,-3.6050,8.19583,0,
-19.2852,-3.6125,8.19600,0,
-19.3224,-3.6200,8.19617,0,
-19.3969,-3.6275,8.19633,0,
-19.4713,-3.6375,8.19650,0,
-19.5458,-3.6450,8.19667,0,
-19.5830,-3.6550,8.19683,0,
-19.6575,-3.6625,8.19700,0,
-19.6947,-3.6700,8.19717,0,
-19.7319,-3.6800,8.19733,0,
-19.8064,-3.6875,8.19750,0,
-19.8064,-3.6950,8.19767,0,
-19.7692,-3.7050,8.19783,0,
-19.7692,-3.7125,8.19800,0,
-19.7692,-3.7200,8.19817,0,
-19.7692,-3.7275,8.19833,0,
-19.7692,-3.7350,8.19850,0,
-19.8064,-3.7450,8.19867,0,
-19.8064,-3.7525,8.19883,0,
-19.8064,-3.7600,8.19900,0,
-19.8064,-3.7700,8.19917,0,
-19.8436,-3.7775,8.19933,0,
-19.9181,-3.7875,8.19950,0,
-19.9553,-3.7950,8.19967,0,
-20.0298,-3.8025,8.19983,0,
-20.0670,-3.8125,8.20000,0,
-20.1042,-3.8200,8.20017,0,
-20.1042,-3.8275,8.20033,0,
-20.1415,-3.8375,8.20050,0,
-20.1787,-3.8450,8.20067,0,
-20.1787,-3.8550,8.20083,0,
-20.2159,-3.8625,8.20100,0,
-20.2159,-3.8725,8.20117,0,
-20.2159,-3.8800,8.20133,0,
-20.2159,-3.8875,8.20150,0,
-20.2159,-3.8975,8.20167,0,
-20.2159,-3.9050,8.20183,0,
-20.2532,-3.9125,8.20200,0,
-20.3276,-3.9225,8.20217,0,
-20.3276,-3.9300,8.20233,0,
-20.3276,-3.9375,8.20250,0,
-20.3649,-3.9475,8.20267,0,
-20.3649,-3.9550,8.20283,0,
-20.3649,-3.9650,8.20300,0,
-20.3649,-3.9725,8.20317,0,
-20.3649,-3.9825,8.20333,0,
-20.3649,-3.9900,8.20350,0,
-20.4021,-3.9975,8.20367,0,
-20.4021,-4.0075,8.20383,0,
-20.4393,-4.0150,8.20400,0,
-20.4393,-4.0250,8.20417,0,
-20.4765,-4.0325,8.20433,0,
-20.4765,-4.0400,8.20450,0,
-20.5138,-4.0475,8.20467,0,
-20.5138,-4.0575,8.20483,0,
-20.5510,-4.0650,8.20500,0,
-20.5510,-4.0725,8.20517,0,
-20.5510,-4.0825,8.20533,0,
-20.5510,-4.0900,8.20550,0,
-20.5510,-4.0975,8.20567,0,
-20.5510,-4.1075,8.20583,0,
-20.5882,-4.1150,8.20600,0,
-20.6255,-4.1250,8.20617,0,
-20.6255,-4.1325,8.20633,0,
-20.6627,-4.1400,8.20650,0,
-20.6999,-4.1500,8.20667,0,
-20.6999,-4.1575,8.20683,0,
-20.6999,-4.1675,8.20700,0,
-20.6999,-4.1750,8.20717,0,
-20.6255,-4.1825,8.20733,0,
-20.6627,-4.1925,8.20750,0,
-20.6999,-4.2000,8.20767,0,
-20.6999,-4.2075,8.20783,0,
-20.6999,-4.2175,8.20800,0,
-20.7372,-4.2250,8.20817,0,
-20.7372,-4.2325,8.20833,0,
-20.7372,-4.2400,8.20850,0,
-20.7744,-4.2475,8.20867,0,
-20.8116,-4.2575,8.20883,0,
-20.8488,-4.2650,8.20900,0,
-20.8488,-4.2725,8.20917,0,
-20.9233,-4.2825,8.20933,0,
-20.9605,-4.2900,8.20950,0,
-20.9605,-4.2975,8.20967,0,
-20.9978,-4.3075,8.20983,0,
-21.0350,-4.3150,8.21000,0,
-20.9978,-4.3225,8.21017,0,
-21.0350,-4.3325,8.21033,0,
-21.0722,-4.3400,8.21050,0,
-21.0722,-4.3500,8.21067,0,
-21.1095,-4.3575,8.21083,0,
-21.1095,-4.3650,8.21100,0,
-21.1467,-4.3725,8.21117,0,
-21.1467,-4.3800,8.21133,0,
-21.1467,-4.3900,8.21150,0,
-21.1467,-4.3975,8.21167,0,
-21.1467,-4.4050,8.21183,0,
-21.1467,-4.4125,8.21200,0,
-21.1839,-4.4225,8.21217,0,
-21.1839,-4.4300,8.21233,0,
-21.1839,-4.4375,8.21250,0,
-21.1839,-4.4450,8.21267,0,
-21.2211,-4.4550,8.21283,0,
-21.1839,-4.4625,8.21300,0,
-21.2211,-4.4700,8.21317,0,
-21.2211,-4.4800,8.21333,0,
-21.2211,-4.4875,8.21350,0,
-21.2211,-4.4950,8.21367,0,
-21.2584,-4.5050,8.21383,0,
-21.2584,-4.5125,8.21400,0,
-21.2584,-4.5225,8.21417,0,
-21.2584,-4.5300,8.21433,0,
-21.2584,-4.5375,8.21450,0,
-21.2584,-4.5475,8.21467,0,
-21.2584,-4.5550,8.21483,0,
-21.2584,-4.5625,8.21500,0,
-21.2584,-4.5700,8.21517,0,
-21.2584,-4.5775,8.21533,0,
-21.2584,-4.5875,8.21550,0,
-21.2584,-4.5950,8.21567,0,
-21.2584,-4.6025,8.21583,0,
-21.2956,-4.6125,8.21600,0,
-21.2956,-4.6200,8.21617,0,
-21.2584,-4.6275,8.21633,0,
-21.2584,-4.6375,8.21650,0,
-21.2584,-4.6450,8.21667,0,
-21.2584,-4.6525,8.21683,0,
-21.2956,-4.6625,8.21700,0,
-21.3328,-4.6700,8.21717,0,
-21.3328,-4.6775,8.21733,0,
-21.3328,-4.6875,8.21750,0,
-21.3701,-4.6950,8.21767,0,
-21.3701,-4.7025,8.21783,0,
-21.3701,-4.7100,8.21800,0,
-21.3701,-4.7200,8.21817,0,
-21.4073,-4.7275,8.21833,0,
-21.4073,-4.7350,8.21850,0,
-21.4073,-4.7425,8.21867,0,
-21.4445,-4.7525,8.21883,0,
-21.4445,-4.7600,8.21900,0,
-21.4818,-4.7675,8.21917,0,
-21.4818,-4.7775,8.21933,0,
-21.4818,-4.7850,8.21950,0,
-21.4818,-4.7925,8.21967,0,
-21.5190,-4.8025,8.21983,0,
-21.5190,-4.8100,8.22000,0,
-21.5190,-4.8175,8.22017,0,
-21.5190,-4.8275,8.22033,0,
-21.5562,-4.8350,8.22050,0,
-21.5562,-4.8450,8.22067,0,
-21.5562,-4.8525,8.22083,0,
-21.5934,-4.8625,8.22100,0,
-21.5934,-4.8700,8.22117,0,
-21.5934,-4.8800,8.22133,0,
-21.5934,-4.8875,8.22150,0,
-21.5934,-4.8950,8.22167,0,
-21.5562,-4.9050,8.22183,0,
-21.5562,-4.9125,8.22200,0,
-21.5562,-4.9200,8.22217,0,
-21.5562,-4.9275,8.22233,0,
-21.5562,-4.9375,8.22250,0,
-21.5562,-4.9450,8.22267,0,
-21.5562,-4.9550,8.22283,0,
-21.5562,-4.9625,8.22300,0,
-21.5562,-4.9700,8.22317,0,
-21.5934,-4.9800,8.22333,0,
-21.5934,-4.9875,8.22350,0,
-21.5562,-4.9950,8.22367,0,
-21.5934,-5.0050,8.22383,0,
-21.5934,-5.0125,8.22400,0,
-21.5934,-5.0200,8.22417,0,
-21.5934,-5.0275,8.22433,0,
-21.5562,-5.0375,8.22450,0,
-21.5562,-5.0450,8.22467,0,
-21.5562,-5.0525,8.22483,0,
-21.5562,-5.0600,8.22500,0,
-21.5562,-5.0675,8.22517,0,
-21.5562,-5.0775,8.22533,0,
-21.5562,-5.0850,8.22550,0,
-21.5562,-5.0925,8.22567,0,
-21.5562,-5.1025,8.22583,0,
-21.5562,-5.1100,8.22600,0,
-21.5562,-5.1200,8.22617,0,
-21.5562,-5.1275,8.22633,0,
-21.5190,-5.1350,8.22650,0,
-21.5562,-5.1450,8.22667,0,
-21.5190,-5.1525,8.22683,0,
-21.5190,-5.1600,8.22700,0,
-21.5190,-5.1700,8.22717,0,
-21.5190,-5.1775,8.22733,0,
-21.5190,-5.1875,8.22750,0,
-21.5190,-5.1950,8.22767,0,
-21.5190,-5.2025,8.22783,0,
-21.5190,-5.2125,8.22800,0,
-21.5190,-5.2200,8.22817,0,
-21.5190,-5.2275,8.22833,0,
-21.5190,-5.2350,8.22850,0,
-21.5190,-5.2425,8.22867,0,
-21.4818,-5.2525,8.22883,0,
-21.5190,-5.2600,8.22900,0,
-21.4818,-5.2675,8.22917,0,
-21.4818,-5.2775,8.22933,0,
-21.4818,-5.2850,8.22950,0,
-21.4818,-5.2925,8.22967,0,
-21.4818,-5.3025,8.22983,0,
-21.4818,-5.3100,8.23000,0,
-21.4818,-5.3200,8.23017,0,
-21.4818,-5.3275,8.23033,0,
-21.4818,-5.3350,8.23050,0,
-21.4818,-5.3450,8.23067,0,
-21.4818,-5.3525,8.23083,0,
-21.4818,-5.3600,8.23100,0,
-21.4818,-5.3700,8.23117,0,
-21.4445,-5.3775,8.23133,0,
-21.4445,-5.3850,8.23150,0,
-21.4445,-5.3925,8.23167,0,
-21.4445,-5.4025,8.23183,0,
-21.4445,-5.4100,8.23200,0,
-21.4445,-5.4175,8.23217,0,
-21.4445,-5.4275,8.23233,0,
-21.4073,-5.4350,8.23250,0,
-21.4073,-5.4425,8.23267,0,
-21.4073,-5.4525,8.23283,0,
-21.4073,-5.4600,8.23300,0,
-21.3701,-5.4700,8.23317,0,
-21.3701,-5.4775,8.23333,0,
-21.3701,-5.4850,8.23350,0,
-21.3701,-5.4950,8.23367,0,
-21.4073,-5.5025,8.23383,0,
-21.4073,-5.5100,8.23400,0,
-21.4073,-5.5200,8.23417,0,
-21.3701,-5.5275,8.23433,0,
-21.3701,-5.5375,8.23450,0,
-21.3328,-5.5450,8.23467,0,
-21.3328,-5.5525,8.23483,0,
-21.3328,-5.5600,8.23500,0,
-21.3328,-5.5675,8.23517,0,
-21.3328,-5.5775,8.23533,0,
-21.3328,-5.5850,8.23550,0,
-21.3328,-5.5925,8.23567,0,
-21.2956,-5.6000,8.23583,0,
-21.2956,-5.6075,8.23600,0,
-21.3328,-5.6175,8.23617,0,
-21.3328,-5.6250,8.23633,0,
-21.2956,-5.6325,8.23650,0,
-21.2956,-5.6425,8.23667,0,
-21.2956,-5.6500,8.23683,0,
-21.2956,-5.6600,8.23700,0,
-21.2956,-5.6675,8.23717,0,
-21.2956,-5.6775,8.23733,0,
-21.2584,-5.6850,8.23750,0,
-21.2584,-5.6925,8.23767,0,
-21.2584,-5.7000,8.23783,0,
-21.2584,-5.7100,8.23800,0,
-21.2584,-5.7175,8.23817,0,
-21.2584,-5.7250,8.23833,0,
-21.2584,-5.7325,8.23850,0,
-21.2211,-5.7425,8.23867,0,
-21.2211,-5.7500,8.23883,0,
-21.2584,-5.7600,8.23900,0,
-21.2211,-5.7675,8.23917,0,
-21.1839,-5.7750,8.23933,0,
-21.1839,-5.7850,8.23950,0,
-21.1839,-5.7925,8.23967,0,
-21.1839,-5.8000,8.23983,0,
-21.1839,-5.8100,8.24000,0,
-21.1839,-5.8175,8.24017,0,
-21.1467,-5.8275,8.24033,0,
-21.1467,-5.8350,8.24050,0,
-21.1467,-5.8425,8.24067,0,
-21.1467,-5.8525,8.24083,0,
-21.1095,-5.8600,8.24100,0,
-21.1467,-5.8675,8.24117,0,
-21.1095,-5.8775,8.24133,0,
-21.1095,-5.8850,8.24150,0,
-21.1095,-5.8925,8.24167,0,
-21.0722,-5.9000,8.24183,0,
-21.0350,-5.9100,8.24200,0,
-21.0350,-5.9175,8.24217,0,
-21.0350,-5.9275,8.24233,0,
-21.0350,-5.9350,8.24250,0,
-21.0350,-5.9425,8.24267,0,
-21.0350,-5.9525,8.24283,0,
-21.0350,-5.9600,8.24300,0,
-21.0350,-5.9700,8.24317,0,
-21.0350,-5.9775,8.24333,0,
-20.9978,-5.9875,8.24350,0,
-20.9978,-5.9950,8.24367,0,
-20.9978,-6.0050,8.24383,0,
-20.9978,-6.0125,8.24400,0,
-20.9605,-6.0200,8.24417,0,
-20.9605,-6.0275,8.24433,0,
-20.9605,-6.0375,8.24450,0,
-20.9605,-6.0450,8.24467,0,
-20.9233,-6.0525,8.24483,0,
-20.9605,-6.0600,8.24500,0,
-20.9233,-6.0675,8.24517,0,
-20.9233,-6.0750,8.24533,0,
-20.8861,-6.0850,8.24550,0,
-20.8861,-6.0925,8.24567,0,
-20.8861,-6.1000,8.24583,0,
-20.8488,-6.1100,8.24600,0,
-20.8488,-6.1175,8.24617,0,
-20.8488,-6.1250,8.24633,0,
-20.8488,-6.1350,8.24650,0,
-20.8488,-6.1425,8.24667,0,
-20.8116,-6.1525,8.24683,0,
-20.8116,-6.1600,8.24700,0,
-20.8116,-6.1675,8.24717,0,
-20.7744,-6.1775,8.24733,0,
-20.7744,-6.1850,8.24750,0,
-20.7744,-6.1925,8.24767,0,
-20.7744,-6.2025,8.24783,0,
-20.7372,-6.2100,8.24800,0,
-20.7372,-6.2175,8.24817,0,
-20.7372,-6.2275,8.24833,0,
-20.7372,-6.2350,8.24850,0,
-20.6999,-6.2425,8.24867,0,
-20.6999,-6.2525,8.24883,0,
-20.6999,-6.2600,8.24900,0,
-20.6999,-6.2675,8.24917,0,
-20.6999,-6.2750,8.24933,0,
-20.6999,-6.2850,8.24950,0,
-20.6627,-6.2925,8.24967,0,
-20.6255,-6.3000,8.24983,0,
-20.6255,-6.3100,8.25000,0,
-20.6255,-6.3175,8.25017,0,
-20.6255,-6.3275,8.25033,0,
-20.6255,-6.3350,8.25050,0,
-20.5882,-6.3450,8.25067,0,
-20.5510,-6.3525,8.25083,0,
-20.5510,-6.3600,8.25100,0,
-20.5510,-6.3675,8.25117,0,
-20.5138,-6.3750,8.25133,0,
-20.5138,-6.3850,8.25150,0,
-20.5138,-6.3925,8.25167,0,
-20.5138,-6.4000,8.25183,0,
-20.4765,-6.4075,8.25200,0,
-20.4765,-6.4175,8.25217,0,
-20.4765,-6.4250,8.25233,0,
-20.4765,-6.4325,8.25250,0,
-20.4765,-6.4425,8.25267,0,
-20.4765,-6.4500,8.25283,0,
-20.4393,-6.4575,8.25300,0,
-20.4393,-6.4675,8.25317,0,
-20.4393,-6.4750,8.25333,0,
-20.4393,-6.4850,8.25350,0,
-20.4021,-6.4925,8.25367,0,
-20.4021,-6.5000,8.25383,0,
-20.4021,-6.5100,8.25400,0,
-20.3649,-6.5175,8.25417,0,
-20.3649,-6.5250,8.25433,0,
-20.3649,-6.5350,8.25450,0,
-20.3649,-6.5425,8.25467,0,
-20.3276,-6.5500,8.25483,0,
-20.3276,-6.5600,8.25500,0,
-20.3276,-6.5675,8.25517,0,
-20.3276,-6.5750,8.25533,0,
-20.3276,-6.5850,8.25550,0,
-20.3276,-6.5925,8.25567,0,
-20.3276,-6.6000,8.25583,0,
-20.2904,-6.6100,8.25600,0,
-20.2904,-6.6175,8.25617,0,
-20.2904,-6.6250,8.25633,0,
-20.2532,-6.6350,8.25650,0,
-20.2532,-6.6425,8.25667,0,
-20.2532,-6.6525,8.25683,0,
-20.2159,-6.6600,8.25700,0,
-20.2159,-6.6675,8.25717,0,
-20.1787,-6.6775,8.25733,0,
-20.1787,-6.6850,8.25750,0,
-20.1787,-6.6925,8.25767,0,
-20.1787,-6.7025,8.25783,0,
-20.1415,-6.7100,8.25800,0,
-20.1415,-6.7175,8.25817,0,
-20.1042,-6.7250,8.25833,0,
-20.1042,-6.7350,8.25850,0,
-20.1042,-6.7425,8.25867,0,
-20.1042,-6.7500,8.25883,0,
-20.1042,-6.7575,8.25900,0,
-20.0670,-6.7675,8.25917,0,
-20.0670,-6.7750,8.25933,0,
-20.0298,-6.7850,8.25950,0,
-20.0298,-6.7925,8.25967,0,
-20.0298,-6.8000,8.25983,0,
-20.0298,-6.8100,8.26000,0,
-19.9926,-6.8175,8.26017,0,
-19.9926,-6.8275,8.26033,0,
-19.9553,-6.8350,8.26050,0,
-19.9553,-6.8450,8.26067,0,
-19.9181,-6.8525,8.26083,0,
-19.9181,-6.8600,8.26100,0,
-19.9181,-6.8700,8.26117,0,
-19.8809,-6.8775,8.26133,0,
-19.8809,-6.8850,8.26150,0,
-19.8809,-6.8950,8.26167,0,
-19.8809,-6.9025,8.26183,0,
-19.8436,-6.9100,8.26200,0,
-19.8436,-6.9175,8.26217,0,
-19.8436,-6.9275,8.26233,0,
-19.8436,-6.9350,8.26250,0,
-19.8064,-6.9425,8.26267,0,
-19.8064,-6.9525,8.26283,0,
-19.8064,-6.9600,8.26300,0,
-19.8064,-6.9675,8.26317,0,
-19.7692,-6.9775,8.26333,0,
-19.7692,-6.9850,8.26350,0,
-19.7319,-6.9950,8.26367,0,
-19.7319,-7.0025,8.26383,0,
-19.6947,-7.0100,8.26400,0,
-19.6947,-7.0175,8.26417,0,
-19.6947,-7.0275,8.26433,0,
-19.6575,-7.0350,8.26450,0,
-19.6575,-7.0425,8.26467,0,
-19.6203,-7.0500,8.26483,0,
-19.6203,-7.0600,8.26500,0,
-19.6203,-7.0675,8.26517,0,
-19.5830,-7.0750,8.26533,0,
-19.5830,-7.0825,8.26550,0,
-19.5458,-7.0925,8.26567,0,
-19.5458,-7.1000,8.26583,0,
-19.5086,-7.1075,8.26600,0,
-19.4713,-7.1175,8.26617,0,
-19.4713,-7.1250,8.26633,0,
-19.4341,-7.1350,8.26650,0,
-19.3969,-7.1425,8.26667,0,
-19.3596,-7.1525,8.26683,0,
-19.3224,-7.1600,8.26700,0,
-19.2852,-7.1675,8.26717,0,
-19.2480,-7.1775,8.26733,0,
-19.2107,-7.1850,8.26750,0,
-19.1735,-7.1950,8.26767,0,
-19.0618,-7.2025,8.26783,0,
-19.0246,-7.2100,8.26800,0,
-18.9873,-7.2200,8.26817,0,
-18.9873,-7.2275,8.26833,0,
-18.9501,-7.2350,8.26850,0,
-18.9501,-7.2450,8.26867,0,
-18.9129,-7.2525,8.26883,0,
-18.8757,-7.2600,8.26900,0,
-18.8757,-7.2700,8.26917,0,
-18.8384,-7.2775,8.26933,0,
-18.8012,-7.2850,8.26950,0,
-18.7640,-7.2950,8.26967,0,
-18.7640,-7.3025,8.26983,0,
-18.7640,-7.3125,8.27000,0,
-18.7267,-7.3200,8.27017,0,
-18.7267,-7.3275,8.27033,0,
-18.7267,-7.3375,8.27050,0,
-18.6895,-7.3450,8.27067,0,
-18.7267,-7.3550,8.27083,0,
-18.7267,-7.3625,8.27100,0,
-18.7267,-7.3700,8.27117,0,
-18.6895,-7.3775,8.27133,0,
-18.6895,-7.3875,8.27150,0,
-18.6523,-7.3950,8.27167,0,
-18.6150,-7.4025,8.27183,0,
-18.5778,-7.4125,8.27200,0,
-18.5406,-7.4200,8.27217,0,
-18.5033,-7.4275,8.27233,0,
-18.3917,-7.4375,8.27250,0,
-18.3917,-7.4450,8.27267,0,
-18.3544,-7.4550,8.27283,0,
-18.3172,-7.4625,8.27300,0,
-18.3172,-7.4725,8.27317,0,
-18.2800,-7.4800,8.27333,0,
-18.2427,-7.4875,8.27350,0,
-18.2055,-7.4975,8.27367,0,
-18.2055,-7.5050,8.27383,0,
-18.2055,-7.5150,8.27400,0,
-18.2427,-7.5225,8.27417,0,
-18.2800,-7.5300,8.27433,0,
-18.2800,-7.5400,8.27450,0,
-18.3172,-7.5475,8.27467,0,
-18.3544,-7.5550,8.27483,0,
-18.3544,-7.5650,8.27500,0,
-18.3172,-7.5725,8.27517,0,
-18.2800,-7.5800,8.27533,0,
-18.2800,-7.5900,8.27550,0,
-18.2800,-7.5975,8.27567,0,
-18.2800,-7.6050,8.27583,0,
-18.3172,-7.6150,8.27600,0,
-18.3172,-7.6225,8.27617,0,
-18.2800,-7.6300,8.27633,0,
-18.2800,-7.6400,8.27650,0,
-18.2427,-7.6500,8.27667,0,
-18.1311,-7.6575,8.27683,0,
-18.0194,-7.6675,8.27700,0,
-17.9821,-7.6750,8.27717,0,
-17.9449,-7.6825,8.27733,0,
-17.9077,-7.6925,8.27750,0,
-17.8332,-7.7000,8.27767,0,
-17.8332,-7.7075,8.27783,0,
-17.8332,-7.7175,8.27800,0,
-17.8332,-7.7250,8.27817,0,
-17.7960,-7.7325,8.27833,0,
-17.7587,-7.7400,8.27850,0,
-17.7587,-7.7500,8.27867,0,
-17.7587,-7.7575,8.27883,0,
-17.7215,-7.7650,8.27900,0,
-17.7215,-7.7750,8.27917,0,
-17.7215,-7.7825,8.27933,0,
-17.7215,-7.7925,8.27950,0,
-17.6843,-7.8000,8.27967,0,
-17.6843,-7.8100,8.27983,0,
-17.6843,-7.8175,8.28000,0,
-17.6471,-7.8275,8.28017,0,
-17.6471,-7.8350,8.28033,0,
-17.6471,-7.8450,8.28050,0,
-17.6471,-7.8525,8.28067,0,
-17.6471,-7.8625,8.28083,0,
-17.6098,-7.8700,8.28100,0,
-17.6098,-7.8775,8.28117,0,
-17.5726,-7.8875,8.28133,0,
-17.5726,-7.8950,8.28150,0,
-17.5354,-7.9025,8.28167,0,
-17.4981,-7.9125,8.28183,0,
-17.4981,-7.9200,8.28200,0,
-17.4609,-7.9275,8.28217,0,
-17.4237,-7.9375,8.28233,0,
-17.4237,-7.9450,8.28250,0,
-17.3864,-7.9525,8.28267,0,
-17.3492,-7.9625,8.28283,0,
-17.3492,-7.9700,8.28300,0,
-17.3120,-7.9800,8.28317,0,
-17.2375,-7.9875,8.28333,0,
-17.2748,-7.9975,8.28350,0,
-17.2375,-8.0050,8.28367,0,
-17.2003,-8.0125,8.28383,0,
-17.2003,-8.0225,8.28400,0,
-17.2375,-8.0300,8.28417,0,
-17.2003,-8.0375,8.28433,0,
-17.1631,-8.0475,8.28450,0,
-17.1631,-8.0550,8.28467,0,
-17.1631,-8.0625,8.28483,0,
-17.1258,-8.0700,8.28500,0,
-17.1258,-8.0800,8.28517,0,
-17.1258,-8.0875,8.28533,0,
-17.0886,-8.0950,8.28550,0,
-17.0886,-8.1050,8.28567,0,
-17.0514,-8.1125,8.28583,0,
-17.0514,-8.1225,8.28600,0,
-17.0514,-8.1300,8.28617,0,
-17.0514,-8.1400,8.28633,0,
-17.0886,-8.1475,8.28650,0,
-17.0886,-8.1575,8.28667,0,
-17.1258,-8.1650,8.28683,0,
-17.1631,-8.1750,8.28700,0,
-17.1631,-8.1825,8.28717,0,
-17.1631,-8.1900,8.28733,0,
-17.1631,-8.2000,8.28750,0,
-17.1631,-8.2075,8.28767,0,
-17.1258,-8.2150,8.28783,0,
-17.0886,-8.2225,8.28800,0,
-17.0514,-8.2300,8.28817,0,
-17.0514,-8.2400,8.28833,0,
-17.0886,-8.2475,8.28850,0,
-17.0514,-8.2550,8.28867,0,
-17.0141,-8.2625,8.28883,0,
-16.9769,-8.2725,8.28900,0,
-16.9397,-8.2800,8.28917,0,
-16.8652,-8.2900,8.28933,0,
-16.8280,-8.2975,8.28950,0,
-16.7908,-8.3050,8.28967,0,
-16.7535,-8.3150,8.28983,0,
-16.7535,-8.3225,8.29000,0,
-16.7163,-8.3325,8.29017,0,
-16.7163,-8.3400,8.29033,0,
-16.7163,-8.3475,8.29050,0,
-16.7163,-8.3575,8.29067,0,
-16.7163,-8.3650,8.29083,0,
-16.7535,-8.3725,8.29100,0,
-16.7535,-8.3825,8.29117,0,
-16.7535,-8.3900,8.29133,0,
-16.7163,-8.3975,8.29150,0,
-16.7163,-8.4050,8.29167,0,
-16.6791,-8.4125,8.29183,0,
-16.6791,-8.4225,8.29200,0,
-16.6418,-8.4300,8.29217,0,
-16.6046,-8.4375,8.29233,0,
-16.6046,-8.4475,8.29250,0,
-16.6046,-8.4550,8.29267,0,
-16.6046,-8.4650,8.29283,0,
-16.6418,-8.4725,8.29300,0,
-16.6418,-8.4825,8.29317,0,
-16.6791,-8.4900,8.29333,0,
-16.6791,-8.5000,8.29350,0,
-16.6418,-8.5075,8.29367,0,
-16.6418,-8.5175,8.29383,0,
-16.6418,-8.5250,8.29400,0,
-16.6418,-8.5350,8.29417,0,
-16.6418,-8.5425,8.29433,0,
-16.6418,-8.5500,8.29450,0,
-16.6418,-8.5600,8.29467,0,
-16.6418,-8.5675,8.29483,0,
-16.6046,-8.5750,8.29500,0,
-16.6046,-8.5825,8.29517,0,
-16.6046,-8.5900,8.29533,0,
-16.5674,-8.6000,8.29550,0,
-16.5302,-8.6075,8.29567,0,
-16.4929,-8.6150,8.29583,0,
-16.4929,-8.6250,8.29600,0,
-16.4929,-8.6325,8.29617,0,
-16.4929,-8.6400,8.29633,0,
-16.4929,-8.6500,8.29650,0,
-16.5302,-8.6575,8.29667,0,
-16.5302,-8.6675,8.29683,0,
-16.4929,-8.6750,8.29700,0,
-16.4929,-8.6825,8.29717,0,
-16.4929,-8.6925,8.29733,0,
-16.5302,-8.7000,8.29750,0,
-16.5302,-8.7075,8.29767,0,
-16.5302,-8.7175,8.29783,0,
-16.5674,-8.7250,8.29800,0,
-16.5674,-8.7325,8.29817,0,
-16.5674,-8.7400,8.29833,0,
-16.5302,-8.7500,8.29850,0,
-16.4929,-8.7575,8.29867,0,
-16.4929,-8.7650,8.29883,0,
-16.4557,-8.7725,8.29900,0,
-16.4185,-8.7825,8.29917,0,
-16.3812,-8.7900,8.29933,0,
-16.3812,-8.8000,8.29950,0,
-16.3812,-8.8075,8.29967,0,
-16.3812,-8.8175,8.29983,0,
-16.3812,-8.8250,8.30000,0,
-16.3440,-8.8325,8.30017,0,
-16.2695,-8.8425,8.30033,0,
-16.2323,-8.8500,8.30050,0,
-16.1951,-8.8600,8.30067,0,
-16.1579,-8.8675,8.30083,0,
-16.0834,-8.8775,8.30100,0,
-16.0834,-8.8850,8.30117,0,
-16.0834,-8.8925,8.30133,0,
-16.0462,-8.9000,8.30150,0,
-16.0089,-8.9075,8.30167,0,
-16.0089,-8.9175,8.30183,0,
-16.0089,-8.9250,8.30200,0,
-16.0089,-8.9325,8.30217,0,
-16.0089,-8.9400,8.30233,0,
-16.0089,-8.9500,8.30250,0,
-16.0089,-8.9575,8.30267,0,
-15.9717,-8.9675,8.30283,0,
-15.9717,-8.9750,8.30300,0,
-15.9717,-8.9850,8.30317,0,
-15.9717,-8.9925,8.30333,0,
-15.9345,-9.0025,8.30350,0,
-15.8972,-9.0100,8.30367,0,
-15.8972,-9.0175,8.30383,0,
-15.8972,-9.0275,8.30400,0,
-15.8972,-9.0350,8.30417,0,
-15.8600,-9.0425,8.30433,0,
-15.8600,-9.0500,8.30450,0,
-15.8600,-9.0575,8.30467,0,
-15.8228,-9.0675,8.30483,0,
-15.7856,-9.0750,8.30500,0,
-15.7856,-9.0825,8.30517,0,
-15.7856,-9.0900,8.30533,0,
-15.7856,-9.1000,8.30550,0,
-15.7856,-9.1075,8.30567,0,
-15.7856,-9.1175,8.30583,0,
-15.7856,-9.1250,8.30600,0,
-15.7856,-9.1325,8.30617,0,
-15.8228,-9.1425,8.30633,0,
-15.8228,-9.1500,8.30650,0,
-15.8600,-9.1575,8.30667,0,
-15.8600,-9.1675,8.30683,0,
-15.8600,-9.1750,8.30700,0,
-15.8600,-9.1825,8.30717,0,
-15.8600,-9.1925,8.30733,0,
-15.8600,-9.2000,8.30750,0,
-15.8228,-9.2075,8.30767,0,
-15.8228,-9.2175,8.30783,0,
-15.8228,-9.2250,8.30800,0,
-15.7856,-9.2325,8.30817,0,
-15.7856,-9.2400,8.30833,0,
-15.7483,-9.2475,8.30850,0,
-15.7483,-9.2575,8.30867,0,
-15.7111,-9.2650,8.30883,0,
-15.7111,-9.2725,8.30900,0,
-15.7111,-9.2825,8.30917,0,
-15.7111,-9.2900,8.30933,0,
-15.6739,-9.3000,8.30950,0,
-15.6739,-9.3075,8.30967,0,
-15.6739,-9.3175,8.30983,0,
-15.6366,-9.3250,8.31000,0,
-15.5994,-9.3350,8.31017,0,
-15.5622,-9.3425,8.31033,0,
-15.5249,-9.3500,8.31050,0,
-15.4877,-9.3600,8.31067,0,
-15.4133,-9.3675,8.31083,0,
-15.3760,-9.3750,8.31100,0,
-15.3388,-9.3825,8.31117,0,
-15.3016,-9.3925,8.31133,0,
-15.2643,-9.4000,8.31150,0,
-15.2271,-9.4075,8.31167,0,
-15.2271,-9.4150,8.31183,0,
-15.2271,-9.4250,8.31200,0,
-15.1899,-9.4325,8.31217,0,
-15.1899,-9.4400,8.31233,0,
-15.1899,-9.4500,8.31250,0,
-15.1899,-9.4575,8.31267,0,
-15.2271,-9.4675,8.31283,0,
-15.1899,-9.4750,8.31300,0,
-15.1899,-9.4850,8.31317,0,
-15.1899,-9.4925,8.31333,0,
-15.1899,-9.5000,8.31350,0,
-15.1899,-9.5100,8.31367,0,
-15.1899,-9.5175,8.31383,0,
-15.1899,-9.5275,8.31400,0,
-15.1526,-9.5350,8.31417,0,
-15.1526,-9.5450,8.31433,0,
-15.1526,-9.5525,8.31450,0,
-15.1154,-9.5625,8.31467,0,
-15.1154,-9.5700,8.31483,0,
-15.0782,-9.5775,8.31500,0,
-15.0782,-9.5850,8.31517,0,
-15.0410,-9.5925,8.31533,0,
-15.0037,-9.6000,8.31550,0,
-14.9665,-9.6100,8.31567,0,
-14.8920,-9.6175,8.31583,0,
-14.8548,-9.6250,8.31600,0,
-14.7803,-9.6350,8.31617,0,
-14.7059,-9.6425,8.31633,0,
-14.6314,-9.6525,8.31650,0,
-14.6314,-9.6600,8.31667,0,
-14.5942,-9.6700,8.31683,0,
-14.5570,-9.6775,8.31700,0,
-14.5570,-9.6850,8.31717,0,
-14.5570,-9.6950,8.31733,0,
-14.5197,-9.7025,8.31750,0,
-14.5197,-9.7100,8.31767,0,
-14.5197,-9.7175,8.31783,0,
-14.5197,-9.7275,8.31800,0,
-14.4825,-9.7350,8.31817,0,
-14.4825,-9.7425,8.31833,0,
-14.4825,-9.7500,8.31850,0,
-14.4453,-9.7600,8.31867,0,
-14.4453,-9.7675,8.31883,0,
-14.4453,-9.7750,8.31900,0,
-14.4080,-9.7850,8.31917,0,
-14.3708,-9.7925,8.31933,0,
-14.3708,-9.8000,8.31950,0,
-14.3708,-9.8100,8.31967,0,
-14.3336,-9.8175,8.31983,0,
-14.3336,-9.8275,8.32000,0,
-14.3336,-9.8350,8.32017,0,
-14.2964,-9.8450,8.32033,0,
-14.2964,-9.8525,8.32050,0,
-14.2591,-9.8625,8.32067,0,
-14.2591,-9.8700,8.32083,0,
-14.2591,-9.8775,8.32100,0,
-14.2964,-9.8850,8.32117,0,
-14.3336,-9.8950,8.32133,0,
-14.3336,-9.9025,8.32150,0,
-14.3336,-9.9100,8.32167,0,
-14.3336,-9.9200,8.32183,0,
-14.2964,-9.9275,8.32200,0,
-14.2964,-9.9350,8.32217,0,
-14.3336,-9.9425,8.32233,0,
-14.3336,-9.9525,8.32250,0,
-14.3336,-9.9600,8.32267,0,
-14.3336,-9.9700,8.32283,0,
-14.3336,-9.9775,8.32300,0,
-14.3336,-9.9850,8.32317,0,
-14.3336,-9.9950,8.32333,0,
-14.2964,-10.0025,8.32350,0,
-14.2964,-10.0125,8.32367,0,
-14.2591,-10.0200,8.32383,0,
-14.2591,-10.0275,8.32400,0,
-14.2219,-10.0350,8.32417,0,
-14.2219,-10.0425,8.32433,0,
-14.2219,-10.0525,8.32450,0,
-14.2219,-10.0600,8.32467,0,
-14.1847,-10.0675,8.32483,0,
-14.1847,-10.0750,8.32500,0,
-14.1847,-10.0825,8.32517,0,
-14.1474,-10.0925,8.32533,0,
-14.1102,-10.1000,8.32550,0,
-14.1102,-10.1075,8.32567,0,
-14.0730,-10.1175,8.32583,0,
-13.9985,-10.1250,8.32600,0,
-13.9613,-10.1325,8.32617,0,
-13.9240,-10.1425,8.32633,0,
-13.9240,-10.1500,8.32650,0,
-13.8868,-10.1575,8.32667,0,
-13.8868,-10.1675,8.32683,0,
-13.8868,-10.1750,8.32700,0,
-13.8868,-10.1850,8.32717,0,
-13.8496,-10.1925,8.32733,0,
-13.8496,-10.2000,8.32750,0,
-13.8124,-10.2100,8.32767,0,
-13.8124,-10.2175,8.32783,0,
-13.8124,-10.2250,8.32800,0,
-13.8496,-10.2325,8.32817,0,
-13.8496,-10.2425,8.32833,0,
-13.8868,-10.2500,8.32850,0,
-13.8868,-10.2575,8.32867,0,
-13.8868,-10.2650,8.32883,0,
-13.8496,-10.2750,8.32900,0,
-13.8496,-10.2825,8.32917,0,
-13.8124,-10.2925,8.32933,0,
-13.8124,-10.3000,8.32950,0,
-13.8124,-10.3075,8.32967,0,
-13.8124,-10.3175,8.32983,0,
-13.8124,-10.3250,8.33000,0,
-13.8124,-10.3350,8.33017,0,
-13.8124,-10.3425,8.33033,0,
-13.8124,-10.3500,8.33050,0,
-13.8496,-10.3600,8.33067,0,
-13.8496,-10.3675,8.33083,0,
-13.8496,-10.3750,8.33100,0,
-13.8868,-10.3825,8.33117,0,
-13.8868,-10.3925,8.33133,0,
-13.8868,-10.4000,8.33150,0,
-13.8868,-10.4075,8.33167,0,
-13.8868,-10.4150,8.33183,0,
-13.8868,-10.4250,8.33200,0,
-13.8868,-10.4325,8.33217,0,
-13.8868,-10.4400,8.33233,0,
-13.9240,-10.4500,8.33250,0,
-13.9240,-10.4575,8.33267,0,
-13.9240,-10.4675,8.33283,0,
-13.8868,-10.4750,8.33300,0,
-13.8496,-10.4850,8.33317,0,
-13.8496,-10.4925,8.33333,0,
-13.8496,-10.5000,8.33350,0,
-13.8124,-10.5100,8.33367,0,
-13.7379,-10.5175,8.33383,0,
-13.7007,-10.5250,8.33400,0,
-13.6634,-10.5350,8.33417,0,
-13.6262,-10.5425,8.33433,0,
-13.6262,-10.5500,8.33450,0,
-13.6262,-10.5600,8.33467,0,
-13.5890,-10.5675,8.33483,0,
-13.5890,-10.5750,8.33500,0,
-13.5518,-10.5825,8.33517,0,
-13.5145,-10.5925,8.33533,0,
-13.4773,-10.6000,8.33550,0,
-13.4401,-10.6075,8.33567,0,
-13.4401,-10.6175,8.33583,0,
-13.4028,-10.6250,8.33600,0,
-13.3656,-10.6325,8.33617,0,
-13.3656,-10.6425,8.33633,0,
-13.3284,-10.6500,8.33650,0,
-13.2911,-10.6600,8.33667,0,
-13.2911,-10.6675,8.33683,0,
-13.2539,-10.6775,8.33700,0,
-13.2539,-10.6850,8.33717,0,
-13.2539,-10.6950,8.33733,0,
-13.1794,-10.7025,8.33750,0,
-13.1422,-10.7100,8.33767,0,
-13.1422,-10.7175,8.33783,0,
-13.1050,-10.7275,8.33800,0,
-13.1050,-10.7350,8.33817,0,
-13.1050,-10.7425,8.33833,0,
-13.1050,-10.7500,8.33850,0,
-13.1050,-10.7600,8.33867,0,
-13.0678,-10.7675,8.33883,0,
-13.0678,-10.7750,8.33900,0,
-13.0678,-10.7850,8.33917,0,
-13.0678,-10.7925,8.33933,0,
-13.0305,-10.8025,8.33950,0,
-13.0305,-10.8100,8.33967,0,
-13.0305,-10.8175,8.33983,0,
-13.0305,-10.8275,8.34000,0,
-13.0305,-10.8350,8.34017,0,
-13.0305,-10.8425,8.34033,0,
-12.9933,-10.8525,8.34050,0,
-12.9933,-10.8600,8.34067,0,
-12.9933,-10.8675,8.34083,0,
-12.9933,-10.8750,8.34100,0,
-12.9561,-10.8850,8.34117,0,
-12.9561,-10.8925,8.34133,0,
-12.9561,-10.9000,8.34150,0,
-12.9188,-10.9100,8.34167,0,
-12.9188,-10.9175,8.34183,0,
-12.8816,-10.9250,8.34200,0,
-12.8816,-10.9325,8.34217,0,
-12.8444,-10.9425,8.34233,0,
-12.8444,-10.9500,8.34250,0,
-12.8444,-10.9575,8.34267,0,
-12.8071,-10.9675,8.34283,0,
-12.8071,-10.9750,8.34300,0,
-12.8071,-10.9825,8.34317,0,
-12.8071,-10.9925,8.34333,0,
-12.8071,-11.0000,8.34350,0,
-12.7699,-11.0100,8.34367,0,
-12.7327,-11.0175,8.34383,0,
-12.7327,-11.0250,8.34400,0,
-12.7327,-11.0325,8.34417,0,
-12.6955,-11.0400,8.34433,0,
-12.6955,-11.0500,8.34450,0,
-12.6955,-11.0575,8.34467,0,
-12.6955,-11.0650,8.34483,0,
-12.6955,-11.0725,8.34500,0,
-12.6582,-11.0800,8.34517,0,
-12.6582,-11.0900,8.34533,0,
-12.6210,-11.0975,8.34550,0,
-12.6210,-11.1050,8.34567,0,
-12.6210,-11.1150,8.34583,0,
-12.6210,-11.1225,8.34600,0,
-12.6210,-11.1325,8.34617,0,
-12.5838,-11.1400,8.34633,0,
-12.5838,-11.1475,8.34650,0,
-12.5838,-11.1575,8.34667,0,
-12.5838,-11.1650,8.34683,0,
-12.5838,-11.1750,8.34700,0,
-12.5838,-11.1825,8.34717,0,
-12.5838,-11.1900,8.34733,0,
-12.6210,-11.2000,8.34750,0,
-12.6210,-11.2075,8.34767,0,
-12.6210,-11.2150,8.34783,0,
-12.6210,-11.2225,8.34800,0,
-12.6210,-11.2300,8.34817,0,
-12.6210,-11.2400,8.34833,0,
-12.6210,-11.2475,8.34850,0,
-12.6210,-11.2550,8.34867,0,
-12.6210,-11.2650,8.34883,0,
-12.6210,-11.2725,8.34900,0,
-12.6210,-11.2800,8.34917,0,
-12.6210,-11.2900,8.34933,0,
-12.5838,-11.2975,8.34950,0,
-12.5838,-11.3050,8.34967,0,
-12.5465,-11.3150,8.34983,0,
-12.5093,-11.3225,8.35000,0,
-12.5093,-11.3325,8.35017,0,
-12.5093,-11.3400,8.35033,0,
-12.4721,-11.3475,8.35050,0,
-12.5093,-11.3575,8.35067,0,
-12.5093,-11.3650,8.35083,0,
-12.5093,-11.3725,8.35100,0,
-12.5093,-11.3800,8.35117,0,
-12.5093,-11.3900,8.35133,0,
-12.5093,-11.3975,8.35150,0,
-12.5093,-11.4050,8.35167,0,
-12.5093,-11.4150,8.35183,0,
-12.5093,-11.4225,8.35200,0,
-12.5093,-11.4300,8.35217,0,
-12.5093,-11.4400,8.35233,0,
-12.4721,-11.4475,8.35250,0,
-12.4721,-11.4575,8.35267,0,
-12.4721,-11.4650,8.35283,0,
-12.4721,-11.4750,8.35300,0,
-12.4348,-11.4825,8.35317,0,
-12.4348,-11.4900,8.35333,0,
-12.4348,-11.5000,8.35350,0,
-12.3976,-11.5075,8.35367,0,
-12.3976,-11.5150,8.35383,0,
-12.3604,-11.5250,8.35400,0,
-12.3604,-11.5325,8.35417,0,
-12.3604,-11.5425,8.35433,0,
-12.3232,-11.5500,8.35450,0,
-12.3604,-11.5575,8.35467,0,
-12.3232,-11.5675,8.35483,0,
-12.3232,-11.5750,8.35500,0,
-12.3232,-11.5825,8.35517,0,
-12.3232,-11.5925,8.35533,0,
-12.3232,-11.6000,8.35550,0,
-12.3232,-11.6075,8.35567,0,
-12.3232,-11.6175,8.35583,0,
-12.3232,-11.6250,8.35600,0,
-12.3232,-11.6350,8.35617,0,
-12.3232,-11.6425,8.35633,0,
-12.3232,-11.6525,8.35650,0,
-12.2859,-11.6600,8.35667,0,
-12.3232,-11.6700,8.35683,0,
-12.2859,-11.6775,8.35700,0,
-12.2859,-11.6850,8.35717,0,
-12.2487,-11.6950,8.35733,0,
-12.2487,-11.7025,8.35750,0,
-12.2115,-11.7100,8.35767,0,
-12.2115,-11.7175,8.35783,0,
-12.2115,-11.7275,8.35800,0,
-12.2115,-11.7350,8.35817,0,
-12.2115,-11.7425,8.35833,0,
-12.2115,-11.7500,8.35850,0,
-12.2115,-11.7600,8.35867,0,
-12.2115,-11.7675,8.35883,0,
-12.2115,-11.7750,8.35900,0,
-12.2487,-11.7850,8.35917,0,
-12.2487,-11.7925,8.35933,0,
-12.2487,-11.8000,8.35950,0,
-12.2487,-11.8100,8.35967,0,
-12.2115,-11.8175,8.35983,0,
-12.2115,-11.8275,8.36000,0,
-12.2115,-11.8350,8.36017,0,
-12.1742,-11.8425,8.36033,0,
-12.1370,-11.8525,8.36050,0,
-12.0998,-11.8600,8.36067,0,
-12.0998,-11.8675,8.36083,0,
-12.0998,-11.8775,8.36100,0,
-12.0625,-11.8850,8.36117,0,
-12.0625,-11.8925,8.36133,0,
-12.0253,-11.9025,8.36150,0,
-11.9881,-11.9100,8.36167,0,
-11.9881,-11.9175,8.36183,0,
-11.9509,-11.9275,8.36200,0,
-11.9509,-11.9350,8.36217,0,
-11.9136,-11.9425,8.36233,0,
-11.9136,-11.9525,8.36250,0,
-11.8764,-11.9600,8.36267,0,
-11.8764,-11.9675,8.36283,0,
-11.8764,-11.9775,8.36300,0,
-11.8764,-11.9850,8.36317,0,
-11.8764,-11.9925,8.36333,0,
-11.8392,-12.0025,8.36350,0,
-11.8392,-12.0100,8.36367,0,
-11.8392,-12.0200,8.36383,0,
-11.8392,-12.0275,8.36400,0,
-11.8392,-12.0350,8.36417,0,
-11.8019,-12.0425,8.36433,0,
-11.8019,-12.0500,8.36450,0,
-11.7647,-12.0575,8.36467,0,
-11.7647,-12.0675,8.36483,0,
-11.7275,-12.0750,8.36500,0,
-11.7275,-12.0825,8.36517,0,
-11.7275,-12.0900,8.36533,0,
-11.6902,-12.0975,8.36550,0,
-11.6902,-12.1075,8.36567,0,
-11.6530,-12.1150,8.36583,0,
-11.6530,-12.1225,8.36600,0,
-11.6158,-12.1325,8.36617,0,
-11.6158,-12.1400,8.36633,0,
-11.6158,-12.1475,8.36650,0,
-11.5786,-12.1575,8.36667,0,
-11.5786,-12.1650,8.36683,0,
-11.5786,-12.1725,8.36700,0,
-11.5413,-12.1825,8.36717,0,
-11.5413,-12.1900,8.36733,0,
-11.5413,-12.1975,8.36750,0,
-11.5041,-12.2075,8.36767,0,
-11.5041,-12.2150,8.36783,0,
-11.5041,-12.2225,8.36800,0,
-11.5041,-12.2300,8.36817,0,
-11.5041,-12.2400,8.36833,0,
-11.5041,-12.2475,8.36850,0,
-11.5041,-12.2550,8.36867,0,
-11.4669,-12.2625,8.36883,0,
-11.4669,-12.2725,8.36900,0,
-11.4669,-12.2800,8.36917,0,
-11.4296,-12.2900,8.36933,0,
-11.4296,-12.2975,8.36950,0,
-11.4296,-12.3050,8.36967,0,
-11.3924,-12.3150,8.36983,0,
-11.3924,-12.3225,8.37000,0,
-11.3924,-12.3325,8.37017,0,
-11.3924,-12.3400,8.37033,0,
-11.3924,-12.3475,8.37050,0,
-11.3552,-12.3575,8.37067,0,
-11.3552,-12.3650,8.37083,0,
-11.3924,-12.3725,8.37100,0,
-11.3552,-12.3800,8.37117,0,
-11.3552,-12.3900,8.37133,0,
-11.3552,-12.3975,8.37150,0,
-11.3552,-12.4050,8.37167,0,
-11.3552,-12.4125,8.37183,0,
-11.3552,-12.4225,8.37200,0,
-11.3552,-12.4300,8.37217,0,
-11.3552,-12.4375,8.37233,0,
-11.3552,-12.4475,8.37250,0,
-11.3552,-12.4575,8.37267,0,
-11.3179,-12.4650,8.37283,0,
-11.3179,-12.4750,8.37300,0,
-11.3179,-12.4825,8.37317,0,
-11.3179,-12.4900,8.37333,0,
-11.3179,-12.5000,8.37350,0,
-11.3179,-12.5075,8.37367,0,
-11.3179,-12.5175,8.37383,0,
-11.3179,-12.5250,8.37400,0,
-11.3179,-12.5350,8.37417,0,
-11.2807,-12.5425,8.37433,0,
-11.2807,-12.5500,8.37450,0,
-11.2807,-12.5600,8.37467,0,
-11.2807,-12.5675,8.37483,0,
-11.2807,-12.5750,8.37500,0,
-11.2435,-12.5825,8.37517,0,
-11.2435,-12.5925,8.37533,0,
-11.2435,-12.6000,8.37550,0,
-11.2435,-12.6075,8.37567,0,
-11.2435,-12.6175,8.37583,0,
-11.2063,-12.6250,8.37600,0,
-11.2063,-12.6325,8.37617,0,
-11.2063,-12.6425,8.37633,0,
-11.2063,-12.6500,8.37650,0,
-11.2063,-12.6600,8.37667,0,
-11.1690,-12.6675,8.37683,0,
-11.1690,-12.6775,8.37700,0,
-11.1690,-12.6850,8.37717,0,
-11.1690,-12.6950,8.37733,0,
-11.1690,-12.7025,8.37750,0,
-11.1318,-12.7100,8.37767,0,
-11.1318,-12.7175,8.37783,0,
-11.1318,-12.7275,8.37800,0,
-11.1318,-12.7350,8.37817,0,
-11.0946,-12.7425,8.37833,0,
-11.1318,-12.7500,8.37850,0,
-11.0946,-12.7575,8.37867,0,
-11.0573,-12.7675,8.37883,0,
-11.0573,-12.7750,8.37900,0,
-11.0201,-12.7850,8.37917,0,
-11.0573,-12.7925,8.37933,0,
-11.0201,-12.8000,8.37950,0,
-11.0201,-12.8100,8.37967,0,
-11.0201,-12.8175,8.37983,0,
-11.0201,-12.8275,8.38000,0,
-11.0201,-12.8350,8.38017,0,
-11.0201,-12.8450,8.38033,0,
-10.9829,-12.8525,8.38050,0,
-11.0201,-12.8625,8.38067,0,
-10.9829,-12.8700,8.38083,0,
-10.9829,-12.8775,8.38100,0,
-10.9829,-12.8875,8.38117,0,
-10.9456,-12.8950,8.38133,0,
-10.9456,-12.9025,8.38150,0,
-10.9456,-12.9125,8.38167,0,
-10.9456,-12.9200,8.38183,0,
-10.9084,-12.9275,8.38200,0,
-10.9084,-12.9375,8.38217,0,
-10.9084,-12.9450,8.38233,0,
-10.8712,-12.9525,8.38250,0,
-10.8712,-12.9600,8.38267,0,
-10.8712,-12.9700,8.38283,0,
-10.8712,-12.9775,8.38300,0,
-10.8712,-12.9875,8.38317,0,
-10.8712,-12.9950,8.38333,0,
-10.8340,-13.0050,8.38350,0,
-10.8340,-13.0125,8.38367,0,
-10.8340,-13.0200,8.38383,0,
-10.8340,-13.0300,8.38400,0,
-10.8340,-13.0375,8.38417,0,
-10.8340,-13.0450,8.38433,0,
-10.8340,-13.0525,8.38450,0,
-10.8340,-13.0600,8.38467,0,
-10.8340,-13.0700,8.38483,0,
-10.8340,-13.0775,8.38500,0,
-10.8340,-13.0850,8.38517,0,
-10.8340,-13.0925,8.38533,0,
-10.8340,-13.1025,8.38550,0,
-10.8340,-13.1100,8.38567,0,
-10.8340,-13.1175,8.38583,0,
-10.7967,-13.1275,8.38600,0,
-10.7967,-13.1350,8.38617,0,
-10.7967,-13.1450,8.38633,0,
-10.7967,-13.1525,8.38650,0,
-10.7967,-13.1625,8.38667,0,
-10.7967,-13.1700,8.38683,0,
-10.7967,-13.1800,8.38700,0,
-10.7967,-13.1875,8.38717,0,
-10.7967,-13.1950,8.38733,0,
-10.7595,-13.2050,8.38750,0,
-10.7595,-13.2125,8.38767,0,
-10.7595,-13.2200,8.38783,0,
-10.7595,-13.2300,8.38800,0,
-10.7595,-13.2375,8.38817,0,
-10.7595,-13.2450,8.38833,0,
-10.7223,-13.2525,8.38850,0,
-10.7595,-13.2625,8.38867,0,
-10.7595,-13.2700,8.38883,0,
-10.7223,-13.2775,8.38900,0,
-10.7595,-13.2875,8.38917,0,
-10.7595,-13.2950,8.38933,0,
-10.7595,-13.3025,8.38950,0,
-10.7595,-13.3125,8.38967,0,
-10.7595,-13.3200,8.38983,0,
-10.7595,-13.3300,8.39000,0,
-10.7595,-13.3375,8.39017,0,
-10.7595,-13.3475,8.39033,0,
-10.7595,-13.3550,8.39050,0,
-10.7595,-13.3650,8.39067,0,
-10.7595,-13.3725,8.39083,0,
-10.7223,-13.3800,8.39100,0,
-10.7223,-13.3875,8.39117,0,
-10.7223,-13.3975,8.39133,0,
-10.7223,-13.4050,8.39150,0,
-10.7223,-13.4125,8.39167,0,
-10.7223,-13.4200,8.39183,0,
-10.7223,-13.4300,8.39200,0,
-10.6850,-13.4375,8.39217,0,
-10.6850,-13.4450,8.39233,0,
-10.6478,-13.4550,8.39250,0,
-10.6106,-13.4625,8.39267,0,
-10.6106,-13.4725,8.39283,0,
-10.6106,-13.4800,8.39300,0,
-10.6106,-13.4900,8.39317,0,
-10.5733,-13.4975,8.39333,0,
-10.5733,-13.5075,8.39350,0,
-10.5733,-13.5150,8.39367,0,
-10.5733,-13.5225,8.39383,0,
-10.5733,-13.5325,8.39400,0,
-10.5733,-13.5400,8.39417,0,
-10.5361,-13.5475,8.39433,0,
-10.5361,-13.5575,8.39450,0,
-10.5361,-13.5650,8.39467,0,
-10.5361,-13.5725,8.39483,0,
-10.5361,-13.5800,8.39500,0,
-10.5361,-13.5900,8.39517,0,
-10.4989,-13.5975,8.39533,0,
-10.4989,-13.6050,8.39550,0,
-10.4989,-13.6125,8.39567,0,
-10.4989,-13.6225,8.39583,0,
-10.4989,-13.6300,8.39600,0,
-10.4989,-13.6375,8.39617,0,
-10.4989,-13.6475,8.39633,0,
-10.4989,-13.6550,8.39650,0,
-10.4989,-13.6650,8.39667,0,
-10.4989,-13.6725,8.39683,0,
-10.4989,-13.6825,8.39700,0,
-10.4989,-13.6900,8.39717,0,
-10.4989,-13.6975,8.39733,0,
-10.4989,-13.7075,8.39750,0,
-10.4989,-13.7150,8.39767,0,
-10.4989,-13.7225,8.39783,0,
-10.4617,-13.7300,8.39800,0,
-10.4617,-13.7375,8.39817,0,
-10.4617,-13.7475,8.39833,0,
-10.4617,-13.7550,8.39850,0,
-10.4617,-13.7625,8.39867,0,
-10.4617,-13.7725,8.39883,0,
-10.4617,-13.7800,8.39900,0,
-10.4617,-13.7900,8.39917,0,
-10.4617,-13.7975,8.39933,0,
-10.4617,-13.8050,8.39950,0,
-10.4617,-13.8150,8.39967,0,
-10.4617,-13.8225,8.39983,0,
-10.4617,-13.8325,8.40000,0,
-10.4617,-13.8400,8.40017,0,
-10.4244,-13.8475,8.40033,0,
-10.4244,-13.8575,8.40050,0,
-10.4617,-13.8650,8.40067,0,
-10.4617,-13.8750,8.40083,0,
-10.4617,-13.8825,8.40100,0,
-10.4617,-13.8900,8.40117,0,
-10.4617,-13.8975,8.40133,0,
-10.4617,-13.9075,8.40150,0,
-10.4617,-13.9150,8.40167,0,
-10.4617,-13.9225,8.40183,0,
-10.4617,-13.9300,8.40200,0,
-10.4617,-13.9400,8.40217,0,
-10.4617,-13.9475,8.40233,0,
-10.4617,-13.9550,8.40250,0,
-10.4617,-13.9650,8.40267,0,
-10.4989,-13.9725,8.40283,0,
-10.4989,-13.9825,8.40300,0,
-10.4989,-13.9900,8.40317,0,
-10.5361,-13.9975,8.40333,0,
-10.5361,-14.0075,8.40350,0,
-10.5361,-14.0150,8.40367,0,
-10.4989,-14.0225,8.40383,0,
-10.4989,-14.0325,8.40400,0,
-10.4989,-14.0400,8.40417,0,
-10.4989,-14.0475,8.40433,0,
-10.4617,-14.0550,8.40450,0,
-10.4989,-14.0650,8.40467,0,
-10.4617,-14.0725,8.40483,0,
-10.4617,-14.0800,8.40500,0,
-10.4617,-14.0875,8.40517,0,
-10.4244,-14.0950,8.40533,0,
-10.4617,-14.1050,8.40550,0,
-10.4617,-14.1125,8.40567,0,
-10.4244,-14.1225,8.40583,0,
-10.4617,-14.1300,8.40600,0,
-10.4617,-14.1375,8.40617,0,
-10.4617,-14.1475,8.40633,0,
-10.4617,-14.1550,8.40650,0,
-10.4617,-14.1650,8.40667,0,
-10.4617,-14.1725,8.40683,0,
-10.4617,-14.1800,8.40700,0,
-10.4244,-14.1900,8.40717,0,
-10.4244,-14.1975,8.40733,0,
-10.4244,-14.2050,8.40750,0,
-10.3872,-14.2150,8.40767,0,
-10.3872,-14.2225,8.40783,0,
-10.3872,-14.2300,8.40800,0,
-10.3500,-14.2375,8.40817,0,
-10.3872,-14.2450,8.40833,0,
-10.3500,-14.2550,8.40850,0,
-10.3500,-14.2625,8.40867,0,
-10.3500,-14.2700,8.40883,0,
-10.3500,-14.2800,8.40900,0,
-10.3127,-14.2875,8.40917,0,
-10.3127,-14.2950,8.40933,0,
-10.3127,-14.3050,8.40950,0,
-10.3127,-14.3125,8.40967,0,
-10.2755,-14.3225,8.40983,0,
-10.2755,-14.3300,8.41000,0,
-10.2755,-14.3400,8.41017,0,
-10.2755,-14.3475,8.41033,0,
-10.2383,-14.3550,8.41050,0,
-10.2383,-14.3650,8.41067,0,
-10.2383,-14.3725,8.41083,0,
-10.2010,-14.3800,8.41100,0,
-10.2010,-14.3875,8.41117,0,
-10.2010,-14.3975,8.41133,0,
-10.2010,-14.4050,8.41150,0,
-10.2010,-14.4125,8.41167,0,
-10.2010,-14.4200,8.41183,0,
-10.2010,-14.4300,8.41200,0,
-10.2010,-14.4375,8.41217,0,
-10.2010,-14.4450,8.41233,0,
-10.2010,-14.4550,8.41250,0,
-10.2010,-14.4625,8.41267,0,
-10.2383,-14.4725,8.41283,0,
-10.2383,-14.4800,8.41300,0,
-10.2383,-14.4900,8.41317,0,
-10.2383,-14.4975,8.41333,0,
-10.2383,-14.5075,8.41350,0,
-10.2383,-14.5150,8.41367,0,
-10.2383,-14.5225,8.41383,0,
-10.2383,-14.5325,8.41400,0,
-10.2383,-14.5400,8.41417,0,
-10.2010,-14.5500,8.41433,0,
-10.2383,-14.5575,8.41450,0,
-10.2383,-14.5650,8.41467,0,
-10.2383,-14.5750,8.41483,0,
-10.2010,-14.5825,8.41500,0,
-10.2383,-14.5900,8.41517,0,
-10.2010,-14.5975,8.41533,0,
-10.2010,-14.6050,8.41550,0,
-10.2010,-14.6150,8.41567,0,
-10.2010,-14.6225,8.41583,0,
-10.1638,-14.6300,8.41600,0,
-10.2010,-14.6400,8.41617,0,
-10.1638,-14.6475,8.41633,0,
-10.1638,-14.6550,8.41650,0,
-10.1638,-14.6650,8.41667,0,
-10.1638,-14.6725,8.41683,0,
-10.1638,-14.6825,8.41700,0,
-10.1638,-14.6900,8.41717,0,
-10.1638,-14.6975,8.41733,0,
-10.1638,-14.7050,8.41750,0,
-10.1638,-14.7125,8.41767,0,
-10.1638,-14.7225,8.41783,0,
-10.1638,-14.7300,8.41800,0,
-10.1638,-14.7375,8.41817,0,
-10.1638,-14.7450,8.41833,0,
-10.1638,-14.7550,8.41850,0,
-10.1638,-14.7625,8.41867,0,
-10.1638,-14.7700,8.41883,0,
-10.1266,-14.7775,8.41900,0,
-10.1266,-14.7875,8.41917,0,
-10.1266,-14.7950,8.41933,0,
-10.1266,-14.8025,8.41950,0,
-10.1266,-14.8125,8.41967,0,
-10.1266,-14.8200,8.41983,0,
-10.1266,-14.8275,8.42000,0,
-10.1266,-14.8375,8.42017,0,
-10.0894,-14.8450,8.42033,0,
-10.0894,-14.8550,8.42050,0,
-10.1266,-14.8625,8.42067,0,
-10.0894,-14.8700,8.42083,0,
-10.0894,-14.8775,8.42100,0,
-10.0894,-14.8875,8.42117,0,
-10.0894,-14.8950,8.42133,0,
-10.0894,-14.9025,8.42150,0,
-10.0894,-14.9125,8.42167,0,
-10.0894,-14.9200,8.42183,0,
-10.0894,-14.9275,8.42200,0,
-10.0521,-14.9350,8.42217,0,
-10.0521,-14.9450,8.42233,0,
-10.0521,-14.9525,8.42250,0,
-10.0521,-14.9625,8.42267,0,
-10.0521,-14.9700,8.42283,0,
-10.0521,-14.9800,8.42300,0,
-10.0521,-14.9875,8.42317,0,
-10.0521,-14.9975,8.42333,0,
-10.0521,-15.0050,8.42350,0,
-10.0521,-15.0125,8.42367,0,
-10.0521,-15.0225,8.42383,0,
-10.0521,-15.0300,8.42400,0,
-10.0521,-15.0375,8.42417,0,
-10.0149,-15.0450,8.42433,0,
-10.0149,-15.0550,8.42450,0,
-10.0149,-15.0625,8.42467,0,
-10.0149,-15.0700,8.42483,0,
-10.0149,-15.0775,8.42500,0,
-10.0149,-15.0875,8.42517,0,
-10.0149,-15.0950,8.42533,0,
-10.0149,-15.1025,8.42550,0,
-10.0149,-15.1125,8.42567,0,
-10.0149,-15.1200,8.42583,0,
-10.0149,-15.1275,8.42600,0,
-10.0149,-15.1375,8.42617,0,
-10.0149,-15.1450,8.42633,0,
-10.0149,-15.1550,8.42650,0,
-10.0149,-15.1625,8.42667,0,
-10.0149,-15.1725,8.42683,0,
-10.0149,-15.1800,8.42700,0,
-10.0149,-15.1875,8.42717,0,
-10.0149,-15.1975,8.42733,0,
-10.0149,-15.2050,8.42750,0,
-9.9777,-15.2125,8.42767,0,
-9.9777,-15.2200,8.42783,0,
-10.0149,-15.2300,8.42800,0,
-9.9777,-15.2375,8.42817,0,
-9.9777,-15.2450,8.42833,0,
-9.9777,-15.2525,8.42850,0,
-10.0149,-15.2625,8.42867,0,
-10.0149,-15.2700,8.42883,0,
-10.0149,-15.2775,8.42900,0,
-10.0149,-15.2875,8.42917,0,
-10.0149,-15.2950,8.42933,0,
-10.0149,-15.3025,8.42950,0,
-10.0149,-15.3125,8.42967,0,
-10.0149,-15.3200,8.42983,0,
-10.0149,-15.3275,8.43000,0,
-10.0149,-15.3375,8.43017,0,
-9.9777,-15.3450,8.43033,0,
-9.9777,-15.3525,8.43050,0,
-9.9777,-15.3600,8.43067,0,
-9.9777,-15.3700,8.43083,0,
-9.9777,-15.3775,8.43100,0,
-9.9777,-15.3850,8.43117,0,
-9.9777,-15.3925,8.43133,0,
-9.9777,-15.4000,8.43150,0,
-9.9777,-15.4075,8.43167,0,
-9.9777,-15.4175,8.43183,0,
-9.9777,-15.4225,8.43200,0,
-9.9777,-15.4325,8.43217,0,
-9.9777,-15.4400,8.43233,0,
-9.9777,-15.4475,8.43250,0,
-9.9777,-15.4575,8.43267,0,
-9.9777,-15.4650,8.43283,0,
-10.0149,-15.4750,8.43300,0,
-10.0149,-15.4825,8.43317,0,
-10.0149,-15.4900,8.43333,0,
-10.0149,-15.5000,8.43350,0,
-10.0521,-15.5075,8.43367,0,
-10.0521,-15.5150,8.43383,0,
-10.0521,-15.5250,8.43400,0,
-10.0521,-15.5325,8.43417,0,
-10.0521,-15.5400,8.43433,0,
-10.0521,-15.5500,8.43450,0,
-10.0894,-15.5575,8.43467,0,
-10.0894,-15.5650,8.43483,0,
-10.0894,-15.5725,8.43500,0,
-10.0894,-15.5825,8.43517,0,
-10.0894,-15.5900,8.43533,0,
-10.0894,-15.5975,8.43550,0,
-10.1266,-15.6075,8.43567,0,
-10.1266,-15.6150,8.43583,0,
-10.1266,-15.6250,8.43600,0,
-10.1266,-15.6325,8.43617,0,
-10.1266,-15.6425,8.43633,0,
-10.1266,-15.6500,8.43650,0,
-10.0894,-15.6575,8.43667,0,
-10.0894,-15.6675,8.43683,0,
-10.0894,-15.6750,8.43700,0,
-10.0894,-15.6825,8.43717,0,
-10.0894,-15.6925,8.43733,0,
-10.0894,-15.7000,8.43750,0,
-10.0894,-15.7075,8.43767,0,
-10.0894,-15.7150,8.43783,0,
-10.0894,-15.7250,8.43800,0,
-10.0894,-15.7325,8.43817,0,
-10.0894,-15.7400,8.43833,0,
-10.0894,-15.7500,8.43850,0,
-10.0894,-15.7575,8.43867,0,
-10.0894,-15.7650,8.43883,0,
-10.0894,-15.7750,8.43900,0,
-10.0894,-15.7825,8.43917,0,
-10.0894,-15.7925,8.43933,0,
-10.0894,-15.8000,8.43950,0,
-10.0894,-15.8100,8.43967,0,
-10.0894,-15.8175,8.43983,0,
-10.0894,-15.8250,8.44000,0,
-10.0894,-15.8350,8.44017,0,
-10.0894,-15.8425,8.44033,0,
-10.0894,-15.8500,8.44050,0,
-10.0894,-15.8600,8.44067,0,
-10.0894,-15.8675,8.44083,0,
-10.0894,-15.8750,8.44100,0,
-10.0894,-15.8825,8.44117,0,
-10.0894,-15.8925,8.44133,0,
-10.0894,-15.9000,8.44150,0,
-10.0894,-15.9075,8.44167,0,
-10.0894,-15.9175,8.44183,0,
-10.0894,-15.9250,8.44200,0,
-10.0894,-15.9325,8.44217,0,
-10.0894,-15.9425,8.44233,0,
-10.0894,-15.9500,8.44250,0,
-10.0894,-15.9575,8.44267,0,
-10.0894,-15.9675,8.44283,0,
-10.0894,-15.9750,8.44300,0,
-10.0894,-15.9850,8.44317,0,
-10.0894,-15.9925,8.44333,0,
-10.0521,-16.0000,8.44350,0,
-10.0521,-16.0100,8.44367,0,
-10.0521,-16.0175,8.44383,0,
-10.0149,-16.0250,8.44400,0,
-10.0149,-16.0350,8.44417,0,
-10.0149,-16.0425,8.44433,0,
-10.0149,-16.0500,8.44450,0,
-10.0149,-16.0575,8.44467,0,
-9.9777,-16.0650,8.44483,0,
-10.0149,-16.0750,8.44500,0,
-10.0149,-16.0825,8.44517,0,
-10.0149,-16.0900,8.44533,0,
-10.0149,-16.1000,8.44550,0,
-10.0149,-16.1075,8.44567,0,
-10.0149,-16.1150,8.44583,0,
-10.0149,-16.1250,8.44600,0,
-10.0149,-16.1325,8.44617,0,
-10.0149,-16.1425,8.44633,0,
-10.0149,-16.1500,8.44650,0,
-10.0149,-16.1575,8.44667,0,
-10.0149,-16.1675,8.44683,0,
-10.0149,-16.1750,8.44700,0,
-10.0149,-16.1825,8.44717,0,
-10.0149,-16.1925,8.44733,0,
-10.0149,-16.2000,8.44750,0,
-10.0149,-16.2075,8.44767,0,
-10.0149,-16.2175,8.44783,0,
-10.0149,-16.2250,8.44800,0,
-10.0149,-16.2325,8.44817,0,
-10.0521,-16.2425,8.44833,0,
-10.0521,-16.2500,8.44850,0,
-10.0521,-16.2575,8.44867,0,
-10.0521,-16.2650,8.44883,0,
-10.0521,-16.2750,8.44900,0,
-10.0521,-16.2825,8.44917,0,
-10.0521,-16.2925,8.44933,0,
-10.0521,-16.3000,8.44950,0,
-10.0521,-16.3075,8.44967,0,
-10.0521,-16.3175,8.44983,0,
-10.0521,-16.3250,8.45000,0,
-10.0521,-16.3350,8.45017,0,
-10.0521,-16.3425,8.45033,0,
-10.0149,-16.3500,8.45050,0,
-10.0149,-16.3600,8.45067,0,
-10.0149,-16.3675,8.45083,0,
-10.0149,-16.3750,8.45100,0,
-10.0149,-16.3825,8.45117,0,
-10.0149,-16.3925,8.45133,0,
-9.9777,-16.4000,8.45150,0,
-9.9777,-16.4075,8.45167,0,
-9.9777,-16.4150,8.45183,0,
-9.9777,-16.4250,8.45200,0,
-9.9777,-16.4325,8.45217,0,
-9.9777,-16.4425,8.45233,0,
-9.9777,-16.4500,8.45250,0,
-9.9777,-16.4575,8.45267,0,
-9.9777,-16.4675,8.45283,0,
-9.9777,-16.4750,8.45300,0,
-9.9777,-16.4825,8.45317,0,
-9.9777,-16.4925,8.45333,0,
-9.9777,-16.5000,8.45350,0,
-9.9777,-16.5075,8.45367,0,
-9.9777,-16.5175,8.45383,0,
-9.9777,-16.5250,8.45400,0,
-9.9777,-16.5325,8.45417,0,
-9.9777,-16.5425,8.45433,0,
-9.9777,-16.5500,8.45450,0,
-9.9777,-16.5575,8.45467,0,
-9.9777,-16.5650,8.45483,0,
-9.9777,-16.5725,8.45500,0,
-9.9777,-16.5825,8.45517,0,
-10.0149,-16.5900,8.45533,0,
-10.0149,-16.5975,8.45550,0,
-10.0149,-16.6075,8.45567,0,
-10.0149,-16.6150,8.45583,0,
-10.0149,-16.6225,8.45600,0,
-10.0149,-16.6325,8.45617,0,
-10.0149,-16.6400,8.45633,0,
-10.0149,-16.6500,8.45650,0,
-10.0149,-16.6575,8.45667,0,
-10.0149,-16.6650,8.45683,0,
-10.0149,-16.6750,8.45700,0,
-10.0149,-16.6825,8.45717,0,
-10.0149,-16.6900,8.45733,0,
-10.0149,-16.6975,8.45750,0,
-10.0149,-16.7075,8.45767,0,
-10.0149,-16.7150,8.45783,0,
-10.0149,-16.7225,8.45800,0,
-10.0149,-16.7300,8.45817,0,
-10.0149,-16.7375,8.45833,0,
-10.0149,-16.7450,8.45850,0,
-10.0149,-16.7550,8.45867,0,
-10.0149,-16.7625,8.45883,0,
-10.0149,-16.7700,8.45900,0,
-10.0149,-16.7800,8.45917,0,
-10.0149,-16.7875,8.45933,0,
-10.0149,-16.7975,8.45950,0,
-10.0149,-16.8050,8.45967,0,
-9.9777,-16.8150,8.45983,0,
-9.9777,-16.8225,8.46000,0,
-9.9777,-16.8300,8.46017,0,
-9.9777,-16.8400,8.46033,0,
-9.9777,-16.8475,8.46050,0,
-9.9777,-16.8550,8.46067,0,
-9.9777,-16.8650,8.46083,0,
-9.9777,-16.8725,8.46100,0,
-9.9777,-16.8800,8.46117,0,
-9.9777,-16.8900,8.46133,0,
-9.9777,-16.8975,8.46150,0,
-9.9777,-16.9050,8.46167,0,
-9.9777,-16.9150,8.46183,0,
-9.9777,-16.9225,8.46200,0,
-9.9777,-16.9300,8.46217,0,
-9.9777,-16.9400,8.46233,0,
-9.9777,-16.9475,8.46250,0,
-9.9777,-16.9575,8.46267,0,
-9.9777,-16.9650,8.46283,0,
-10.0149,-16.9750,8.46300,0,
-9.9777,-16.9825,8.46317,0,
-9.9777,-16.9925,8.46333,0,
-9.9777,-17.0000,8.46350,0,
-9.9777,-17.0075,8.46367,0,
-9.9777,-17.0175,8.46383,0,
-9.9777,-17.0250,8.46400,0,
-10.0149,-17.0325,8.46417,0,
-10.0149,-17.0400,8.46433,0,
-10.0149,-17.0500,8.46450,0,
-10.0149,-17.0575,8.46467,0,
-10.0149,-17.0650,8.46483,0,
-10.0149,-17.0725,8.46500,0,
-10.0149,-17.0800,8.46517,0,
-10.0521,-17.0900,8.46533,0,
-10.0521,-17.0975,8.46550,0,
-10.0521,-17.1050,8.46567,0,
-10.0521,-17.1150,8.46583,0,
-10.0521,-17.1225,8.46600,0,
-10.0894,-17.1325,8.46617,0,
-10.0894,-17.1400,8.46633,0,
-10.0894,-17.1500,8.46650,0,
-10.0894,-17.1575,8.46667,0,
-10.0894,-17.1650,8.46683,0,
-10.0521,-17.1750,8.46700,0,
-10.0521,-17.1825,8.46717,0,
-10.0894,-17.1900,8.46733,0,
-10.0894,-17.2000,8.46750,0,
-10.0521,-17.2075,8.46767,0,
-10.0521,-17.2150,8.46783,0,
-10.0521,-17.2250,8.46800,0,
-10.0521,-17.2325,8.46817,0,
-10.0521,-17.2400,8.46833,0,
-10.0521,-17.2475,8.46850,0,
-10.0521,-17.2575,8.46867,0,
-10.0521,-17.2650,8.46883,0,
-10.0521,-17.2725,8.46900,0,
-10.0521,-17.2825,8.46917,0,
-10.0521,-17.2900,8.46933,0,
-10.0521,-17.2975,8.46950,0,
-10.0521,-17.3075,8.46967,0,
-10.0521,-17.3150,8.46983,0,
-10.0521,-17.3250,8.47000,0,
-10.0521,-17.3325,8.47017,0,
-10.0521,-17.3425,8.47033,0,
-10.0521,-17.3500,8.47050,0,
-10.0521,-17.3575,8.47067,0,
-10.0521,-17.3675,8.47083,0,
-10.0521,-17.3750,8.47100,0,
-10.0894,-17.3825,8.47117,0,
-10.0894,-17.3900,8.47133,0,
-10.0521,-17.3975,8.47150,0,
-10.0894,-17.4075,8.47167,0,
-10.0894,-17.4150,8.47183,0,
-10.0894,-17.4225,8.47200,0,
-10.0894,-17.4325,8.47217,0,
-10.0894,-17.4400,8.47233,0,
-10.0894,-17.4500,8.47250,0,
-10.0894,-17.4575,8.47267,0,
-10.0894,-17.4650,8.47283,0,
-10.0894,-17.4750,8.47300,0,
-10.0894,-17.4825,8.47317,0,
-10.0894,-17.4925,8.47333,0,
-10.0894,-17.5000,8.47350,0,
-10.0894,-17.5075,8.47367,0,
-10.0894,-17.5175,8.47383,0,
-10.0894,-17.5250,8.47400,0,
-10.0894,-17.5350,8.47417,0,
-10.0894,-17.5425,8.47433,0,
-10.0894,-17.5500,8.47450,0,
-10.0894,-17.5575,8.47467,0,
-10.0894,-17.5675,8.47483,0,
-10.1266,-17.5750,8.47500,0,
-10.1266,-17.5825,8.47517,0,
-10.1266,-17.5925,8.47533,0,
-10.1266,-17.6000,8.47550,0,
-10.1266,-17.6075,8.47567,0,
-10.1266,-17.6150,8.47583,0,
-10.1266,-17.6250,8.47600,0,
-10.1266,-17.6325,8.47617,0,
-10.1266,-17.6425,8.47633,0,
-10.1266,-17.6500,8.47650,0,
-10.1266,-17.6600,8.47667,0,
-10.1266,-17.6675,8.47683,0,
-10.1638,-17.6750,8.47700,0,
-10.1638,-17.6850,8.47717,0,
-10.1638,-17.6925,8.47733,0,
-10.1638,-17.7000,8.47750,0,
-10.1638,-17.7075,8.47767,0,
-10.1638,-17.7175,8.47783,0,
-10.1638,-17.7250,8.47800,0,
-10.1638,-17.7325,8.47817,0,
-10.1638,-17.7400,8.47833,0,
-10.2010,-17.7500,8.47850,0,
-10.2010,-17.7575,8.47867,0,
-10.1638,-17.7650,8.47883,0,
-10.2010,-17.7750,8.47900,0,
-10.2010,-17.7825,8.47917,0,
-10.2010,-17.7925,8.47933,0,
-10.2010,-17.8000,8.47950,0,
-10.2010,-17.8100,8.47967,0,
-10.2010,-17.8175,8.47983,0,
-10.2010,-17.8275,8.48000,0,
-10.2010,-17.8350,8.48017,0,
-10.2010,-17.8450,8.48033,0,
-10.2010,-17.8525,8.48050,0,
-10.2010,-17.8625,8.48067,0,
-10.2010,-17.8700,8.48083,0,
-10.2010,-17.8775,8.48100,0,
-10.2010,-17.8875,8.48117,0,
-10.2010,-17.8950,8.48133,0,
-10.2010,-17.9025,8.48150,0,
-10.2383,-17.9125,8.48167,0,
-10.2383,-17.9200,8.48183,0,
-10.2010,-17.9275,8.48200,0,
-10.2010,-17.9350,8.48217,0,
-10.2383,-17.9450,8.48233,0,
-10.2383,-17.9525,8.48250,0,
-10.2383,-17.9600,8.48267,0,
-10.2383,-17.9700,8.48283,0,
-10.2383,-17.9775,8.48300,0,
-10.2383,-17.9875,8.48317,0,
-10.2383,-17.9950,8.48333,0,
-10.2383,-18.0050,8.48350,0,
-10.2383,-18.0125,8.48367,0,
-10.2383,-18.0200,8.48383,0,
-10.2383,-18.0300,8.48400,0,
-10.2383,-18.0375,8.48417,0,
-10.2755,-18.0450,8.48433,0,
-10.2755,-18.0550,8.48450,0,
-10.2383,-18.0625,8.48467,0,
-10.2755,-18.0700,8.48483,0,
-10.2755,-18.0775,8.48500,0,
-10.2755,-18.0875,8.48517,0,
-10.2755,-18.0950,8.48533,0,
-10.2755,-18.1025,8.48550,0,
-10.2755,-18.1125,8.48567,0,
-10.2755,-18.1200,8.48583,0,
-10.2755,-18.1300,8.48600,0,
-10.2755,-18.1375,8.48617,0,
-10.2755,-18.1475,8.48633,0,
-10.2755,-18.1550,8.48650,0,
-10.3127,-18.1650,8.48667,0,
-10.3127,-18.1725,8.48683,0,
-10.3127,-18.1825,8.48700,0,
-10.3127,-18.1900,8.48717,0,
-10.3127,-18.1975,8.48733,0,
-10.3127,-18.2075,8.48750,0,
-10.3127,-18.2150,8.48767,0,
-10.3127,-18.2225,8.48783,0,
-10.3127,-18.2325,8.48800,0,
-10.3500,-18.2400,8.48817,0,
-10.3500,-18.2475,8.48833,0,
-10.3500,-18.2575,8.48850,0,
-10.3500,-18.2650,8.48867,0,
-10.3500,-18.2725,8.48883,0,
-10.3500,-18.2825,8.48900,0,
-10.3500,-18.2900,8.48917,0,
-10.3500,-18.3000,8.48933,0,
-10.3500,-18.3100,8.48950,0,
-10.3500,-18.3175,8.48967,0,
-10.3500,-18.3250,8.48983,0,
-10.3500,-18.3350,8.49000,0,
-10.3500,-18.3425,8.49017,0,
-10.3500,-18.3525,8.49033,0,
-10.3872,-18.3600,8.49050,0,
-10.3500,-18.3675,8.49067,0,
-10.3500,-18.3750,8.49083,0,
-10.3500,-18.3850,8.49100,0,
-10.3500,-18.3925,8.49117,0,
-10.3872,-18.4000,8.49133,0,
-10.3500,-18.4075,8.49150,0,
-10.3500,-18.4175,8.49167,0,
-10.3500,-18.4250,8.49183,0,
-10.3872,-18.4325,8.49200,0,
-10.3872,-18.4425,8.49217,0,
-10.3500,-18.4500,8.49233,0,
-10.3872,-18.4600,8.49250,0,
-10.3872,-18.4675,8.49267,0,
-10.3872,-18.4775,8.49283,0,
-10.3872,-18.4850,8.49300,0,
-10.3872,-18.4950,8.49317,0,
-10.3872,-18.5025,8.49333,0,
-10.3872,-18.5125,8.49350,0,
-10.3872,-18.5200,8.49367,0,
-10.3872,-18.5275,8.49383,0,
-10.3872,-18.5375,8.49400,0,
-10.3872,-18.5450,8.49417,0,
-10.3872,-18.5525,8.49433,0,
-10.3872,-18.5600,8.49450,0,
-10.3872,-18.5700,8.49467,0,
-10.3872,-18.5775,8.49483,0,
-10.3872,-18.5850,8.49500,0,
-10.3872,-18.5925,8.49517,0,
-10.3872,-18.6000,8.49533,0,
-10.3872,-18.6100,8.49550,0,
-10.3872,-18.6175,8.49567,0,
-10.3872,-18.6250,8.49583,0,
-10.3872,-18.6350,8.49600,0,
-10.3872,-18.6425,8.49617,0,
-10.3872,-18.6525,8.49633,0,
-10.4244,-18.6600,8.49650,0,
-10.4244,-18.6700,8.49667,0,
-10.4244,-18.6775,8.49683,0,
-10.4244,-18.6850,8.49700,0,
-10.4244,-18.6950,8.49717,0,
-10.4244,-18.7025,8.49733,0,
-10.4244,-18.7100,8.49750,0,
-10.4244,-18.7175,8.49767,0,
-10.4244,-18.7275,8.49783,0,
-10.4244,-18.7350,8.49800,0,
-10.4244,-18.7425,8.49817,0,
-10.4244,-18.7500,8.49833,0,
-10.4244,-18.7600,8.49850,0,
-10.4244,-18.7675,8.49867,0,
-10.4244,-18.7750,8.49883,0,
-10.4244,-18.7850,8.49900,0,
-10.4244,-18.7925,8.49917,0,
-10.4617,-18.8000,8.49933,0,
-10.4617,-18.8100,8.49950,0,
-10.4617,-18.8175,8.49967,0,
-10.4617,-18.8250,8.49983,0,
-10.4617,-18.8350,8.50000,0,
-10.4617,-18.8425,8.50017,0,
-10.4617,-18.8500,8.50033,0,
-10.4617,-18.8600,8.50050,0,
-10.4989,-18.8675,8.50067,0,
-10.4989,-18.8775,8.50083,0,
-10.4989,-18.8850,8.50100,0,
-10.4989,-18.8925,8.50117,0,
-10.4989,-18.9000,8.50133,0,
-10.4989,-18.9075,8.50150,0,
-10.5361,-18.9175,8.50167,0,
-10.5361,-18.9250,8.50183,0,
-10.5361,-18.9325,8.50200,0,
-10.5361,-18.9400,8.50217,0,
-10.5361,-18.9500,8.50233,0,
-10.5361,-18.9575,8.50250,0,
-10.5361,-18.9650,8.50267,0,
-10.5361,-18.9750,8.50283,0,
-10.5361,-18.9825,8.50300,0,
-10.5361,-18.9925,8.50317,0,
-10.5733,-19.0000,8.50333,0,
-10.5733,-19.0100,8.50350,0,
-10.5733,-19.0175,8.50367,0,
-10.5733,-19.0250,8.50383,0,
-10.5733,-19.0350,8.50400,0,
-10.5733,-19.0425,8.50417,0,
-10.5733,-19.0500,8.50433,0,
-10.5733,-19.0575,8.50450,0,
-10.5733,-19.0650,8.50467,0,
-10.5733,-19.0750,8.50483,0,
-10.6106,-19.0825,8.50500,0,
-10.6106,-19.0900,8.50517,0,
-10.6106,-19.1000,8.50533,0,
-10.6106,-19.1075,8.50550,0,
-10.6478,-19.1175,8.50567,0,
-10.6478,-19.1250,8.50583,0,
-10.6478,-19.1325,8.50600,0,
-10.6478,-19.1425,8.50617,0,
-10.6478,-19.1500,8.50633,0,
-10.6478,-19.1600,8.50650,0,
-10.6850,-19.1675,8.50667,0,
-10.6850,-19.1775,8.50683,0,
-10.6850,-19.1850,8.50700,0,
-10.6850,-19.1925,8.50717,0,
-10.6850,-19.2025,8.50733,0,
-10.7223,-19.2100,8.50750,0,
-10.7223,-19.2175,8.50767,0,
-10.7223,-19.2250,8.50783,0,
-10.7223,-19.2350,8.50800,0,
-10.7595,-19.2425,8.50817,0,
-10.7595,-19.2500,8.50833,0,
-10.7595,-19.2575,8.50850,0,
-10.7595,-19.2675,8.50867,0,
-10.7595,-19.2750,8.50883,0,
-10.7967,-19.2825,8.50900,0,
-10.7967,-19.2925,8.50917,0,
-10.7967,-19.3000,8.50933,0,
-10.8340,-19.3100,8.50950,0,
-10.8340,-19.3175,8.50967,0,
-10.8340,-19.3275,8.50983,0,
-10.8340,-19.3350,8.51000,0,
-10.8340,-19.3425,8.51017,0,
-10.8340,-19.3525,8.51033,0,
-10.8340,-19.3600,8.51050,0,
-10.8340,-19.3675,8.51067,0,
-10.8340,-19.3750,8.51083,0,
-10.8340,-19.3850,8.51100,0,
-10.8340,-19.3925,8.51117,0,
-10.8340,-19.4000,8.51133,0,
-10.8340,-19.4075,8.51150,0,
-10.8340,-19.4150,8.51167,0,
-10.8340,-19.4250,8.51183,0,
-10.8340,-19.4325,8.51200,0,
-10.8340,-19.4400,8.51217,0,
-10.7967,-19.4500,8.51233,0,
-10.8340,-19.4575,8.51250,0,
-10.8340,-19.4675,8.51267,0,
-10.8340,-19.4750,8.51283,0,
-10.8340,-19.4825,8.51300,0,
-10.7967,-19.4925,8.51317,0,
-10.8340,-19.5000,8.51333,0,
-10.8340,-19.5100,8.51350,0,
-10.8340,-19.5175,8.51367,0,
-10.8340,-19.5275,8.51383,0,
-10.8340,-19.5350,8.51400,0,
-10.8340,-19.5425,8.51417,0,
-10.8340,-19.5525,8.51433,0,
-10.8340,-19.5600,8.51450,0,
-10.8340,-19.5675,8.51467,0,
-10.8340,-19.5750,8.51483,0,
-10.8340,-19.5850,8.51500,0,
-10.8340,-19.5925,8.51517,0,
-10.8340,-19.6000,8.51533,0,
-10.8340,-19.6075,8.51550,0,
-10.8340,-19.6175,8.51567,0,
-10.8340,-19.6250,8.51583,0,
-10.8340,-19.6325,8.51600,0,
-10.8340,-19.6425,8.51617,0,
-10.8340,-19.6500,8.51633,0,
-10.8712,-19.6600,8.51650,0,
-10.8712,-19.6675,8.51667,0,
-10.8712,-19.6750,8.51683,0,
-10.8712,-19.6850,8.51700,0,
-10.8712,-19.6925,8.51717,0,
-10.8712,-19.7000,8.51733,0,
-10.8712,-19.7075,8.51750,0,
-10.8712,-19.7175,8.51767,0,
-10.8712,-19.7250,8.51783,0,
-10.8712,-19.7325,8.51800,0,
-10.8712,-19.7400,8.51817,0,
-10.8712,-19.7475,8.51833,0,
-10.8712,-19.7575,8.51850,0,
-10.8712,-19.7650,8.51867,0,
-10.8712,-19.7725,8.51883,0,
-10.9084,-19.7825,8.51900,0,
-10.8712,-19.7900,8.51917,0,
-10.9084,-19.7975,8.51933,0,
-10.9084,-19.8075,8.51950,0,
-10.9084,-19.8150,8.51967,0,
-10.9084,-19.8225,8.51983,0,
-10.9084,-19.8325,8.52000,0,
-10.9084,-19.8400,8.52017,0,
-10.9084,-19.8500,8.52033,0,
-10.9084,-19.8575,8.52050,0,
-10.9084,-19.8650,8.52067,0,
-10.9084,-19.8750,8.52083,0,
-10.9084,-19.8825,8.52100,0,
-10.9084,-19.8900,8.52117,0,
-10.9456,-19.8975,8.52133,0,
-10.9456,-19.9050,8.52150,0,
-10.9456,-19.9150,8.52167,0,
-10.9456,-19.9225,8.52183,0,
-10.9456,-19.9300,8.52200,0,
-10.9456,-19.9375,8.52217,0,
-10.9456,-19.9475,8.52233,0,
-10.9456,-19.9550,8.52250,0,
-10.9456,-19.9650,8.52267,0,
-10.9456,-19.9725,8.52283,0,
-10.9829,-19.9825,8.52300,0,
-10.9829,-19.9900,8.52317,0,
-10.9829,-20.0000,8.52333,0,
-10.9829,-20.0075,8.52350,0,
-10.9829,-20.0150,8.52367,0,
-10.9829,-20.0250,8.52383,0,
-10.9829,-20.0325,8.52400,0,
-10.9829,-20.0400,8.52417,0,
-10.9829,-20.0475,8.52433,0,
-10.9829,-20.0575,8.52450,0,
-10.9829,-20.0650,8.52467,0,
-10.9829,-20.0725,8.52483,0,
-11.0201,-20.0800,8.52500,0,
-11.0201,-20.0900,8.52517,0,
-11.0201,-20.0975,8.52533,0,
-11.0201,-20.1050,8.52550,0,
-11.0201,-20.1150,8.52567,0,
-11.0201,-20.1225,8.52583,0,
-11.0201,-20.1325,8.52600,0,
-11.0573,-20.1400,8.52617,0,
-11.0573,-20.1500,8.52633,0,
-11.0573,-20.1575,8.52650,0,
-11.0573,-20.1675,8.52667,0,
-11.0573,-20.1750,8.52683,0,
-11.0573,-20.1825,8.52700,0,
-11.0573,-20.1925,8.52717,0,
-11.0573,-20.2000,8.52733,0,
-11.0573,-20.2075,8.52750,0,
-11.0573,-20.2175,8.52767,0,
-11.0946,-20.2250,8.52783,0,
-11.0946,-20.2325,8.52800,0,
-11.0946,-20.2400,8.52817,0,
-11.0946,-20.2500,8.52833,0,
-11.0946,-20.2575,8.52850,0,
-11.0946,-20.2650,8.52867,0,
-11.0946,-20.2725,8.52883,0,
-11.0946,-20.2825,8.52900,0,
-11.1318,-20.2900,8.52917,0,
-11.1318,-20.3000,8.52933,0,
-11.1318,-20.3075,8.52950,0,
-11.1318,-20.3175,8.52967,0,
-11.1318,-20.3250,8.52983,0,
-11.1318,-20.3325,8.53000,0,
-11.1690,-20.3425,8.53017,0,
-11.1318,-20.3500,8.53033,0,
-11.1690,-20.3575,8.53050,0,
-11.1690,-20.3675,8.53067,0,
-11.1690,-20.3750,8.53083,0,
-11.1690,-20.3825,8.53100,0,
-11.1690,-20.3900,8.53117,0,
-11.1690,-20.4000,8.53133,0,
-11.1690,-20.4075,8.53150,0,
-11.1690,-20.4150,8.53167,0,
-11.2063,-20.4225,8.53183,0,
-11.2063,-20.4325,8.53200,0,
-11.2063,-20.4400,8.53217,0,
-11.2063,-20.4475,8.53233,0,
-11.2063,-20.4575,8.53250,0,
-11.2063,-20.4650,8.53267,0,
-11.2063,-20.4750,8.53283,0,
-11.2063,-20.4825,8.53300,0,
-11.2063,-20.4900,8.53317,0,
-11.2063,-20.5000,8.53333,0,
-11.2063,-20.5075,8.53350,0,
-11.2063,-20.5150,8.53367,0,
-11.2435,-20.5250,8.53383,0,
-11.2435,-20.5325,8.53400,0,
-11.2435,-20.5400,8.53417,0,
-11.2435,-20.5475,8.53433,0,
-11.2435,-20.5575,8.53450,0,
-11.2435,-20.5650,8.53467,0,
-11.2435,-20.5725,8.53483,0,
-11.2435,-20.5800,8.53500,0,
-11.2435,-20.5875,8.53517,0,
-11.2435,-20.5950,8.53533,0,
-11.2435,-20.6050,8.53550,0,
-11.2807,-20.6125,8.53567,0,
-11.2435,-20.6200,8.53583,0,
-11.2807,-20.6275,8.53600,0,
-11.2807,-20.6375,8.53617,0,
-11.2807,-20.6450,8.53633,0,
-11.2807,-20.6550,8.53650,0,
-11.2807,-20.6625,8.53667,0,
-11.2807,-20.6700,8.53683,0,
-11.2807,-20.6800,8.53700,0,
-11.2807,-20.6875,8.53717,0,
-11.2807,-20.6950,8.53733,0,
-11.2807,-20.7025,8.53750,0,
-11.3179,-20.7100,8.53767,0,
-11.3179,-20.7175,8.53783,0,
-11.3179,-20.7275,8.53800,0,
-11.3179,-20.7350,8.53817,0,
-11.3179,-20.7425,8.53833,0,
-11.3179,-20.7500,8.53850,0,
-11.3179,-20.7600,8.53867,0,
-11.3552,-20.7675,8.53883,0,
-11.3552,-20.7750,8.53900,0,
-11.3552,-20.7850,8.53917,0,
-11.3552,-20.7925,8.53933,0,
-11.3552,-20.8000,8.53950,0,
-11.3552,-20.8100,8.53967,0,
-11.3552,-20.8175,8.53983,0,
-11.3552,-20.8250,8.54000,0,
-11.3552,-20.8350,8.54017,0,
-11.3552,-20.8425,8.54033,0,
-11.3552,-20.8500,8.54050,0,
-11.3552,-20.8600,8.54067,0,
-11.3552,-20.8675,8.54083,0,
-11.3552,-20.8750,8.54100,0,
-11.3552,-20.8850,8.54117,0,
-11.3552,-20.8925,8.54133,0,
-11.3924,-20.9000,8.54150,0,
-11.3924,-20.9075,8.54167,0,
-11.3924,-20.9150,8.54183,0,
-11.3924,-20.9250,8.54200,0,
-11.3924,-20.9325,8.54217,0,
-11.3924,-20.9400,8.54233,0,
-11.3924,-20.9500,8.54250,0,
-11.3924,-20.9575,8.54267,0,
-11.4296,-20.9650,8.54283,0,
-11.4296,-20.9750,8.54300,0,
-11.4296,-20.9850,8.54317,0,
-11.4296,-20.9925,8.54333,0,
-11.4669,-21.0025,8.54350,0,
-11.4669,-21.0100,8.54367,0,
-11.4669,-21.0175,8.54383,0,
-11.4669,-21.0275,8.54400,0,
-11.4669,-21.0350,8.54417,0,
-11.5041,-21.0425,8.54433,0,
-11.5041,-21.0500,8.54450,0,
-11.5041,-21.0600,8.54467,0,
-11.5041,-21.0675,8.54483,0,
-11.5413,-21.0750,8.54500,0,
-11.5413,-21.0825,8.54517,0,
-11.5413,-21.0925,8.54533,0,
-11.5413,-21.1000,8.54550,0,
-11.5413,-21.1100,8.54567,0,
-11.5413,-21.1175,8.54583,0,
-11.5413,-21.1275,8.54600,0,
-11.5786,-21.1350,8.54617,0,
-11.5786,-21.1450,8.54633,0,
-11.5786,-21.1525,8.54650,0,
-11.5786,-21.1600,8.54667,0,
-11.5786,-21.1700,8.54683,0,
-11.5786,-21.1775,8.54700,0,
-11.5786,-21.1875,8.54717,0,
-11.5786,-21.1950,8.54733,0,
-11.5786,-21.2025,8.54750,0,
-11.5786,-21.2125,8.54767,0,
-11.6158,-21.2200,8.54783,0,
-11.5786,-21.2275,8.54800,0,
-11.6158,-21.2350,8.54817,0,
-11.6158,-21.2450,8.54833,0,
-11.6158,-21.2525,8.54850,0,
-11.6158,-21.2600,8.54867,0,
-11.6158,-21.2675,8.54883,0,
-11.6530,-21.2775,8.54900,0,
-11.6530,-21.2850,8.54917,0,
-11.6530,-21.2950,8.54933,0,
-11.6530,-21.3025,8.54950,0,
-11.6530,-21.3125,8.54967,0,
-11.6902,-21.3200,8.54983,0,
-11.6902,-21.3275,8.55000,0,
-11.6902,-21.3375,8.55017,0,
-11.6902,-21.3450,8.55033,0,
-11.6902,-21.3525,8.55050,0,
-11.7275,-21.3625,8.55067,0,
-11.6902,-21.3700,8.55083,0,
-11.7275,-21.3775,8.55100,0,
-11.7275,-21.3850,8.55117,0,
-11.7275,-21.3950,8.55133,0,
-11.7275,-21.4025,8.55150,0,
-11.7275,-21.4100,8.55167,0,
-11.7275,-21.4200,8.55183,0,
-11.7275,-21.4275,8.55200,0,
-11.7647,-21.4350,8.55217,0,
-11.7647,-21.4450,8.55233,0,
-11.7275,-21.4525,8.55250,0,
-11.7647,-21.4600,8.55267,0,
-11.7647,-21.4700,8.55283,0,
-11.7647,-21.4775,8.55300,0,
-11.7647,-21.4875,8.55317,0,
-11.7647,-21.4950,8.55333,0,
-11.7647,-21.5025,8.55350,0,
-11.7647,-21.5125,8.55367,0,
-11.8019,-21.5200,8.55383,0,
-11.8019,-21.5275,8.55400,0,
-11.8019,-21.5375,8.55417,0,
-11.8019,-21.5450,8.55433,0,
-11.8019,-21.5525,8.55450,0,
-11.8019,-21.5600,8.55467,0,
-11.8019,-21.5700,8.55483,0,
-11.8392,-21.5775,8.55500,0,
-11.8392,-21.5850,8.55517,0,
-11.8392,-21.5950,8.55533,0,
-11.8392,-21.6025,8.55550,0,
-11.8392,-21.6100,8.55567,0,
-11.8392,-21.6200,8.55583,0,
-11.8392,-21.6275,8.55600,0,
-11.8392,-21.6375,8.55617,0,
-11.8764,-21.6450,8.55633,0,
-11.8764,-21.6550,8.55650,0,
-11.8764,-21.6625,8.55667,0,
-11.8764,-21.6725,8.55683,0,
-11.8764,-21.6800,8.55700,0,
-11.9136,-21.6875,8.55717,0,
-11.8764,-21.6950,8.55733,0,
-11.9136,-21.7050,8.55750,0,
-11.9136,-21.7125,8.55767,0,
-11.9136,-21.7200,8.55783,0,
-11.9136,-21.7275,8.55800,0,
-11.9136,-21.7350,8.55817,0,
-11.9136,-21.7425,8.55833,0,
-11.9509,-21.7525,8.55850,0,
-11.9509,-21.7600,8.55867,0,
-11.9509,-21.7675,8.55883,0,
-11.9509,-21.7775,8.55900,0,
-11.9509,-21.7850,8.55917,0,
-11.9881,-21.7925,8.55933,0,
-11.9881,-21.8025,8.55950,0,
-11.9881,-21.8100,8.55967,0,
-11.9881,-21.8175,8.55983,0,
-11.9881,-21.8275,8.56000,0,
-11.9881,-21.8350,8.56017,0,
-11.9881,-21.8425,8.56033,0,
-11.9881,-21.8525,8.56050,0,
-12.0253,-21.8600,8.56067,0,
-12.0253,-21.8675,8.56083,0,
-12.0253,-21.8775,8.56100,0,
-12.0253,-21.8850,8.56117,0,
-12.0253,-21.8925,8.56133,0,
-12.0253,-21.9000,8.56150,0,
-12.0625,-21.9100,8.56167,0,
-12.0625,-21.9175,8.56183,0,
-12.0625,-21.9250,8.56200,0,
-12.0625,-21.9350,8.56217,0,
-12.0625,-21.9425,8.56233,0,
-12.0625,-21.9500,8.56250,0,
-12.0998,-21.9600,8.56267,0,
-12.0998,-21.9675,8.56283,0,
-12.0998,-21.9775,8.56300,0,
-12.0998,-21.9850,8.56317,0,
-12.0998,-21.9950,8.56333,0,
-12.0998,-22.0025,8.56350,0,
-12.0998,-22.0100,8.56367,0,
-12.0998,-22.0200,8.56383,0,
-12.0998,-22.0275,8.56400,0,
-12.0998,-22.0350,8.56417,0,
-12.1370,-22.0425,8.56433,0,
-12.1370,-22.0525,8.56450,0,
-12.1370,-22.0600,8.56467,0,
-12.1370,-22.0675,8.56483,0,
-12.1370,-22.0750,8.56500,0,
-12.1370,-22.0825,8.56517,0,
-12.1370,-22.0925,8.56533,0,
-12.1742,-22.1000,8.56550,0,
-12.1742,-22.1075,8.56567,0,
-12.1742,-22.1175,8.56583,0,
-12.1742,-22.1250,8.56600,0,
-12.1742,-22.1350,8.56617,0,
-12.1742,-22.1425,8.56633,0,
-12.1742,-22.1525,8.56650,0,
-12.2115,-22.1600,8.56667,0,
-12.1742,-22.1675,8.56683,0,
-12.2115,-22.1775,8.56700,0,
-12.2115,-22.1850,8.56717,0,
-12.2115,-22.1925,8.56733,0,
-12.2115,-22.2025,8.56750,0,
-12.2115,-22.2100,8.56767,0,
-12.2115,-22.2175,8.56783,0,
-12.2115,-22.2275,8.56800,0,
-12.2487,-22.2350,8.56817,0,
-12.2487,-22.2425,8.56833,0,
-12.2487,-22.2500,8.56850,0,
-12.2487,-22.2600,8.56867,0,
-12.2487,-22.2675,8.56883,0,
-12.2487,-22.2775,8.56900,0,
-12.2859,-22.2850,8.56917,0,
-12.2859,-22.2925,8.56933,0,
-12.2859,-22.3025,8.56950,0,
-12.2859,-22.3100,8.56967,0,
-12.3232,-22.3200,8.56983,0,
-12.3232,-22.3275,8.57000,0,
-12.3232,-22.3375,8.57017,0,
-12.3232,-22.3450,8.57033,0,
-12.3232,-22.3550,8.57050,0,
-12.3232,-22.3625,8.57067,0,
-12.3604,-22.3700,8.57083,0,
-12.3604,-22.3775,8.57100,0,
-12.3604,-22.3875,8.57117,0,
-12.3604,-22.3950,8.57133,0,
-12.3604,-22.4025,8.57150,0,
-12.3976,-22.4100,8.57167,0,
-12.3976,-22.4200,8.57183,0,
-12.3976,-22.4275,8.57200,0,
-12.3976,-22.4350,8.57217,0,
-12.3976,-22.4450,8.57233,0,
-12.3976,-22.4525,8.57250,0,
-12.4348,-22.4625,8.57267,0,
-12.4348,-22.4700,8.57283,0,
-12.4348,-22.4800,8.57300,0,
-12.4348,-22.4875,8.57317,0,
-12.4348,-22.4950,8.57333,0,
-12.4348,-22.5050,8.57350,0,
-12.4348,-22.5125,8.57367,0,
-12.4348,-22.5200,8.57383,0,
-12.4348,-22.5300,8.57400,0,
-12.4348,-22.5375,8.57417,0,
-12.4348,-22.5450,8.57433,0,
-12.4721,-22.5525,8.57450,0,
-12.4721,-22.5625,8.57467,0,
-12.4721,-22.5700,8.57483,0,
-12.4721,-22.5775,8.57500,0,
-12.4721,-22.5850,8.57517,0,
-12.4721,-22.5950,8.57533,0,
-12.4721,-22.6025,8.57550,0,
-12.4721,-22.6100,8.57567,0,
-12.4721,-22.6175,8.57583,0,
-12.4721,-22.6275,8.57600,0,
-12.4721,-22.6350,8.57617,0,
-12.4721,-22.6450,8.57633,0,
-12.5093,-22.6525,8.57650,0,
-12.5093,-22.6600,8.57667,0,
-12.5093,-22.6700,8.57683,0,
-12.5093,-22.6775,8.57700,0,
-12.5465,-22.6850,8.57717,0,
-12.5465,-22.6950,8.57733,0,
-12.5465,-22.7025,8.57750,0,
-12.5465,-22.7100,8.57767,0,
-12.5465,-22.7175,8.57783,0,
-12.5465,-22.7250,8.57800,0,
-12.5465,-22.7350,8.57817,0,
-12.5465,-22.7425,8.57833,0,
-12.5465,-22.7500,8.57850,0,
-12.5465,-22.7575,8.57867,0,
-12.5838,-22.7650,8.57883,0,
-12.5838,-22.7750,8.57900,0,
-12.5838,-22.7825,8.57917,0,
-12.5838,-22.7925,8.57933,0,
-12.6210,-22.8000,8.57950,0,
-12.6210,-22.8100,8.57967,0,
-12.6210,-22.8175,8.57983,0,
-12.6210,-22.8250,8.58000,0,
-12.6582,-22.8350,8.58017,0,
-12.6582,-22.8425,8.58033,0,
-12.6582,-22.8525,8.58050,0,
-12.6582,-22.8600,8.58067,0,
-12.6955,-22.8675,8.58083,0,
-12.6955,-22.8775,8.58100,0,
-12.6955,-22.8850,8.58117,0,
-12.6955,-22.8950,8.58133,0,
-12.6955,-22.9025,8.58150,0,
-12.6955,-22.9100,8.58167,0,
-12.6955,-22.9200,8.58183,0,
-12.6955,-22.9275,8.58200,0,
-12.6955,-22.9350,8.58217,0,
-12.6955,-22.9450,8.58233,0,
-12.6955,-22.9525,8.58250,0,
-12.6955,-22.9600,8.58267,0,
-12.7327,-22.9700,8.58283,0,
-12.7327,-22.9800,8.58300,0,
-12.7327,-22.9875,8.58317,0,
-12.7327,-22.9975,8.58333,0,
-12.7327,-23.0050,8.58350,0,
-12.7699,-23.0150,8.58367,0,
-12.7699,-23.0225,8.58383,0,
-12.7699,-23.0300,8.58400,0,
-12.7699,-23.0400,8.58417,0,
-12.8071,-23.0475,8.58433,0,
-12.8071,-23.0550,8.58450,0,
-12.8071,-23.0625,8.58467,0,
-12.8071,-23.0700,8.58483,0,
-12.8071,-23.0800,8.58500,0,
-12.8444,-23.0875,8.58517,0,
-12.8444,-23.0950,8.58533,0,
-12.8444,-23.1050,8.58550,0,
-12.8444,-23.1125,8.58567,0,
-12.8816,-23.1225,8.58583,0,
-12.8816,-23.1300,8.58600,0,
-12.8816,-23.1375,8.58617,0,
-12.8816,-23.1475,8.58633,0,
-12.8816,-23.1550,8.58650,0,
-12.8816,-23.1650,8.58667,0,
-12.9188,-23.1725,8.58683,0,
-12.9188,-23.1800,8.58700,0,
-12.9188,-23.1900,8.58717,0,
-12.9188,-23.1975,8.58733,0,
-12.9188,-23.2050,8.58750,0,
-12.9561,-23.2150,8.58767,0,
-12.9561,-23.2225,8.58783,0,
-12.9561,-23.2300,8.58800,0,
-12.9561,-23.2375,8.58817,0,
-12.9933,-23.2450,8.58833,0,
-12.9933,-23.2550,8.58850,0,
-12.9933,-23.2625,8.58867,0,
-12.9933,-23.2700,8.58883,0,
-13.0305,-23.2800,8.58900,0,
-13.0305,-23.2875,8.58917,0,
-13.0305,-23.2950,8.58933,0,
-13.0305,-23.3050,8.58950,0,
-13.0678,-23.3125,8.58967,0,
-13.0678,-23.3225,8.58983,0,
-13.0678,-23.3300,8.59000,0,
-13.1050,-23.3400,8.59017,0,
-13.1050,-23.3475,8.59033,0,
-13.1050,-23.3575,8.59050,0,
-13.1050,-23.3650,8.59067,0,
-13.1422,-23.3725,8.59083,0,
-13.1422,-23.3800,8.59100,0,
-13.1422,-23.3900,8.59117,0,
-13.1422,-23.3975,8.59133,0,
-13.1794,-23.4050,8.59150,0,
-13.1794,-23.4125,8.59167,0,
-13.1794,-23.4225,8.59183,0,
-13.2167,-23.4300,8.59200,0,
-13.2167,-23.4375,8.59217,0,
-13.2167,-23.4475,8.59233,0,
-13.2539,-23.4550,8.59250,0,
-13.2539,-23.4650,8.59267,0,
-13.2911,-23.4725,8.59283,0,
-13.2911,-23.4825,8.59300,0,
-13.2911,-23.4900,8.59317,0,
-13.2911,-23.5000,8.59333,0,
-13.3284,-23.5075,8.59350,0,
-13.3284,-23.5175,8.59367,0,
-13.3284,-23.5250,8.59383,0,
-13.3656,-23.5350,8.59400,0,
-13.3656,-23.5425,8.59417,0,
-13.3656,-23.5525,8.59433,0,
-13.4028,-23.5600,8.59450,0,
-13.4028,-23.5675,8.59467,0,
-13.4028,-23.5750,8.59483,0,
-13.4401,-23.5850,8.59500,0,
-13.4401,-23.5925,8.59517,0,
-13.4401,-23.6000,8.59533,0,
-13.4773,-23.6075,8.59550,0,
-13.4773,-23.6175,8.59567,0,
-13.4773,-23.6250,8.59583,0,
-13.4773,-23.6350,8.59600,0,
-13.5145,-23.6425,8.59617,0,
-13.5145,-23.6525,8.59633,0,
-13.5145,-23.6600,8.59650,0,
-13.5518,-23.6675,8.59667,0,
-13.5518,-23.6775,8.59683,0,
-13.5518,-23.6850,8.59700,0,
-13.5518,-23.6925,8.59717,0,
-13.5890,-23.7025,8.59733,0,
-13.5890,-23.7100,8.59750,0,
-13.5890,-23.7175,8.59767,0,
-13.6262,-23.7250,8.59783,0,
-13.6262,-23.7325,8.59800,0,
-13.6262,-23.7400,8.59817,0,
-13.6262,-23.7500,8.59833,0,
-13.6634,-23.7575,8.59850,0,
-13.6634,-23.7650,8.59867,0,
-13.7007,-23.7750,8.59883,0,
-13.7007,-23.7825,8.59900,0,
-13.7007,-23.7900,8.59917,0,
-13.7007,-23.8000,8.59933,0,
-13.7379,-23.8075,8.59950,0,
-13.7379,-23.8150,8.59967,0,
-13.7751,-23.8250,8.59983,0,
-13.7751,-23.8325,8.60000,0,
-13.8124,-23.8400,8.60017,0,
-13.8124,-23.8500,8.60033,0,
-13.8124,-23.8575,8.60050,0,
-13.8124,-23.8675,8.60067,0,
-13.8496,-23.8750,8.60083,0,
-13.8496,-23.8825,8.60100,0,
-13.8496,-23.8900,8.60117,0,
-13.8868,-23.8975,8.60133,0,
-13.8868,-23.9050,8.60150,0,
-13.8868,-23.9150,8.60167,0,
-13.8868,-23.9225,8.60183,0,
-13.9240,-23.9300,8.60200,0,
-13.9240,-23.9375,8.60217,0,
-13.9240,-23.9475,8.60233,0,
-13.9240,-23.9550,8.60250,0,
-13.9613,-23.9625,8.60267,0,
-13.9613,-23.9725,8.60283,0,
-13.9613,-23.9800,8.60300,0,
-13.9613,-23.9875,8.60317,0,
-13.9985,-23.9975,8.60333,0,
-13.9985,-24.0050,8.60350,0,
-13.9985,-24.0125,8.60367,0,
-13.9985,-24.0225,8.60383,0,
-14.0357,-24.0300,8.60400,0,
-14.0357,-24.0375,8.60417,0,
-14.0357,-24.0450,8.60433,0,
-14.0357,-24.0525,8.60450,0,
-14.0357,-24.0625,8.60467,0,
-14.0357,-24.0700,8.60483,0,
-14.0357,-24.0775,8.60500,0,
-14.0357,-24.0850,8.60517,0,
-14.0730,-24.0925,8.60533,0,
-14.0730,-24.1025,8.60550,0,
-14.0730,-24.1100,8.60567,0,
-14.0730,-24.1200,8.60583,0,
-14.1102,-24.1275,8.60600,0,
-14.1102,-24.1375,8.60617,0,
-14.1102,-24.1450,8.60633,0,
-14.1102,-24.1525,8.60650,0,
-14.1102,-24.1625,8.60667,0,
-14.1102,-24.1700,8.60683,0,
-14.1474,-24.1800,8.60700,0,
-14.1474,-24.1875,8.60717,0,
-14.1474,-24.1950,8.60733,0,
-14.1474,-24.2050,8.60750,0,
-14.1474,-24.2125,8.60767,0,
-14.1847,-24.2200,8.60783,0,
-14.1847,-24.2275,8.60800,0,
-14.1847,-24.2375,8.60817,0,
-14.1847,-24.2450,8.60833,0,
-14.2219,-24.2525,8.60850,0,
-14.2219,-24.2600,8.60867,0,
-14.2219,-24.2675,8.60883,0,
-14.2591,-24.2775,8.60900,0,
-14.2591,-24.2850,8.60917,0,
-14.2591,-24.2925,8.60933,0,
-14.2591,-24.3025,8.60950,0,
-14.2964,-24.3100,8.60967,0,
-14.2964,-24.3200,8.60983,0,
-14.2964,-24.3275,8.61000,0,
-14.3336,-24.3375,8.61017,0,
-14.3336,-24.3450,8.61033,0,
-14.3336,-24.3525,8.61050,0,
-14.3336,-24.3600,8.61067,0,
-14.3708,-24.3700,8.61083,0,
-14.3708,-24.3775,8.61100,0,
-14.3708,-24.3850,8.61117,0,
-14.3708,-24.3925,8.61133,0,
-14.3708,-24.4000,8.61150,0,
-14.4080,-24.4075,8.61167,0,
-14.4080,-24.4175,8.61183,0,
-14.4080,-24.4250,8.61200,0,
-14.4453,-24.4325,8.61217,0,
-14.4453,-24.4425,8.61233,0,
-14.4453,-24.4500,8.61250,0,
-14.4453,-24.4575,8.61267,0,
-14.4825,-24.4675,8.61283,0,
-14.4825,-24.4750,8.61300,0,
-14.4825,-24.4850,8.61317,0,
-14.4825,-24.4925,8.61333,0,
-14.4825,-24.5000,8.61350,0,
-14.5197,-24.5100,8.61367,0,
-14.5197,-24.5175,8.61383,0,
-14.5197,-24.5275,8.61400,0,
-14.5197,-24.5350,8.61417,0,
-14.5197,-24.5425,8.61433,0,
-14.5570,-24.5525,8.61450,0,
-14.5570,-24.5600,8.61467,0,
-14.5570,-24.5675,8.61483,0,
-14.5570,-24.5750,8.61500,0,
-14.5570,-24.5850,8.61517,0,
-14.5942,-24.5925,8.61533,0,
-14.5942,-24.6000,8.61550,0,
-14.5942,-24.6075,8.61567,0,
-14.5942,-24.6175,8.61583,0,
-14.6314,-24.6250,8.61600,0,
-14.6314,-24.6325,8.61617,0,
-14.6314,-24.6425,8.61633,0,
-14.6687,-24.6500,8.61650,0,
-14.6687,-24.6575,8.61667,0,
-14.7059,-24.6675,8.61683,0,
-14.7059,-24.6750,8.61700,0,
-14.7431,-24.6850,8.61717,0,
-14.7431,-24.6925,8.61733,0,
-14.7431,-24.7000,8.61750,0,
-14.7803,-24.7100,8.61767,0,
-14.7803,-24.7175,8.61783,0,
-14.7803,-24.7250,8.61800,0,
-14.7803,-24.7325,8.61817,0,
-14.8176,-24.7400,8.61833,0,
-14.8176,-24.7500,8.61850,0,
-14.8548,-24.7575,8.61867,0,
-14.8548,-24.7675,8.61883,0,
-14.8920,-24.7750,8.61900,0,
-14.8920,-24.7850,8.61917,0,
-14.8920,-24.7925,8.61933,0,
-14.9293,-24.8025,8.61950,0,
-14.9293,-24.8100,8.61967,0,
-14.9293,-24.8175,8.61983,0,
-14.9665,-24.8275,8.62000,0,
-14.9665,-24.8375,8.62017,0,
-15.0037,-24.8450,8.62033,0,
-15.0037,-24.8550,8.62050,0,
-15.0410,-24.8625,8.62067,0,
-15.0410,-24.8700,8.62083,0,
-15.0410,-24.8800,8.62100,0,
-15.0782,-24.8875,8.62117,0,
-15.0782,-24.8950,8.62133,0,
-15.1154,-24.9025,8.62150,0,
-15.1154,-24.9125,8.62167,0,
-15.1154,-24.9200,8.62183,0,
-15.1526,-24.9275,8.62200,0,
-15.1899,-24.9350,8.62217,0,
-15.1899,-24.9450,8.62233,0,
-15.1899,-24.9525,8.62250,0,
-15.2271,-24.9625,8.62267,0,
-15.2271,-24.9700,8.62283,0,
-15.2643,-24.9800,8.62300,0,
-15.2643,-24.9875,8.62317,0,
-15.3016,-24.9950,8.62333,0,
-15.3016,-25.0050,8.62350,0,
-15.3388,-25.0125,8.62367,0,
-15.3388,-25.0200,8.62383,0,
-15.3388,-25.0300,8.62400,0,
-15.3760,-25.0375,8.62417,0,
-15.3760,-25.0450,8.62433,0,
-15.4133,-25.0525,8.62450,0,
-15.4133,-25.0600,8.62467,0,
-15.4133,-25.0700,8.62483,0,
-15.4505,-25.0775,8.62500,0,
-15.4505,-25.0850,8.62517,0,
-15.4505,-25.0925,8.62533,0,
-15.4877,-25.1025,8.62550,0,
-15.4877,-25.1100,8.62567,0,
-15.4877,-25.1200,8.62583,0,
-15.4877,-25.1275,8.62600,0,
-15.5249,-25.1350,8.62617,0,
-15.5622,-25.1450,8.62633,0,
-15.5622,-25.1525,8.62650,0,
-15.5994,-25.1600,8.62667,0,
-15.5994,-25.1700,8.62683,0,
-15.6366,-25.1775,8.62700,0,
-15.6366,-25.1850,8.62717,0,
-15.6366,-25.1950,8.62733,0,
-15.6739,-25.2025,8.62750,0,
-15.6739,-25.2100,8.62767,0,
-15.6739,-25.2200,8.62783,0,
-15.7111,-25.2275,8.62800,0,
-15.7111,-25.2350,8.62817,0,
-15.7483,-25.2425,8.62833,0,
-15.7483,-25.2500,8.62850,0,
-15.7483,-25.2600,8.62867,0,
-15.7856,-25.2675,8.62883,0,
-15.7856,-25.2750,8.62900,0,
-15.8228,-25.2850,8.62917,0,
-15.8228,-25.2925,8.62933,0,
-15.8600,-25.3025,8.62950,0,
-15.8600,-25.3100,8.62967,0,
-15.8972,-25.3175,8.62983,0,
-15.8972,-25.3275,8.63000,0,
-15.9345,-25.3350,8.63017,0,
-15.9345,-25.3450,8.63033,0,
-15.9345,-25.3525,8.63050,0,
-15.9345,-25.3600,8.63067,0,
-15.9717,-25.3675,8.63083,0,
-15.9717,-25.3775,8.63100,0,
-15.9717,-25.3850,8.63117,0,
-16.0089,-25.3925,8.63133,0,
-16.0089,-25.4000,8.63150,0,
-16.0089,-25.4075,8.63167,0,
-16.0462,-25.4175,8.63183,0,
-16.0462,-25.4250,8.63200,0,
-16.0834,-25.4325,8.63217,0,
-16.0834,-25.4425,8.63233,0,
-16.1206,-25.4500,8.63250,0,
-16.1206,-25.4600,8.63267,0,
-16.1579,-25.4675,8.63283,0,
-16.1579,-25.4775,8.63300,0,
-16.1951,-25.4850,8.63317,0,
-16.1951,-25.4925,8.63333,0,
-16.1951,-25.5025,8.63350,0,
-16.2323,-25.5100,8.63367,0,
-16.2695,-25.5175,8.63383,0,
-16.2695,-25.5275,8.63400,0,
-16.3068,-25.5350,8.63417,0,
-16.3068,-25.5425,8.63433,0,
-16.3440,-25.5525,8.63450,0,
-16.3440,-25.5600,8.63467,0,
-16.3812,-25.5675,8.63483,0,
-16.3812,-25.5750,8.63500,0,
-16.4185,-25.5850,8.63517,0,
-16.4185,-25.5925,8.63533,0,
-16.4557,-25.6000,8.63550,0,
-16.4929,-25.6100,8.63567,0,
-16.4929,-25.6175,8.63583,0,
-16.5302,-25.6250,8.63600,0,
-16.5674,-25.6350,8.63617,0,
-16.6046,-25.6425,8.63633,0,
-16.6418,-25.6525,8.63650,0,
-16.6418,-25.6600,8.63667,0,
-16.6791,-25.6675,8.63683,0,
-16.7163,-25.6775,8.63700,0,
-16.7163,-25.6850,8.63717,0,
-16.7535,-25.6925,8.63733,0,
-16.7908,-25.7000,8.63750,0,
-16.7908,-25.7100,8.63767,0,
-16.8280,-25.7175,8.63783,0,
-16.8652,-25.7250,8.63800,0,
-16.9025,-25.7325,8.63817,0,
-16.9025,-25.7425,8.63833,0,
-16.9397,-25.7500,8.63850,0,
-16.9769,-25.7575,8.63867,0,
-16.9769,-25.7675,8.63883,0,
-17.0141,-25.7750,8.63900,0,
-17.0514,-25.7850,8.63917,0,
-17.0886,-25.7925,8.63933,0,
-17.0886,-25.8000,8.63950,0,
-17.1258,-25.8100,8.63967,0,
-17.1631,-25.8175,8.63983,0,
-17.2003,-25.8275,8.64000,0,
-17.2375,-25.8350,8.64017,0,
-17.2748,-25.8425,8.64033,0,
-17.2748,-25.8525,8.64050,0,
-17.3120,-25.8600,8.64067,0,
-17.3492,-25.8675,8.64083,0,
-17.3864,-25.8750,8.64100,0,
-17.3864,-25.8850,8.64117,0,
-17.4237,-25.8925,8.64133,0,
-17.4609,-25.9000,8.64150,0,
-17.4981,-25.9075,8.64167,0,
-17.5354,-25.9175,8.64183,0,
-17.5354,-25.9250,8.64200,0,
-17.5726,-25.9325,8.64217,0,
-17.6098,-25.9425,8.64233,0,
-17.6471,-25.9500,8.64250,0,
-17.6471,-25.9575,8.64267,0,
-17.6843,-25.9675,8.64283,0,
-17.7215,-25.9750,8.64300,0,
-17.7587,-25.9850,8.64317,0,
-17.7960,-25.9925,8.64333,0,
-17.7960,-26.0025,8.64350,0,
-17.8332,-26.0100,8.64367,0,
-17.8704,-26.0175,8.64383,0,
-17.8704,-26.0275,8.64400,0,
-17.9077,-26.0350,8.64417,0,
-17.9449,-26.0425,8.64433,0,
-17.9449,-26.0500,8.64450,0,
-17.9821,-26.0575,8.64467,0,
-18.0194,-26.0675,8.64483,0,
-18.0566,-26.0750,8.64500,0,
-18.0938,-26.0825,8.64517,0,
-18.0938,-26.0925,8.64533,0,
-18.1311,-26.1000,8.64550,0,
-18.1683,-26.1075,8.64567,0,
-18.2055,-26.1175,8.64583,0,
-18.2427,-26.1250,8.64600,0,
-18.2800,-26.1350,8.64617,0,
-18.3172,-26.1425,8.64633,0,
-18.3544,-26.1525,8.64650,0,
-18.3544,-26.1600,8.64667,0,
-18.3917,-26.1675,8.64683,0,
-18.4289,-26.1775,8.64700,0,
-18.4289,-26.1850,8.64717,0,
-18.4661,-26.1925,8.64733,0,
-18.5033,-26.2025,8.64750,0,
-18.5406,-26.2100,8.64767,0,
-18.5406,-26.2175,8.64783,0,
-18.5778,-26.2275,8.64800,0,
-18.5778,-26.2350,8.64817,0,
-18.6150,-26.2425,8.64833,0,
-18.6523,-26.2500,8.64850,0,
-18.6895,-26.2600,8.64867,0,
-18.6895,-26.2675,8.64883,0,
-18.7267,-26.2750,8.64900,0,
-18.7640,-26.2825,8.64917,0,
-18.7640,-26.2925,8.64933,0,
-18.8012,-26.3000,8.64950,0,
-18.8384,-26.3100,8.64967,0,
-18.8384,-26.3175,8.64983,0,
-18.8757,-26.3250,8.65000,0,
-18.8757,-26.3350,8.65017,0,
-18.9129,-26.3425,8.65033,0,
-18.9129,-26.3500,8.65050,0,
-18.9501,-26.3575,8.65067,0,
-18.9501,-26.3650,8.65083,0,
-18.9873,-26.3750,8.65100,0,
-18.9873,-26.3825,8.65117,0,
-19.0246,-26.3900,8.65133,0,
-19.0246,-26.3975,8.65150,0,
-19.0618,-26.4050,8.65167,0,
-19.0618,-26.4150,8.65183,0,
-19.0990,-26.4225,8.65200,0,
-19.1363,-26.4300,8.65217,0,
-19.1363,-26.4400,8.65233,0,
-19.1735,-26.4475,8.65250,0,
-19.2107,-26.4575,8.65267,0,
-19.2107,-26.4650,8.65283,0,
-19.2480,-26.4725,8.65300,0,
-19.2852,-26.4825,8.65317,0,
-19.2852,-26.4900,8.65333,0,
-19.3224,-26.4975,8.65350,0,
-19.3224,-26.5075,8.65367,0,
-19.3596,-26.5150,8.65383,0,
-19.3969,-26.5225,8.65400,0,
-19.4341,-26.5325,8.65417,0,
-19.4341,-26.5400,8.65433,0,
-19.4713,-26.5475,8.65450,0,
-19.5086,-26.5550,8.65467,0,
-19.5458,-26.5650,8.65483,0,
-19.5458,-26.5725,8.65500,0,
-19.5830,-26.5800,8.65517,0,
-19.6203,-26.5900,8.65533,0,
-19.6575,-26.5975,8.65550,0,
-19.6575,-26.6050,8.65567,0,
-19.6947,-26.6150,8.65583,0,
-19.7319,-26.6225,8.65600,0,
-19.7319,-26.6325,8.65617,0,
-19.7692,-26.6400,8.65633,0,
-19.8064,-26.6500,8.65650,0,
-19.8436,-26.6575,8.65667,0,
-19.8809,-26.6650,8.65683,0,
-19.8809,-26.6750,8.65700,0,
-19.8809,-26.6825,8.65717,0,
-19.9181,-26.6900,8.65733,0,
-19.9553,-26.7000,8.65750,0,
-19.9553,-26.7075,8.65767,0,
-19.9926,-26.7150,8.65783,0,
-19.9926,-26.7225,8.65800,0,
-20.0298,-26.7325,8.65817,0,
-20.0670,-26.7400,8.65833,0,
-20.0670,-26.7475,8.65850,0,
-20.1042,-26.7550,8.65867,0,
-20.1415,-26.7650,8.65883,0,
-20.1787,-26.7725,8.65900,0,
-20.1787,-26.7825,8.65917,0,
-20.2159,-26.7900,8.65933,0,
-20.2532,-26.7975,8.65950,0,
-20.2904,-26.8075,8.65967,0,
-20.2904,-26.8150,8.65983,0,
-20.3276,-26.8225,8.66000,0,
-20.3649,-26.8325,8.66017,0,
-20.4021,-26.8400,8.66033,0,
-20.4021,-26.8500,8.66050,0,
-20.4393,-26.8575,8.66067,0,
-20.4393,-26.8650,8.66083,0,
-20.4765,-26.8750,8.66100,0,
-20.4765,-26.8825,8.66117,0,
-20.5138,-26.8900,8.66133,0,
-20.5510,-26.9000,8.66150,0,
-20.5510,-26.9075,8.66167,0,
-20.5882,-26.9150,8.66183,0,
-20.5882,-26.9250,8.66200,0,
-20.6627,-26.9325,8.66217,0,
-20.6627,-26.9400,8.66233,0,
-20.6999,-26.9500,8.66250,0,
-20.6999,-26.9575,8.66267,0,
-20.7372,-26.9650,8.66283,0,
-20.7744,-26.9750,8.66300,0,
-20.7744,-26.9825,8.66317,0,
-20.8116,-26.9925,8.66333,0,
-20.8116,-27.0000,8.66350,0,
-20.8488,-27.0100,8.66367,0,
-20.8488,-27.0175,8.66383,0,
-20.8488,-27.0250,8.66400,0,
-20.8861,-27.0325,8.66417,0,
-20.9233,-27.0400,8.66433,0,
-20.9233,-27.0500,8.66450,0,
-20.9605,-27.0575,8.66467,0,
-20.9605,-27.0650,8.66483,0,
-20.9605,-27.0725,8.66500,0,
-20.9978,-27.0825,8.66517,0,
-21.0350,-27.0900,8.66533,0,
-21.0350,-27.0975,8.66550,0,
-21.0722,-27.1075,8.66567,0,
-21.0722,-27.1150,8.66583,0,
-21.1095,-27.1250,8.66600,0,
-21.1095,-27.1325,8.66617,0,
-21.1467,-27.1400,8.66633,0,
-21.1467,-27.1500,8.66650,0,
-21.1839,-27.1575,8.66667,0,
-21.1839,-27.1675,8.66683,0,
-21.2211,-27.1750,8.66700,0,
-21.2211,-27.1825,8.66717,0,
-21.2584,-27.1900,8.66733,0,
-21.2956,-27.2000,8.66750,0,
-21.2956,-27.2075,8.66767,0,
-21.3328,-27.2150,8.66783,0,
-21.3328,-27.2250,8.66800,0,
-21.3701,-27.2325,8.66817,0,
-21.3701,-27.2400,8.66833,0,
-21.4073,-27.2475,8.66850,0,
-21.4073,-27.2575,8.66867,0,
-21.4445,-27.2650,8.66883,0,
-21.4818,-27.2725,8.66900,0,
-21.4818,-27.2825,8.66917,0,
-21.5190,-27.2900,8.66933,0,
-21.5562,-27.2975,8.66950,0,
-21.5934,-27.3075,8.66967,0,
-21.5934,-27.3150,8.66983,0,
-21.6307,-27.3250,8.67000,0,
-21.6307,-27.3325,8.67017,0,
-21.6679,-27.3400,8.67033,0,
-21.6679,-27.3500,8.67050,0,
-21.7051,-27.3575,8.67067,0,
-21.7424,-27.3675,8.67083,0,
-21.7424,-27.3750,8.67100,0,
-21.7796,-27.3825,8.67117,0,
-21.8168,-27.3900,8.67133,0,
-21.8168,-27.3975,8.67150,0,
-21.8541,-27.4075,8.67167,0,
-21.8541,-27.4150,8.67183,0,
-21.8913,-27.4225,8.67200,0,
-21.8913,-27.4325,8.67217,0,
-21.9285,-27.4400,8.67233,0,
-21.9657,-27.4500,8.67250,0,
-21.9657,-27.4575,8.67267,0,
-22.0030,-27.4650,8.67283,0,
-22.0030,-27.4750,8.67300,0,
-22.0030,-27.4825,8.67317,0,
-22.0402,-27.4925,8.67333,0,
-22.0402,-27.5000,8.67350,0,
-22.0774,-27.5075,8.67367,0,
-22.1147,-27.5175,8.67383,0,
-22.1147,-27.5250,8.67400,0,
-22.1519,-27.5325,8.67417,0,
-22.1519,-27.5425,8.67433,0,
-22.1519,-27.5500,8.67450,0,
-22.1891,-27.5575,8.67467,0,
-22.1891,-27.5675,8.67483,0,
-22.2264,-27.5750,8.67500,0,
-22.2636,-27.5825,8.67517,0,
-22.2636,-27.5925,8.67533,0,
-22.3008,-27.6000,8.67550,0,
-22.3380,-27.6075,8.67567,0,
-22.3380,-27.6175,8.67583,0,
-22.3753,-27.6250,8.67600,0,
-22.3753,-27.6325,8.67617,0,
-22.4125,-27.6425,8.67633,0,
-22.4497,-27.6500,8.67650,0,
-22.4870,-27.6600,8.67667,0,
-22.5242,-27.6675,8.67683,0,
-22.5242,-27.6750,8.67700,0,
-22.5614,-27.6850,8.67717,0,
-22.5614,-27.6925,8.67733,0,
-22.5987,-27.7000,8.67750,0,
-22.6359,-27.7075,8.67767,0,
-22.6359,-27.7150,8.67783,0,
-22.6731,-27.7250,8.67800,0,
-22.6731,-27.7325,8.67817,0,
-22.7104,-27.7400,8.67833,0,
-22.7104,-27.7500,8.67850,0,
-22.7476,-27.7575,8.67867,0,
-22.7848,-27.7650,8.67883,0,
-22.7848,-27.7750,8.67900,0,
-22.8220,-27.7825,8.67917,0,
-22.8220,-27.7900,8.67933,0,
-22.8593,-27.8000,8.67950,0,
-22.8593,-27.8075,8.67967,0,
-22.8965,-27.8175,8.67983,0,
-22.8965,-27.8250,8.68000,0,
-22.9337,-27.8325,8.68017,0,
-22.9337,-27.8425,8.68033,0,
-22.9710,-27.8500,8.68050,0,
-22.9710,-27.8600,8.68067,0,
-23.0082,-27.8675,8.68083,0,
-23.0082,-27.8750,8.68100,0,
-23.0454,-27.8825,8.68117,0,
-23.0826,-27.8925,8.68133,0,
-23.0826,-27.9000,8.68150,0,
-23.1199,-27.9075,8.68167,0,
-23.1199,-27.9175,8.68183,0,
-23.1571,-27.9250,8.68200,0,
-23.1571,-27.9325,8.68217,0,
-23.1943,-27.9425,8.68233,0,
-23.2316,-27.9500,8.68250,0,
-23.2316,-27.9600,8.68267,0,
-23.2688,-27.9675,8.68283,0,
-23.2688,-27.9775,8.68300,0,
-23.3060,-27.9850,8.68317,0,
-23.3433,-27.9925,8.68333,0,
-23.3433,-28.0025,8.68350,0,
-23.3805,-28.0100,8.68367,0,
-23.3805,-28.0175,8.68383,0,
-23.4177,-28.0275,8.68400,0,
-23.4177,-28.0350,8.68417,0,
-23.4550,-28.0425,8.68433,0,
-23.4550,-28.0525,8.68450,0,
-23.4922,-28.0600,8.68467,0,
-23.4922,-28.0675,8.68483,0,
-23.5294,-28.0750,8.68500,0,
-23.5294,-28.0850,8.68517,0,
-23.5666,-28.0925,8.68533,0,
-23.5666,-28.1000,8.68550,0,
-23.6039,-28.1100,8.68567,0,
-23.6039,-28.1175,8.68583,0,
-23.6411,-28.1250,8.68600,0,
-23.6411,-28.1350,8.68617,0,
-23.6783,-28.1425,8.68633,0,
-23.6783,-28.1525,8.68650,0,
-23.7156,-28.1600,8.68667,0,
-23.7528,-28.1700,8.68683,0,
-23.7528,-28.1775,8.68700,0,
-23.7900,-28.1850,8.68717,0,
-23.7900,-28.1950,8.68733,0,
-23.8273,-28.2025,8.68750,0,
-23.8645,-28.2100,8.68767,0,
-23.8645,-28.2200,8.68783,0,
-23.9017,-28.2275,8.68800,0,
-23.9017,-28.2350,8.68817,0,
-23.9017,-28.2425,8.68833,0,
-23.9389,-28.2525,8.68850,0,
-23.9389,-28.2600,8.68867,0,
-23.9762,-28.2675,8.68883,0,
-23.9762,-28.2775,8.68900,0,
-24.0134,-28.2850,8.68917,0,
-24.0134,-28.2950,8.68933,0,
-24.0506,-28.3025,8.68950,0,
-24.0506,-28.3125,8.68967,0,
-24.0879,-28.3200,8.68983,0,
-24.0879,-28.3300,8.69000,0,
-24.1251,-28.3375,8.69017,0,
-24.1251,-28.3450,8.69033,0,
-24.1623,-28.3550,8.69050,0,
-24.1623,-28.3625,8.69067,0,
-24.1996,-28.3700,8.69083,0,
-24.1996,-28.3800,8.69100,0,
-24.2368,-28.3875,8.69117,0,
-24.2368,-28.3950,8.69133,0,
-24.2740,-28.4025,8.69150,0,
-24.2740,-28.4125,8.69167,0,
-24.3112,-28.4200,8.69183,0,
-24.3112,-28.4275,8.69200,0,
-24.3485,-28.4375,8.69217,0,
-24.3485,-28.4450,8.69233,0,
-24.3857,-28.4550,8.69250,0,
-24.3857,-28.4625,8.69267,0,
-24.4229,-28.4725,8.69283,0,
-24.4602,-28.4800,8.69300,0,
-24.4602,-28.4875,8.69317,0,
-24.4602,-28.4975,8.69333,0,
-24.4974,-28.5050,8.69350,0,
-24.4974,-28.5150,8.69367,0,
-24.5346,-28.5225,8.69383,0,
-24.5346,-28.5325,8.69400,0,
-24.5346,-28.5400,8.69417,0,
-24.5719,-28.5475,8.69433,0,
-24.5719,-28.5550,8.69450,0,
-24.6091,-28.5650,8.69467,0,
-24.6091,-28.5725,8.69483,0,
-24.6091,-28.5800,8.69500,0,
-24.6463,-28.5875,8.69517,0,
-24.6463,-28.5975,8.69533,0,
-24.6835,-28.6050,8.69550,0,
-24.6835,-28.6125,8.69567,0,
-24.7208,-28.6225,8.69583,0,
-24.7208,-28.6300,8.69600,0,
-24.7208,-28.6400,8.69617,0,
-24.7580,-28.6475,8.69633,0,
-24.7580,-28.6550,8.69650,0,
-24.7952,-28.6650,8.69667,0,
-24.8325,-28.6725,8.69683,0,
-24.8325,-28.6825,8.69700,0,
-24.8697,-28.6900,8.69717,0,
-24.8697,-28.6975,8.69733,0,
-24.9069,-28.7075,8.69750,0,
-24.9069,-28.7150,8.69767,0,
-24.9442,-28.7225,8.69783,0,
-24.9442,-28.7300,8.69800,0,
-24.9442,-28.7400,8.69817,0,
-24.9814,-28.7475,8.69833,0,
-24.9814,-28.7550,8.69850,0,
-25.0186,-28.7625,8.69867,0,
-25.0186,-28.7725,8.69883,0,
-25.0558,-28.7800,8.69900,0,
-25.0558,-28.7900,8.69917,0,
-25.0931,-28.7975,8.69933,0,
-25.0931,-28.8050,8.69950,0,
-25.1303,-28.8150,8.69967,0,
-25.1303,-28.8225,8.69983,0,
-25.1675,-28.8300,8.70000,0,
-25.1675,-28.8400,8.70017,0,
-25.1675,-28.8475,8.70033,0,
-25.2048,-28.8575,8.70050,0,
-25.2420,-28.8650,8.70067,0,
-25.2420,-28.8725,8.70083,0,
-25.2420,-28.8825,8.70100,0,
-25.2792,-28.8900,8.70117,0,
-25.2792,-28.8975,8.70133,0,
-25.2792,-28.9050,8.70150,0,
-25.3165,-28.9150,8.70167,0,
-25.3537,-28.9225,8.70183,0,
-25.3537,-28.9300,8.70200,0,
-25.3909,-28.9375,8.70217,0,
-25.3909,-28.9475,8.70233,0,
-25.4281,-28.9550,8.70250,0,
-25.4281,-28.9650,8.70267,0,
-25.4654,-28.9725,8.70283,0,
-25.4654,-28.9800,8.70300,0,
-25.5026,-28.9900,8.70317,0,
-25.5398,-28.9975,8.70333,0,
-25.5398,-29.0075,8.70350,0,
-25.5398,-29.0150,8.70367,0,
-25.5771,-29.0225,8.70383,0,
-25.5771,-29.0300,8.70400,0,
-25.6143,-29.0375,8.70417,0,
-25.6143,-29.0450,8.70433,0,
-25.6515,-29.0550,8.70450,0,
-25.6515,-29.0625,8.70467,0,
-25.6515,-29.0700,8.70483,0,
-25.6888,-29.0775,8.70500,0,
-25.6888,-29.0875,8.70517,0,
-25.7260,-29.0950,8.70533,0,
-25.7260,-29.1025,8.70550,0,
-25.7632,-29.1100,8.70567,0,
-25.7632,-29.1200,8.70583,0,
-25.8004,-29.1275,8.70600,0,
-25.8004,-29.1350,8.70617,0,
-25.8004,-29.1450,8.70633,0,
-25.8377,-29.1525,8.70650,0,
-25.8377,-29.1600,8.70667,0,
-25.8749,-29.1700,8.70683,0,
-25.8749,-29.1775,8.70700,0,
-25.9121,-29.1850,8.70717,0,
-25.9121,-29.1950,8.70733,0,
-25.9494,-29.2025,8.70750,0,
-25.9866,-29.2100,8.70767,0,
-25.9866,-29.2200,8.70783,0,
-25.9866,-29.2275,8.70800,0,
-26.0238,-29.2350,8.70817,0,
-26.0238,-29.2425,8.70833,0,
-26.0611,-29.2525,8.70850,0,
-26.0611,-29.2600,8.70867,0,
-26.0611,-29.2675,8.70883,0,
-26.0983,-29.2775,8.70900,0,
-26.0983,-29.2850,8.70917,0,
-26.1355,-29.2925,8.70933,0,
-26.1355,-29.3025,8.70950,0,
-26.1727,-29.3100,8.70967,0,
-26.1727,-29.3200,8.70983,0,
-26.1727,-29.3275,8.71000,0,
-26.2100,-29.3350,8.71017,0,
-26.2100,-29.3450,8.71033,0,
-26.2100,-29.3525,8.71050,0,
-26.2472,-29.3600,8.71067,0,
-26.2472,-29.3700,8.71083,0,
-26.2844,-29.3775,8.71100,0,
-26.2844,-29.3850,8.71117,0,
-26.3217,-29.3925,8.71133,0,
-26.3217,-29.4000,8.71150,0,
-26.3217,-29.4075,8.71167,0,
-26.3589,-29.4175,8.71183,0,
-26.3589,-29.4250,8.71200,0,
-26.3961,-29.4350,8.71217,0,
-26.3961,-29.4425,8.71233,0,
-26.4334,-29.4525,8.71250,0,
-26.4334,-29.4600,8.71267,0,
-26.4334,-29.4675,8.71283,0,
-26.4706,-29.4775,8.71300,0,
-26.4706,-29.4850,8.71317,0,
-26.4706,-29.4950,8.71333,0,
-26.5078,-29.5025,8.71350,0,
-26.5078,-29.5125,8.71367,0,
-26.5450,-29.5200,8.71383,0,
-26.5450,-29.5300,8.71400,0,
-26.5450,-29.5375,8.71417,0,
-26.5823,-29.5450,8.71433,0,
-26.5823,-29.5550,8.71450,0,
-26.5823,-29.5625,8.71467,0,
-26.6195,-29.5700,8.71483,0,
-26.6195,-29.5775,8.71500,0,
-26.6567,-29.5875,8.71517,0,
-26.6567,-29.5950,8.71533,0,
-26.6567,-29.6025,8.71550,0,
-26.6940,-29.6100,8.71567,0,
-26.6940,-29.6200,8.71583,0,
-26.7312,-29.6275,8.71600,0,
-26.7312,-29.6375,8.71617,0,
-26.7684,-29.6450,8.71633,0,
-26.7684,-29.6525,8.71650,0,
-26.8057,-29.6625,8.71667,0,
-26.8057,-29.6700,8.71683,0,
-26.8429,-29.6800,8.71700,0,
-26.8429,-29.6875,8.71717,0,
-26.8801,-29.6950,8.71733,0,
-26.8801,-29.7050,8.71750,0,
-26.8801,-29.7125,8.71767,0,
-26.9173,-29.7200,8.71783,0,
-26.9173,-29.7275,8.71800,0,
-26.9546,-29.7350,8.71817,0,
-26.9546,-29.7450,8.71833,0,
-26.9918,-29.7525,8.71850,0,
-26.9918,-29.7600,8.71867,0,
-26.9918,-29.7700,8.71883,0,
-27.0290,-29.7775,8.71900,0,
-27.0290,-29.7850,8.71917,0,
-27.0663,-29.7950,8.71933,0,
-27.0663,-29.8025,8.71950,0,
-27.0663,-29.8100,8.71967,0,
-27.1035,-29.8200,8.71983,0,
-27.1035,-29.8275,8.72000,0,
-27.1407,-29.8375,8.72017,0,
-27.1407,-29.8450,8.72033,0,
-27.1780,-29.8525,8.72050,0,
-27.1780,-29.8625,8.72067,0,
-27.2152,-29.8700,8.72083,0,
-27.2152,-29.8775,8.72100,0,
-27.2152,-29.8875,8.72117,0,
-27.2524,-29.8950,8.72133,0,
-27.2524,-29.9025,8.72150,0,
-27.2524,-29.9100,8.72167,0,
-27.2896,-29.9200,8.72183,0,
-27.2896,-29.9275,8.72200,0,
-27.2896,-29.9350,8.72217,0,
-27.3269,-29.9450,8.72233,0,
-27.3269,-29.9525,8.72250,0,
-27.3641,-29.9600,8.72267,0,
-27.3641,-29.9700,8.72283,0,
-27.3641,-29.9775,8.72300,0,
-27.4013,-29.9850,8.72317,0,
-27.4013,-29.9950,8.72333,0,
-27.4013,-30.0025,8.72350,0,
-27.4386,-30.0100,8.72367,0,
-27.4386,-30.0200,8.72383,0,
-27.4386,-30.0275,8.72400,0,
-27.4758,-30.0350,8.72417,0,
-27.4758,-30.0425,8.72433,0,
-27.4758,-30.0500,8.72450,0,
-27.5130,-30.0600,8.72467,0,
-27.5130,-30.0675,8.72483,0,
-27.5503,-30.0750,8.72500,0,
-27.5503,-30.0825,8.72517,0,
-27.5875,-30.0925,8.72533,0,
-27.5875,-30.1000,8.72550,0,
-27.6247,-30.1075,8.72567,0,
-27.6247,-30.1175,8.72583,0,
-27.6247,-30.1250,8.72600,0,
-27.6619,-30.1325,8.72617,0,
-27.6619,-30.1425,8.72633,0,
-27.6992,-30.1500,8.72650,0,
-27.7364,-30.1575,8.72667,0,
-27.7364,-30.1675,8.72683,0,
-27.7364,-30.1750,8.72700,0,
-27.7736,-30.1850,8.72717,0,
-27.7736,-30.1925,8.72733,0,
-27.8109,-30.2000,8.72750,0,
-27.8109,-30.2075,8.72767,0,
-27.8481,-30.2175,8.72783,0,
-27.8481,-30.2250,8.72800,0,
-27.8853,-30.2325,8.72817,0,
-27.8853,-30.2425,8.72833,0,
-27.8853,-30.2500,8.72850,0,
-27.9226,-30.2575,8.72867,0,
-27.9226,-30.2650,8.72883,0,
-27.9598,-30.2750,8.72900,0,
-27.9598,-30.2825,8.72917,0,
-27.9598,-30.2900,8.72933,0,
-27.9970,-30.3000,8.72950,0,
-27.9970,-30.3075,8.72967,0,
-27.9970,-30.3150,8.72983,0,
-28.0343,-30.3250,8.73000,0,
-28.0343,-30.3325,8.73017,0,
-28.0715,-30.3400,8.73033,0,
-28.0715,-30.3500,8.73050,0,
-28.1087,-30.3575,8.73067,0,
-28.1087,-30.3650,8.73083,0,
-28.1459,-30.3750,8.73100,0,
-28.1459,-30.3825,8.73117,0,
-28.1832,-30.3900,8.73133,0,
-28.1832,-30.3975,8.73150,0,
-28.1832,-30.4050,8.73167,0,
-28.2204,-30.4150,8.73183,0,
-28.2204,-30.4225,8.73200,0,
-28.2576,-30.4300,8.73217,0,
-28.2576,-30.4400,8.73233,0,
-28.2576,-30.4475,8.73250,0,
-28.2949,-30.4575,8.73267,0,
-28.2949,-30.4650,8.73283,0,
-28.3321,-30.4725,8.73300,0,
-28.3321,-30.4825,8.73317,0,
-28.3693,-30.4900,8.73333,0,
-28.3693,-30.5000,8.73350,0,
-28.4066,-30.5075,8.73367,0,
-28.4066,-30.5150,8.73383,0,
-28.4438,-30.5250,8.73400,0,
-28.4810,-30.5325,8.73417,0,
-28.4810,-30.5400,8.73433,0,
-28.4810,-30.5500,8.73450,0,
-28.5182,-30.5575,8.73467,0,
-28.5182,-30.5650,8.73483,0,
-28.5555,-30.5750,8.73500,0,
-28.5555,-30.5825,8.73517,0,
-28.5927,-30.5900,8.73533,0,
-28.5927,-30.6000,8.73550,0,
-28.5927,-30.6075,8.73567,0,
-28.6299,-30.6175,8.73583,0,
-28.6299,-30.6250,8.73600,0,
-28.6672,-30.6350,8.73617,0,
-28.6672,-30.6425,8.73633,0,
-28.7044,-30.6500,8.73650,0,
-28.7044,-30.6600,8.73667,0,
-28.7044,-30.6675,8.73683,0,
-28.7416,-30.6750,8.73700,0,
-28.7044,-30.6800,8.73717,0,
-28.7044,-30.6825,8.73733,0,
-28.6672,-30.6850,8.73750,0,
-28.6672,-30.6900,8.73767,0,
-28.6672,-30.6975,8.73783,0,
-28.7044,-30.7025,8.73800,0,
-28.7044,-30.7075,8.73817,0,
-28.7044,-30.7125,8.73833,0,
-28.6672,-30.7150,8.73850,0,
-28.6672,-30.7200,8.73867,0,
-28.6672,-30.7250,8.73883,0,
-28.6672,-30.7275,8.73900,0,
-28.6299,-30.7275,8.73917,0,
-28.5927,-30.7275,8.73933,0,
-28.5555,-30.7250,8.73950,0,
-28.5555,-30.7275,8.73967,0,
-28.5182,-30.7275,8.73983,0,
-28.4810,-30.7275,8.74000,0,
-28.4810,-30.7275,8.74017,0,
-28.4438,-30.7275,8.74033,0,
-28.4438,-30.7275,8.74050,0,
-28.4066,-30.7275,8.74067,0,
-28.4066,-30.7275,8.74083,0,
-28.4066,-30.7275,8.74100,0,
-28.3693,-30.7275,8.74117,0,
-28.3321,-30.7225,8.74133,0,
-28.3321,-30.7200,8.74150,0,
-28.2949,-30.7175,8.74167,0,
-28.2576,-30.7150,8.74183,0,
-28.2204,-30.7150,8.74200,0,
-28.2204,-30.7125,8.74217,0,
-28.1832,-30.7125,8.74233,0,
-28.1832,-30.7125,8.74250,0,
-28.1459,-30.7100,8.74267,0,
-28.1459,-30.7100,8.74283,0,
-28.1087,-30.7075,8.74300,0,
-28.0715,-30.7050,8.74317,0,
-28.0343,-30.7050,8.74333,0,
-28.0343,-30.7025,8.74350,0,
-27.9970,-30.6975,8.74367,0,
-27.9598,-30.6950,8.74383,0,
-27.9226,-30.6900,8.74400,0,
-27.8853,-30.6875,8.74417,0,
-27.8481,-30.6850,8.74433,0,
-27.8109,-30.6825,8.74450,0,
-27.7736,-30.6775,8.74467,0,
-27.7364,-30.6750,8.74483,0,
-27.7364,-30.6700,8.74500,0,
-27.6992,-30.6675,8.74517,0,
-27.6247,-30.6625,8.74533,0,
-27.6247,-30.6600,8.74550,0,
-27.5875,-30.6550,8.74567,0,
-27.5503,-30.6525,8.74583,0,
-27.5130,-30.6475,8.74600,0,
-27.4758,-30.6425,8.74617,0,
-27.4386,-30.6375,8.74633,0,
-27.4013,-30.6325,8.74650,0,
-27.3641,-30.6275,8.74667,0,
-27.3269,-30.6250,8.74683,0,
-27.2896,-30.6200,8.74700,0,
-27.2524,-30.6150,8.74717,0,
-27.2152,-30.6075,8.74733,0,
-27.1407,-30.6025,8.74750,0,
-27.1035,-30.5975,8.74767,0,
-27.0663,-30.5925,8.74783,0,
-27.0290,-30.5875,8.74800,0,
-26.9918,-30.5800,8.74817,0,
-26.9546,-30.5750,8.74833,0,
-26.8801,-30.5700,8.74850,0,
-26.8429,-30.5650,8.74867,0,
-26.8057,-30.5575,8.74883,0,
-26.7684,-30.5525,8.74900,0,
-26.6940,-30.5450,8.74917,0,
-26.6567,-30.5400,8.74933,0,
-26.6195,-30.5350,8.74950,0,
-26.5823,-30.5275,8.74967,0,
-26.5450,-30.5225,8.74983,0,
-26.5078,-30.5175,8.75000,0,
-26.4706,-30.5100,8.75017,0,
-26.4334,-30.5050,8.75033,0,
-26.3961,-30.4975,8.75050,0,
-26.3589,-30.4925,8.75067,0,
-26.3217,-30.4850,8.75083,0,
-26.2844,-30.4800,8.75100,0,
-26.2472,-30.4750,8.75117,0,
-26.1727,-30.4675,8.75133,0,
-26.1355,-30.4600,8.75150,0,
-26.0983,-30.4550,8.75167,0,
-26.0611,-30.4475,8.75183,0,
-26.0238,-30.4400,8.75200,0,
-25.9494,-30.4350,8.75217,0,
-25.9121,-30.4275,8.75233,0,
-25.8749,-30.4200,8.75250,0,
-25.8377,-30.4150,8.75267,0,
-25.8004,-30.4075,8.75283,0,
-25.7632,-30.4000,8.75300,0,
-25.7260,-30.3925,8.75317,0,
-25.6515,-30.3850,8.75333,0,
-25.6143,-30.3775,8.75350,0,
-25.5771,-30.3725,8.75367,0,
-25.5398,-30.3650,8.75383,0,
-25.4654,-30.3575,8.75400,0,
-25.4281,-30.3500,8.75417,0,
-25.3909,-30.3425,8.75433,0,
-25.3537,-30.3350,8.75450,0,
-25.3165,-30.3275,8.75467,0,
-25.2792,-30.3200,8.75483,0,
-25.2420,-30.3125,8.75500,0,
-25.2048,-30.3050,8.75517,0,
-25.1675,-30.3000,8.75533,0,
-25.1303,-30.2925,8.75550,0,
-25.1303,-30.2850,8.75567,0,
-25.0558,-30.2775,8.75583,0,
-25.0558,-30.2700,8.75600,0,
-25.0186,-30.2625,8.75617,0,
-24.9814,-30.2550,8.75633,0,
-24.9442,-30.2475,8.75650,0,
-24.9069,-30.2400,8.75667,0,
-24.8697,-30.2325,8.75683,0,
-24.8325,-30.2250,8.75700,0,
-24.7952,-30.2175,8.75717,0,
-24.7580,-30.2100,8.75733,0,
-24.7208,-30.2000,8.75750,0,
-24.6835,-30.1925,8.75767,0,
-24.6463,-30.1850,8.75783,0,
-24.6091,-30.1775,8.75800,0,
-24.5719,-30.1700,8.75817,0,
-24.5346,-30.1600,8.75833,0,
-24.4974,-30.1525,8.75850,0,
-24.4602,-30.1450,8.75867,0,
-24.4229,-30.1375,8.75883,0,
-24.4229,-30.1300,8.75900,0,
-24.3857,-30.1225,8.75917,0,
-24.3485,-30.1150,8.75933,0,
-24.3112,-30.1050,8.75950,0,
-24.2740,-30.0975,8.75967,0,
-24.2368,-30.0900,8.75983,0,
-24.1623,-30.0825,8.76000,0,
-24.1623,-30.0750,8.76017,0,
-24.1251,-30.0675,8.76033,0,
-24.0879,-30.0575,8.76050,0,
-24.0506,-30.0500,8.76067,0,
-24.0134,-30.0400,8.76083,0,
-23.9762,-30.0325,8.76100,0,
-23.9389,-30.0250,8.76117,0,
-23.9017,-30.0150,8.76133,0,
-23.8645,-30.0075,8.76150,0,
-23.8273,-30.0000,8.76167,0,
-23.8273,-29.9925,8.76183,0,
-23.7900,-29.9850,8.76200,0,
-23.7528,-29.9750,8.76217,0,
-23.7156,-29.9675,8.76233,0,
-23.7156,-29.9600,8.76250,0,
-23.6783,-29.9525,8.76267,0,
-23.6411,-29.9425,8.76283,0,
-23.6039,-29.9350,8.76300,0,
-23.5666,-29.9275,8.76317,0,
-23.5294,-29.9200,8.76333,0,
-23.4922,-29.9100,8.76350,0,
-23.4922,-29.9025,8.76367,0,
-23.4550,-29.8950,8.76383,0,
-23.4177,-29.8850,8.76400,0,
-23.3805,-29.8775,8.76417,0,
-23.3433,-29.8700,8.76433,0,
-23.3433,-29.8600,8.76450,0,
-23.3060,-29.8525,8.76467,0,
-23.2688,-29.8450,8.76483,0,
-23.2316,-29.8350,8.76500,0,
-23.2316,-29.8275,8.76517,0,
-23.1943,-29.8200,8.76533,0,
-23.1571,-29.8125,8.76550,0,
-23.1199,-29.8025,8.76567,0,
-23.0826,-29.7950,8.76583,0,
-23.0826,-29.7875,8.76600,0,
-23.0454,-29.7775,8.76617,0,
-23.0082,-29.7700,8.76633,0,
-22.9710,-29.7625,8.76650,0,
-22.9337,-29.7525,8.76667,0,
-22.8965,-29.7450,8.76683,0,
-22.8593,-29.7375,8.76700,0,
-22.8593,-29.7275,8.76717,0,
-22.8220,-29.7200,8.76733,0,
-22.7848,-29.7100,8.76750,0,
-22.7476,-29.7025,8.76767,0,
-22.7104,-29.6950,8.76783,0,
-22.6731,-29.6850,8.76800,0,
-22.6731,-29.6775,8.76817,0,
-22.6359,-29.6675,8.76833,0,
-22.5987,-29.6600,8.76850,0,
-22.5614,-29.6525,8.76867,0,
-22.5242,-29.6450,8.76883,0,
-22.5242,-29.6350,8.76900,0,
-22.4870,-29.6275,8.76917,0,
-22.4497,-29.6200,8.76933,0,
-22.4125,-29.6100,8.76950,0,
-22.3753,-29.6025,8.76967,0,
-22.3380,-29.5950,8.76983,0,
-22.3008,-29.5875,8.77000,0,
-22.2636,-29.5775,8.77017,0,
-22.2636,-29.5700,8.77033,0,
-22.2264,-29.5625,8.77050,0,
-22.1891,-29.5525,8.77067,0,
-22.1519,-29.5450,8.77083,0,
-22.1519,-29.5350,8.77100,0,
-22.1147,-29.5275,8.77117,0,
-22.0774,-29.5200,8.77133,0,
-22.0402,-29.5100,8.77150,0,
-22.0030,-29.5025,8.77167,0,
-22.0030,-29.4950,8.77183,0,
-21.9657,-29.4850,8.77200,0,
-21.9285,-29.4775,8.77217,0,
-21.8913,-29.4700,8.77233,0,
-21.8913,-29.4600,8.77250,0,
-21.8541,-29.4525,8.77267,0,
-21.8168,-29.4450,8.77283,0,
-21.7796,-29.4350,8.77300,0,
-21.7424,-29.4275,8.77317,0,
-21.7424,-29.4200,8.77333,0,
-21.7051,-29.4100,8.77350,0,
-21.7051,-29.4025,8.77367,0,
-21.6679,-29.3950,8.77383,0,
-21.6307,-29.3875,8.77400,0,
-21.6307,-29.3775,8.77417,0,
-21.5934,-29.3700,8.77433,0,
-21.5934,-29.3600,8.77450,0,
-21.5562,-29.3525,8.77467,0,
-21.5190,-29.3450,8.77483,0,
-21.5190,-29.3350,8.77500,0,
-21.4818,-29.3275,8.77517,0,
-21.4445,-29.3200,8.77533,0,
-21.4073,-29.3100,8.77550,0,
-21.4073,-29.3025,8.77567,0,
-21.3701,-29.2950,8.77583,0,
-21.3328,-29.2850,8.77600,0,
-21.2956,-29.2775,8.77617,0,
-21.2584,-29.2700,8.77633,0,
-21.2584,-29.2600,8.77650,0,
-21.2211,-29.2525,8.77667,0,
-21.1839,-29.2450,8.77683,0,
-21.1839,-29.2375,8.77700,0,
-21.1467,-29.2275,8.77717,0,
-21.1095,-29.2200,8.77733,0,
-21.0722,-29.2125,8.77750,0,
-21.0722,-29.2025,8.77767,0,
-21.0350,-29.1950,8.77783,0,
-20.9978,-29.1875,8.77800,0,
-20.9978,-29.1775,8.77817,0,
-20.9605,-29.1700,8.77833,0,
-20.9233,-29.1600,8.77850,0,
-20.8861,-29.1525,8.77867,0,
-20.8861,-29.1450,8.77883,0,
-20.8488,-29.1375,8.77900,0,
-20.8116,-29.1275,8.77917,0,
-20.7744,-29.1200,8.77933,0,
-20.7744,-29.1125,8.77950,0,
-20.7372,-29.1025,8.77967,0,
-20.6999,-29.0950,8.77983,0,
-20.6999,-29.0875,8.78000,0,
-20.6255,-29.0775,8.78017,0,
-20.6255,-29.0700,8.78033,0,
-20.5882,-29.0600,8.78050,0,
-20.5510,-29.0525,8.78067,0,
-20.5138,-29.0425,8.78083,0,
-20.5138,-29.0350,8.78100,0,
-20.4765,-29.0275,8.78117,0,
-20.4393,-29.0175,8.78133,0,
-20.4393,-29.0100,8.78150,0,
-20.4021,-29.0025,8.78167,0,
-20.3649,-28.9925,8.78183,0,
-20.3276,-28.9850,8.78200,0,
-20.3276,-28.9775,8.78217,0,
-20.2904,-28.9675,8.78233,0,
-20.2532,-28.9600,8.78250,0,
-20.2532,-28.9525,8.78267,0,
-20.2159,-28.9425,8.78283,0,
-20.1787,-28.9350,8.78300,0,
-20.1415,-28.9275,8.78317,0,
-20.1415,-28.9200,8.78333,0,
-20.1042,-28.9100,8.78350,0,
-20.0670,-28.9025,8.78367,0,
-20.0298,-28.8950,8.78383,0,
-20.0298,-28.8850,8.78400,0,
-19.9926,-28.8775,8.78417,0,
-19.9553,-28.8700,8.78433,0,
-19.9553,-28.8600,8.78450,0,
-19.9181,-28.8525,8.78467,0,
-19.8809,-28.8450,8.78483,0,
-19.8436,-28.8350,8.78500,0,
-19.8436,-28.8275,8.78517,0,
-19.8064,-28.8175,8.78533,0,
-19.7692,-28.8100,8.78550,0,
-19.7319,-28.8025,8.78567,0,
-19.7319,-28.7950,8.78583,0,
-19.6947,-28.7850,8.78600,0,
-19.6575,-28.7775,8.78617,0,
-19.6203,-28.7675,8.78633,0,
-19.6203,-28.7600,8.78650,0,
-19.5830,-28.7525,8.78667,0,
-19.5830,-28.7450,8.78683,0,
-19.5458,-28.7350,8.78700,0,
-19.5086,-28.7275,8.78717,0,
-19.4713,-28.7200,8.78733,0,
-19.4713,-28.7100,8.78750,0,
-19.4341,-28.7025,8.78767,0,
-19.3969,-28.6925,8.78783,0,
-19.3596,-28.6850,8.78800,0,
-19.3596,-28.6775,8.78817,0,
-19.3224,-28.6675,8.78833,0,
-19.3224,-28.6600,8.78850,0,
-19.2852,-28.6525,8.78867,0,
-19.2480,-28.6425,8.78883,0,
-19.2480,-28.6350,8.78900,0,
-19.2107,-28.6275,8.78917,0,
-19.1735,-28.6175,8.78933,0,
-19.1363,-28.6100,8.78950,0,
-19.1363,-28.6025,8.78967,0,
-19.0990,-28.5925,8.78983,0,
-19.0990,-28.5850,8.79000,0,
-19.0618,-28.5775,8.79017,0,
-19.0618,-28.5675,8.79033,0,
-19.0246,-28.5600,8.79050,0,
-18.9873,-28.5525,8.79067,0,
-18.9501,-28.5425,8.79083,0,
-18.9501,-28.5350,8.79100,0,
-18.9129,-28.5250,8.79117,0,
-18.9129,-28.5175,8.79133,0,
-18.8757,-28.5100,8.79150,0,
-18.8757,-28.5000,8.79167,0,
-18.8384,-28.4925,8.79183,0,
-18.8384,-28.4850,8.79200,0,
-18.8012,-28.4750,8.79217,0,
-18.7640,-28.4675,8.79233,0,
-18.7267,-28.4600,8.79250,0,
-18.7267,-28.4500,8.79267,0,
-18.6895,-28.4425,8.79283,0,
-18.6895,-28.4325,8.79300,0,
-18.6523,-28.4250,8.79317,0,
-18.6523,-28.4175,8.79333,0,
-18.6150,-28.4075,8.79350,0,
-18.5778,-28.4000,8.79367,0,
-18.5778,-28.3925,8.79383,0,
-18.5406,-28.3825,8.79400,0,
-18.5033,-28.3750,8.79417,0,
-18.5033,-28.3650,8.79433,0,
-18.4661,-28.3575,8.79450,0,
-18.4289,-28.3475,8.79467,0,
-18.3917,-28.3400,8.79483,0,
-18.3917,-28.3300,8.79500,0,
-18.3544,-28.3225,8.79517,0,
-18.3544,-28.3150,8.79533,0,
-18.3172,-28.3050,8.79550,0,
-18.3172,-28.2975,8.79567,0,
-18.2800,-28.2900,8.79583,0,
-18.2427,-28.2800,8.79600,0,
-18.2055,-28.2725,8.79617,0,
-18.2055,-28.2650,8.79633,0,
-18.1683,-28.2575,8.79650,0,
-18.1311,-28.2475,8.79667,0,
-18.1311,-28.2400,8.79683,0,
-18.0938,-28.2325,8.79700,0,
-18.0566,-28.2225,8.79717,0,
-18.0566,-28.2150,8.79733,0,
-18.0194,-28.2075,8.79750,0,
-17.9821,-28.1975,8.79767,0,
-17.9821,-28.1900,8.79783,0,
-17.9449,-28.1800,8.79800,0,
-17.9077,-28.1725,8.79817,0,
-17.9077,-28.1650,8.79833,0,
-17.8704,-28.1550,8.79850,0,
-17.8332,-28.1475,8.79867,0,
-17.8332,-28.1400,8.79883,0,
-17.7960,-28.1325,8.79900,0,
-17.7587,-28.1225,8.79917,0,
-17.7587,-28.1150,8.79933,0,
-17.7215,-28.1075,8.79950,0,
-17.6843,-28.1000,8.79967,0,
-17.6843,-28.0900,8.79983,0,
-17.6471,-28.0825,8.80000,0,
-17.6098,-28.0750,8.80017,0,
-17.6098,-28.0650,8.80033,0,
-17.5726,-28.0575,8.80050,0,
-17.5354,-28.0500,8.80067,0,
-17.5354,-28.0400,8.80083,0,
-17.4981,-28.0325,8.80100,0,
-17.4609,-28.0250,8.80117,0,
-17.4609,-28.0150,8.80133,0,
-17.4237,-28.0075,8.80150,0,
-17.3864,-27.9975,8.80167,0,
-17.3864,-27.9900,8.80183,0,
-17.3492,-27.9825,8.80200,0,
-17.3120,-27.9750,8.80217,0,
-17.3120,-27.9650,8.80233,0,
-17.2748,-27.9575,8.80250,0,
-17.2375,-27.9500,8.80267,0,
-17.2375,-27.9400,8.80283,0,
-17.2003,-27.9325,8.80300,0,
-17.1631,-27.9250,8.80317,0,
-17.1631,-27.9150,8.80333,0,
-17.1258,-27.9075,8.80350,0,
-17.0886,-27.9000,8.80367,0,
-17.0886,-27.8900,8.80383,0,
-17.0514,-27.8825,8.80400,0,
-17.0514,-27.8725,8.80417,0,
-17.0141,-27.8650,8.80433,0,
-17.0141,-27.8575,8.80450,0,
-16.9769,-27.8475,8.80467,0,
-16.9397,-27.8400,8.80483,0,
-16.9397,-27.8300,8.80500,0,
-16.9397,-27.8225,8.80517,0,
-16.9025,-27.8150,8.80533,0,
-16.9025,-27.8075,8.80550,0,
-16.8652,-27.7975,8.80567,0,
-16.8652,-27.7900,8.80583,0,
-16.8280,-27.7825,8.80600,0,
-16.8280,-27.7725,8.80617,0,
-16.7908,-27.7650,8.80633,0,
-16.7535,-27.7550,8.80650,0,
-16.7535,-27.7475,8.80667,0,
-16.7163,-27.7400,8.80683,0,
-16.6791,-27.7300,8.80700,0,
-16.6418,-27.7225,8.80717,0,
-16.6418,-27.7125,8.80733,0,
-16.6046,-27.7050,8.80750,0,
-16.5674,-27.6950,8.80767,0,
-16.5674,-27.6875,8.80783,0,
-16.5302,-27.6800,8.80800,0,
-16.4929,-27.6700,8.80817,0,
-16.4929,-27.6625,8.80833,0,
-16.4557,-27.6525,8.80850,0,
-16.4557,-27.6450,8.80867,0,
-16.4185,-27.6375,8.80883,0,
-16.3812,-27.6300,8.80900,0,
-16.3812,-27.6200,8.80917,0,
-16.3440,-27.6125,8.80933,0,
-16.3440,-27.6050,8.80950,0,
-16.3068,-27.5950,8.80967,0,
-16.3068,-27.5875,8.80983,0,
-16.2695,-27.5800,8.81000,0,
-16.2695,-27.5725,8.81017,0,
-16.2323,-27.5625,8.81033,0,
-16.2323,-27.5550,8.81050,0,
-16.1951,-27.5450,8.81067,0,
-16.1579,-27.5375,8.81083,0,
-16.1579,-27.5300,8.81100,0,
-16.1206,-27.5200,8.81117,0,
-16.0834,-27.5125,8.81133,0,
-16.0834,-27.5050,8.81150,0,
-16.0462,-27.4950,8.81167,0,
-16.0089,-27.4875,8.81183,0,
-15.9717,-27.4800,8.81200,0,
-15.9717,-27.4700,8.81217,0,
-15.9345,-27.4625,8.81233,0,
-15.8972,-27.4550,8.81250,0,
-15.8972,-27.4450,8.81267,0,
-15.8600,-27.4375,8.81283,0,
-15.8228,-27.4300,8.81300,0,
-15.7856,-27.4200,8.81317,0,
-15.7856,-27.4125,8.81333,0,
-15.7483,-27.4050,8.81350,0,
-15.7111,-27.3950,8.81367,0,
-15.7111,-27.3875,8.81383,0,
-15.6739,-27.3775,8.81400,0,
-15.6739,-27.3700,8.81417,0,
-15.6366,-27.3625,8.81433,0,
-15.6366,-27.3525,8.81450,0,
-15.5994,-27.3450,8.81467,0,
-15.5622,-27.3350,8.81483,0,
-15.5249,-27.3275,8.81500,0,
-15.5249,-27.3175,8.81517,0,
-15.4877,-27.3100,8.81533,0,
-15.4877,-27.3025,8.81550,0,
-15.4505,-27.2925,8.81567,0,
-15.4133,-27.2850,8.81583,0,
-15.4133,-27.2775,8.81600,0,
-15.3760,-27.2675,8.81617,0,
-15.3388,-27.2600,8.81633,0,
-15.3388,-27.2525,8.81650,0,
-15.3016,-27.2425,8.81667,0,
-15.2643,-27.2350,8.81683,0,
-15.2643,-27.2275,8.81700,0,
-15.2271,-27.2175,8.81717,0,
-15.1899,-27.2100,8.81733,0,
-15.1899,-27.2000,8.81750,0,
-15.1526,-27.1925,8.81767,0,
-15.1154,-27.1825,8.81783,0,
-15.1154,-27.1750,8.81800,0,
-15.0782,-27.1675,8.81817,0,
-15.0782,-27.1575,8.81833,0,
-15.0410,-27.1500,8.81850,0,
-15.0037,-27.1425,8.81867,0,
-15.0037,-27.1325,8.81883,0,
-14.9665,-27.1250,8.81900,0,
-14.9293,-27.1175,8.81917,0,
-14.9293,-27.1075,8.81933,0,
-14.8920,-27.1000,8.81950,0,
-14.8920,-27.0925,8.81967,0,
-14.8548,-27.0850,8.81983,0,
-14.8548,-27.0750,8.82000,0,
-14.8176,-27.0675,8.82017,0,
-14.8176,-27.0600,8.82033,0,
-14.7803,-27.0500,8.82050,0,
-14.7431,-27.0425,8.82067,0,
-14.7431,-27.0350,8.82083,0,
-14.7059,-27.0250,8.82100,0,
-14.7059,-27.0175,8.82117,0,
-14.6687,-27.0075,8.82133,0,
-14.6314,-27.0000,8.82150,0,
-14.6314,-26.9925,8.82167,0,
-14.5942,-26.9825,8.82183,0,
-14.5942,-26.9750,8.82200,0,
-14.5570,-26.9675,8.82217,0,
-14.5570,-26.9600,8.82233,0,
-14.5197,-26.9500,8.82250,0,
-14.5197,-26.9425,8.82267,0,
-14.4825,-26.9325,8.82283,0,
-14.4825,-26.9250,8.82300,0,
-14.4453,-26.9175,8.82317,0,
-14.4080,-26.9100,8.82333,0,
-14.4080,-26.9000,8.82350,0,
-14.3708,-26.8925,8.82367,0,
-14.3708,-26.8850,8.82383,0,
-14.3336,-26.8750,8.82400,0,
-14.2964,-26.8675,8.82417,0,
-14.2964,-26.8600,8.82433,0,
-14.2591,-26.8500,8.82450,0,
-14.2219,-26.8425,8.82467,0,
-14.2219,-26.8350,8.82483,0,
-14.1847,-26.8250,8.82500,0,
-14.1847,-26.8175,8.82517,0,
-14.1474,-26.8100,8.82533,0,
-14.1102,-26.8025,8.82550,0,
-14.1102,-26.7925,8.82567,0,
-14.0730,-26.7850,8.82583,0,
-14.0730,-26.7775,8.82600,0,
-14.0357,-26.7675,8.82617,0,
-13.9985,-26.7600,8.82633,0,
-13.9985,-26.7525,8.82650,0,
-13.9613,-26.7450,8.82667,0,
-13.9613,-26.7375,8.82683,0,
-13.9240,-26.7300,8.82700,0,
-13.9240,-26.7200,8.82717,0,
-13.8868,-26.7125,8.82733,0,
-13.8496,-26.7025,8.82750,0,
-13.8496,-26.6950,8.82767,0,
-13.8124,-26.6875,8.82783,0,
-13.7751,-26.6775,8.82800,0,
-13.7751,-26.6700,8.82817,0,
-13.7379,-26.6625,8.82833,0,
-13.7007,-26.6550,8.82850,0,
-13.7007,-26.6475,8.82867,0,
-13.6634,-26.6375,8.82883,0,
-13.6634,-26.6300,8.82900,0,
-13.6262,-26.6225,8.82917,0,
-13.5890,-26.6150,8.82933,0,
-13.5890,-26.6050,8.82950,0,
-13.5518,-26.5975,8.82967,0,
-13.5518,-26.5900,8.82983,0,
-13.5145,-26.5825,8.83000,0,
-13.4773,-26.5725,8.83017,0,
-13.4773,-26.5650,8.83033,0,
-13.4401,-26.5575,8.83050,0,
-13.4028,-26.5475,8.83067,0,
-13.4028,-26.5400,8.83083,0,
-13.3656,-26.5325,8.83100,0,
-13.3284,-26.5250,8.83117,0,
-13.3284,-26.5150,8.83133,0,
-13.2911,-26.5075,8.83150,0,
-13.2539,-26.5000,8.83167,0,
-13.2539,-26.4900,8.83183,0,
-13.2167,-26.4825,8.83200,0,
-13.2167,-26.4750,8.83217,0,
-13.1794,-26.4650,8.83233,0,
-13.1422,-26.4575,8.83250,0,
-13.1422,-26.4500,8.83267,0,
-13.1050,-26.4400,8.83283,0,
-13.0678,-26.4325,8.83300,0,
-13.0678,-26.4250,8.83317,0,
-13.0305,-26.4175,8.83333,0,
-13.0305,-26.4075,8.83350,0,
-12.9933,-26.4000,8.83367,0,
-12.9933,-26.3925,8.83383,0,
-12.9561,-26.3825,8.83400,0,
-12.9188,-26.3750,8.83417,0,
-12.8816,-26.3675,8.83433,0,
-12.8816,-26.3575,8.83450,0,
-12.8444,-26.3500,8.83467,0,
-12.8444,-26.3400,8.83483,0,
-12.8071,-26.3325,8.83500,0,
-12.8071,-26.3250,8.83517,0,
-12.7699,-26.3150,8.83533,0,
-12.7699,-26.3075,8.83550,0,
-12.7327,-26.3000,8.83567,0,
-12.7327,-26.2900,8.83583,0,
-12.6955,-26.2825,8.83600,0,
-12.6955,-26.2750,8.83617,0,
-12.6582,-26.2650,8.83633,0,
-12.6210,-26.2575,8.83650,0,
-12.6210,-26.2500,8.83667,0,
-12.5838,-26.2425,8.83683,0,
-12.5838,-26.2325,8.83700,0,
-12.5465,-26.2250,8.83717,0,
-12.5093,-26.2175,8.83733,0,
-12.5093,-26.2075,8.83750,0,
-12.4721,-26.2000,8.83767,0,
-12.4721,-26.1925,8.83783,0,
-12.4348,-26.1825,8.83800,0,
-12.3976,-26.1750,8.83817,0,
-12.3976,-26.1675,8.83833,0,
-12.3604,-26.1575,8.83850,0,
-12.3604,-26.1500,8.83867,0,
-12.3232,-26.1425,8.83883,0,
-12.3232,-26.1325,8.83900,0,
-12.2859,-26.1250,8.83917,0,
-12.2859,-26.1175,8.83933,0,
-12.2487,-26.1075,8.83950,0,
-12.2487,-26.1000,8.83967,0,
-12.2115,-26.0925,8.83983,0,
-12.2115,-26.0825,8.84000,0,
-12.1742,-26.0750,8.84017,0,
-12.1742,-26.0675,8.84033,0,
-12.1370,-26.0575,8.84050,0,
-12.1370,-26.0500,8.84067,0,
-12.0998,-26.0425,8.84083,0,
-12.0998,-26.0325,8.84100,0,
-12.0998,-26.0250,8.84117,0,
-12.0625,-26.0150,8.84133,0,
-12.0625,-26.0075,8.84150,0,
-12.0625,-26.0000,8.84167,0,
-12.0253,-25.9900,8.84183,0,
-12.0253,-25.9825,8.84200,0,
-11.9881,-25.9750,8.84217,0,
-11.9881,-25.9650,8.84233,0,
-11.9881,-25.9575,8.84250,0,
-11.9509,-25.9500,8.84267,0,
-11.9136,-25.9400,8.84283,0,
-11.9136,-25.9325,8.84300,0,
-11.9136,-25.9250,8.84317,0,
-11.8764,-25.9175,8.84333,0,
-11.8764,-25.9075,8.84350,0,
-11.8392,-25.9000,8.84367,0,
-11.8392,-25.8925,8.84383,0,
-11.8392,-25.8825,8.84400,0,
-11.8019,-25.8750,8.84417,0,
-11.8019,-25.8675,8.84433,0,
-11.8019,-25.8575,8.84450,0,
-11.7647,-25.8500,8.84467,0,
-11.7647,-25.8425,8.84483,0,
-11.7647,-25.8325,8.84500,0,
-11.7275,-25.8250,8.84517,0,
-11.7275,-25.8175,8.84533,0,
-11.7275,-25.8075,8.84550,0,
-11.6902,-25.8000,8.84567,0,
-11.6902,-25.7925,8.84583,0,
-11.6902,-25.7850,8.84600,0,
-11.6530,-25.7750,8.84617,0,
-11.6530,-25.7675,8.84633,0,
-11.6530,-25.7600,8.84650,0,
-11.6158,-25.7500,8.84667,0,
-11.6158,-25.7425,8.84683,0,
-11.6158,-25.7350,8.84700,0,
-11.5786,-25.7275,8.84717,0,
-11.5786,-25.7175,8.84733,0,
-11.5413,-25.7100,8.84750,0,
-11.5413,-25.7000,8.84767,0,
-11.5413,-25.6925,8.84783,0,
-11.5041,-25.6825,8.84800,0,
-11.5041,-25.6750,8.84817,0,
-11.5041,-25.6650,8.84833,0,
-11.4669,-25.6575,8.84850,0,
-11.4669,-25.6500,8.84867,0,
-11.4296,-25.6425,8.84883,0,
-11.4296,-25.6325,8.84900,0,
-11.4296,-25.6250,8.84917,0,
-11.3924,-25.6175,8.84933,0,
-11.3924,-25.6075,8.84950,0,
-11.3924,-25.6000,8.84967,0,
-11.3924,-25.5925,8.84983,0,
-11.3924,-25.5850,8.85000,0,
-11.3552,-25.5750,8.85017,0,
-11.3552,-25.5675,8.85033,0,
-11.3552,-25.5600,8.85050,0,
-11.3179,-25.5500,8.85067,0,
-11.3179,-25.5425,8.85083,0,
-11.3179,-25.5350,8.85100,0,
-11.2807,-25.5250,8.85117,0,
-11.2807,-25.5175,8.85133,0,
-11.2807,-25.5075,8.85150,0,
-11.2807,-25.5000,8.85167,0,
-11.2435,-25.4925,8.85183,0,
-11.2435,-25.4850,8.85200,0,
-11.2435,-25.4750,8.85217,0,
-11.2435,-25.4675,8.85233,0,
-11.2435,-25.4600,8.85250,0,
-11.2063,-25.4525,8.85267,0,
-11.2063,-25.4425,8.85283,0,
-11.2063,-25.4350,8.85300,0,
-11.2063,-25.4275,8.85317,0,
-11.1690,-25.4175,8.85333,0,
-11.1690,-25.4100,8.85350,0,
-11.1690,-25.4025,8.85367,0,
-11.1690,-25.3925,8.85383,0,
-11.1690,-25.3850,8.85400,0,
-11.1318,-25.3750,8.85417,0,
-11.1318,-25.3675,8.85433,0,
-11.1318,-25.3575,8.85450,0,
-11.0946,-25.3500,8.85467,0,
-11.0946,-25.3425,8.85483,0,
-11.0946,-25.3325,8.85500,0,
-11.0946,-25.3250,8.85517,0,
-11.0573,-25.3150,8.85533,0,
-11.0573,-25.3075,8.85550,0,
-11.0573,-25.3000,8.85567,0,
-11.0573,-25.2900,8.85583,0,
-11.0201,-25.2825,8.85600,0,
-11.0201,-25.2750,8.85617,0,
-11.0201,-25.2650,8.85633,0,
-11.0201,-25.2575,8.85650,0,
-10.9829,-25.2500,8.85667,0,
-10.9829,-25.2425,8.85683,0,
-10.9829,-25.2325,8.85700,0,
-10.9456,-25.2250,8.85717,0,
-10.9456,-25.2175,8.85733,0,
-10.9456,-25.2075,8.85750,0,
-10.9456,-25.2000,8.85767,0,
-10.9456,-25.1900,8.85783,0,
-10.9084,-25.1825,8.85800,0,
-10.9084,-25.1750,8.85817,0,
-10.9084,-25.1650,8.85833,0,
-10.9084,-25.1575,8.85850,0,
-10.8712,-25.1500,8.85867,0,
-10.8712,-25.1400,8.85883,0,
-10.8712,-25.1325,8.85900,0,
-10.8712,-25.1250,8.85917,0,
-10.8340,-25.1150,8.85933,0,
-10.8340,-25.1075,8.85950,0,
-10.8340,-25.0975,8.85967,0,
-10.7967,-25.0900,8.85983,0,
-10.7967,-25.0825,8.86000,0,
-10.7967,-25.0725,8.86017,0,
-10.7967,-25.0650,8.86033,0,
-10.7595,-25.0550,8.86050,0,
-10.7595,-25.0475,8.86067,0,
-10.7595,-25.0375,8.86083,0,
-10.7595,-25.0300,8.86100,0,
-10.7223,-25.0200,8.86117,0,
-10.7223,-25.0125,8.86133,0,
-10.7223,-25.0025,8.86150,0,
-10.7223,-24.9950,8.86167,0,
-10.6850,-24.9875,8.86183,0,
-10.6850,-24.9775,8.86200,0,
-10.6850,-24.9700,8.86217,0,
-10.6478,-24.9625,8.86233,0,
-10.6478,-24.9525,8.86250,0,
-10.6478,-24.9450,8.86267,0,
-10.6478,-24.9350,8.86283,0,
-10.6106,-24.9275,8.86300,0,
-10.6106,-24.9200,8.86317,0,
-10.6106,-24.9100,8.86333,0,
-10.6106,-24.9025,8.86350,0,
-10.5733,-24.8950,8.86367,0,
-10.5733,-24.8850,8.86383,0,
-10.5733,-24.8775,8.86400,0,
-10.5733,-24.8700,8.86417,0,
-10.5733,-24.8600,8.86433,0,
-10.5361,-24.8525,8.86450,0,
-10.5361,-24.8425,8.86467,0,
-10.5361,-24.8350,8.86483,0,
-10.5361,-24.8275,8.86500,0,
-10.4989,-24.8175,8.86517,0,
-10.4989,-24.8100,8.86533,0,
-10.4989,-24.8025,8.86550,0,
-10.4989,-24.7950,8.86567,0,
-10.4617,-24.7850,8.86583,0,
-10.4617,-24.7775,8.86600,0,
-10.4617,-24.7700,8.86617,0,
-10.4617,-24.7600,8.86633,0,
-10.4244,-24.7525,8.86650,0,
-10.4244,-24.7450,8.86667,0,
-10.4244,-24.7350,8.86683,0,
-10.3872,-24.7275,8.86700,0,
-10.3872,-24.7175,8.86717,0,
-10.3872,-24.7100,8.86733,0,
-10.3872,-24.7025,8.86750,0,
-10.3500,-24.6925,8.86767,0,
-10.3500,-24.6825,8.86783,0,
-10.3500,-24.6750,8.86800,0,
-10.3500,-24.6650,8.86817,0,
-10.3500,-24.6575,8.86833,0,
-10.3127,-24.6500,8.86850,0,
-10.3127,-24.6400,8.86867,0,
-10.3127,-24.6325,8.86883,0,
-10.3127,-24.6250,8.86900,0,
-10.3127,-24.6150,8.86917,0,
-10.2755,-24.6075,8.86933,0,
-10.2755,-24.5975,8.86950,0,
-10.2755,-24.5900,8.86967,0,
-10.2755,-24.5825,8.86983,0,
-10.2755,-24.5725,8.87000,0,
-10.2383,-24.5650,8.87017,0,
-10.2383,-24.5575,8.87033,0,
-10.2383,-24.5475,8.87050,0,
-10.2383,-24.5400,8.87067,0,
-10.2383,-24.5325,8.87083,0,
-10.2383,-24.5225,8.87100,0,
-10.2010,-24.5150,8.87117,0,
-10.2010,-24.5050,8.87133,0,
-10.2010,-24.4975,8.87150,0,
-10.2010,-24.4900,8.87167,0,
-10.2010,-24.4800,8.87183,0,
-10.1638,-24.4725,8.87200,0,
-10.1638,-24.4625,8.87217,0,
-10.1638,-24.4550,8.87233,0,
-10.1266,-24.4475,8.87250,0,
-10.1266,-24.4375,8.87267,0,
-10.1266,-24.4300,8.87283,0,
-10.1266,-24.4225,8.87300,0,
-10.1266,-24.4125,8.87317,0,
-10.0894,-24.4050,8.87333,0,
-10.0894,-24.3950,8.87350,0,
-10.0894,-24.3875,8.87367,0,
-10.0521,-24.3800,8.87383,0,
-10.0521,-24.3700,8.87400,0,
-10.0521,-24.3625,8.87417,0,
-10.0521,-24.3525,8.87433,0,
-10.0149,-24.3450,8.87450,0,
-10.0149,-24.3350,8.87467,0,
-10.0149,-24.3275,8.87483,0,
-10.0149,-24.3200,8.87500,0,
-10.0149,-24.3100,8.87517,0,
-9.9777,-24.3025,8.87533,0,
-9.9777,-24.2925,8.87550,0,
-9.9777,-24.2850,8.87567,0,
-9.9404,-24.2775,8.87583,0,
-9.9404,-24.2675,8.87600,0,
-9.9404,-24.2600,8.87617,0,
-9.9404,-24.2525,8.87633,0,
-9.9404,-24.2425,8.87650,0,
-9.9032,-24.2350,8.87667,0,
-9.9032,-24.2275,8.87683,0,
-9.9032,-24.2175,8.87700,0,
-9.8660,-24.2100,8.87717,0,
-9.8660,-24.2025,8.87733,0,
-9.8660,-24.1925,8.87750,0,
-9.8660,-24.1850,8.87767,0,
-9.8660,-24.1775,8.87783,0,
-9.8660,-24.1675,8.87800,0,
-9.8287,-24.1600,8.87817,0,
-9.8287,-24.1525,8.87833,0,
-9.8287,-24.1450,8.87850,0,
-9.8287,-24.1350,8.87867,0,
-9.8287,-24.1275,8.87883,0,
-9.8287,-24.1200,8.87900,0,
-9.7915,-24.1100,8.87917,0,
-9.7915,-24.1025,8.87933,0,
-9.7915,-24.0950,8.87950,0,
-9.7915,-24.0850,8.87967,0,
-9.7915,-24.0775,8.87983,0,
-9.7915,-24.0700,8.88000,0,
-9.7543,-24.0600,8.88017,0,
-9.7543,-24.0525,8.88033,0,
-9.7543,-24.0425,8.88050,0,
-9.7543,-24.0350,8.88067,0,
-9.7543,-24.0250,8.88083,0,
-9.7171,-24.0175,8.88100,0,
-9.7171,-24.0075,8.88117,0,
-9.7171,-24.0000,8.88133,0,
-9.7171,-23.9900,8.88150,0,
-9.6798,-23.9825,8.88167,0,
-9.6798,-23.9750,8.88183,0,
-9.6798,-23.9675,8.88200,0,
-9.6798,-23.9575,8.88217,0,
-9.6798,-23.9500,8.88233,0,
-9.6426,-23.9425,8.88250,0,
-9.6426,-23.9325,8.88267,0,
-9.6426,-23.9250,8.88283,0,
-9.6426,-23.9175,8.88300,0,
-9.6426,-23.9075,8.88317,0,
-9.6426,-23.9000,8.88333,0,
-9.6426,-23.8925,8.88350,0,
-9.6054,-23.8825,8.88367,0,
-9.6054,-23.8750,8.88383,0,
-9.6054,-23.8675,8.88400,0,
-9.6054,-23.8575,8.88417,0,
-9.6054,-23.8500,8.88433,0,
-9.6054,-23.8400,8.88450,0,
-9.6054,-23.8325,8.88467,0,
-9.5681,-23.8225,8.88483,0,
-9.5681,-23.8150,8.88500,0,
-9.5681,-23.8075,8.88517,0,
-9.5681,-23.8000,8.88533,0,
-9.5681,-23.7900,8.88550,0,
-9.5681,-23.7825,8.88567,0,
-9.5681,-23.7750,8.88583,0,
-9.5681,-23.7650,8.88600,0,
-9.5309,-23.7575,8.88617,0,
-9.5309,-23.7500,8.88633,0,
-9.5309,-23.7400,8.88650,0,
-9.5309,-23.7325,8.88667,0,
-9.5309,-23.7250,8.88683,0,
-9.5309,-23.7150,8.88700,0,
-9.5309,-23.7075,8.88717,0,
-9.5309,-23.7000,8.88733,0,
-9.4937,-23.6900,8.88750,0,
-9.4937,-23.6825,8.88767,0,
-9.4937,-23.6725,8.88783,0,
-9.4937,-23.6650,8.88800,0,
-9.4937,-23.6550,8.88817,0,
-9.4937,-23.6475,8.88833,0,
-9.4564,-23.6400,8.88850,0,
-9.4564,-23.6300,8.88867,0,
-9.4564,-23.6225,8.88883,0,
-9.4564,-23.6150,8.88900,0,
-9.4564,-23.6050,8.88917,0,
-9.4564,-23.5975,8.88933,0,
-9.4564,-23.5900,8.88950,0,
-9.4192,-23.5825,8.88967,0,
-9.4192,-23.5725,8.88983,0,
-9.4192,-23.5650,8.89000,0,
-9.4192,-23.5575,8.89017,0,
-9.4192,-23.5500,8.89033,0,
-9.4192,-23.5400,8.89050,0,
-9.4192,-23.5325,8.89067,0,
-9.3820,-23.5250,8.89083,0,
-9.3820,-23.5150,8.89100,0,
-9.3820,-23.5075,8.89117,0,
-9.3820,-23.4975,8.89133,0,
-9.3820,-23.4900,8.89150,0,
-9.3820,-23.4825,8.89167,0,
-9.3820,-23.4750,8.89183,0,
-9.3447,-23.4675,8.89200,0,
-9.3447,-23.4575,8.89217,0,
-9.3447,-23.4500,8.89233,0,
-9.3447,-23.4425,8.89250,0,
-9.3447,-23.4350,8.89267,0,
-9.3075,-23.4250,8.89283,0,
-9.3075,-23.4175,8.89300,0,
-9.3075,-23.4100,8.89317,0,
-9.3075,-23.4000,8.89333,0,
-9.2703,-23.3925,8.89350,0,
-9.2703,-23.3850,8.89367,0,
-9.2703,-23.3750,8.89383,0,
-9.2703,-23.3675,8.89400,0,
-9.2331,-23.3575,8.89417,0,
-9.2331,-23.3500,8.89433,0,
-9.2331,-23.3425,8.89450,0,
-9.2331,-23.3325,8.89467,0,
-9.1958,-23.3250,8.89483,0,
-9.1958,-23.3150,8.89500,0,
-9.1958,-23.3075,8.89517,0,
-9.1586,-23.3000,8.89533,0,
-9.1958,-23.2900,8.89550,0,
-9.1586,-23.2825,8.89567,0,
-9.1586,-23.2750,8.89583,0,
-9.1586,-23.2650,8.89600,0,
-9.1586,-23.2575,8.89617,0,
-9.1214,-23.2500,8.89633,0,
-9.1214,-23.2400,8.89650,0,
-9.1214,-23.2325,8.89667,0,
-9.0841,-23.2250,8.89683,0,
-9.0841,-23.2150,8.89700,0,
-9.0841,-23.2075,8.89717,0,
-9.0841,-23.2000,8.89733,0,
-9.0469,-23.1900,8.89750,0,
-9.0469,-23.1825,8.89767,0,
-9.0469,-23.1725,8.89783,0,
-9.0469,-23.1650,8.89800,0,
-9.0097,-23.1575,8.89817,0,
-9.0097,-23.1475,8.89833,0,
-9.0097,-23.1400,8.89850,0,
-9.0097,-23.1325,8.89867,0,
-9.0097,-23.1250,8.89883,0,
-8.9725,-23.1175,8.89900,0,
-8.9725,-23.1075,8.89917,0,
-8.9725,-23.1000,8.89933,0,
-8.9725,-23.0925,8.89950,0,
-8.9725,-23.0825,8.89967,0,
-8.9725,-23.0750,8.89983,0,
-8.9725,-23.0675,8.90000,0,
-8.9352,-23.0575,8.90017,0,
-8.9352,-23.0500,8.90033,0,
-8.9352,-23.0400,8.90050,0,
-8.9352,-23.0325,8.90067,0,
-8.9352,-23.0225,8.90083,0,
-8.9352,-23.0150,8.90100,0,
-8.8980,-23.0075,8.90117,0,
-8.8980,-22.9975,8.90133,0,
-8.8980,-22.9900,8.90150,0,
-8.8980,-22.9825,8.90167,0,
-8.8980,-22.9725,8.90183,0,
-8.8980,-22.9650,8.90200,0,
-8.8980,-22.9575,8.90217,0,
-8.8608,-22.9475,8.90233,0,
-8.8608,-22.9400,8.90250,0,
-8.8608,-22.9300,8.90267,0,
-8.8608,-22.9225,8.90283,0,
-8.8608,-22.9150,8.90300,0,
-8.8608,-22.9050,8.90317,0,
-8.8608,-22.8975,8.90333,0,
-8.8235,-22.8900,8.90350,0,
-8.8235,-22.8800,8.90367,0,
-8.8235,-22.8725,8.90383,0,
-8.8235,-22.8625,8.90400,0,
-8.8235,-22.8550,8.90417,0,
-8.8235,-22.8450,8.90433,0,
-8.8235,-22.8375,8.90450,0,
-8.8235,-22.8300,8.90467,0,
-8.8235,-22.8200,8.90483,0,
-8.8235,-22.8125,8.90500,0,
-8.8235,-22.8050,8.90517,0,
-8.8235,-22.7975,8.90533,0,
-8.8235,-22.7875,8.90550,0,
-8.7863,-22.7800,8.90567,0,
-8.7863,-22.7725,8.90583,0,
-8.7863,-22.7625,8.90600,0,
-8.7863,-22.7550,8.90617,0,
-8.7863,-22.7475,8.90633,0,
-8.7863,-22.7375,8.90650,0,
-8.7863,-22.7300,8.90667,0,
-8.7863,-22.7225,8.90683,0,
-8.7863,-22.7125,8.90700,0,
-8.7863,-22.7050,8.90717,0,
-8.7863,-22.6950,8.90733,0,
-8.7863,-22.6875,8.90750,0,
-8.7491,-22.6775,8.90767,0,
-8.7491,-22.6700,8.90783,0,
-8.7491,-22.6600,8.90800,0,
-8.7491,-22.6525,8.90817,0,
-8.7491,-22.6450,8.90833,0,
-8.7491,-22.6375,8.90850,0,
-8.7491,-22.6275,8.90867,0,
-8.7491,-22.6200,8.90883,0,
-8.7491,-22.6125,8.90900,0,
-8.7118,-22.6025,8.90917,0,
-8.7118,-22.5950,8.90933,0,
-8.7118,-22.5875,8.90950,0,
-8.7118,-22.5775,8.90967,0,
-8.7118,-22.5700,8.90983,0,
-8.7118,-22.5625,8.91000,0,
-8.7118,-22.5525,8.91017,0,
-8.6746,-22.5450,8.91033,0,
-8.6746,-22.5350,8.91050,0,
-8.6746,-22.5275,8.91067,0,
-8.6746,-22.5200,8.91083,0,
-8.6746,-22.5100,8.91100,0,
-8.6746,-22.5025,8.91117,0,
-8.6746,-22.4950,8.91133,0,
-8.6746,-22.4850,8.91150,0,
-8.6746,-22.4775,8.91167,0,
-8.6746,-22.4700,8.91183,0,
-8.6374,-22.4625,8.91200,0,
-8.6746,-22.4550,8.91217,0,
-8.6374,-22.4450,8.91233,0,
-8.6374,-22.4375,8.91250,0,
-8.6374,-22.4275,8.91267,0,
-8.6374,-22.4200,8.91283,0,
-8.6374,-22.4125,8.91300,0,
-8.6374,-22.4025,8.91317,0,
-8.6001,-22.3950,8.91333,0,
-8.6001,-22.3875,8.91350,0,
-8.6001,-22.3775,8.91367,0,
-8.6001,-22.3700,8.91383,0,
-8.6001,-22.3625,8.91400,0,
-8.6001,-22.3525,8.91417,0,
-8.6001,-22.3450,8.91433,0,
-8.6001,-22.3350,8.91450,0,
-8.5629,-22.3275,8.91467,0,
-8.5629,-22.3200,8.91483,0,
-8.6001,-22.3125,8.91500,0,
-8.6001,-22.3025,8.91517,0,
-8.5629,-22.2950,8.91533,0,
-8.5629,-22.2875,8.91550,0,
-8.5629,-22.2800,8.91567,0,
-8.5629,-22.2700,8.91583,0,
-8.5629,-22.2625,8.91600,0,
-8.5629,-22.2550,8.91617,0,
-8.5629,-22.2450,8.91633,0,
-8.5629,-22.2375,8.91650,0,
-8.5257,-22.2300,8.91667,0,
-8.5629,-22.2225,8.91683,0,
-8.5257,-22.2125,8.91700,0,
-8.5257,-22.2050,8.91717,0,
-8.5257,-22.1975,8.91733,0,
-8.5257,-22.1875,8.91750,0,
-8.5257,-22.1800,8.91767,0,
-8.5257,-22.1725,8.91783,0,
-8.5257,-22.1625,8.91800,0,
-8.5257,-22.1550,8.91817,0,
-8.4885,-22.1475,8.91833,0,
-8.4885,-22.1400,8.91850,0,
-8.4885,-22.1300,8.91867,0,
-8.4885,-22.1225,8.91883,0,
-8.4885,-22.1150,8.91900,0,
-8.4885,-22.1075,8.91917,0,
-8.4885,-22.0975,8.91933,0,
-8.4512,-22.0900,8.91950,0,
-8.4512,-22.0825,8.91967,0,
-8.4512,-22.0750,8.91983,0,
-8.4512,-22.0650,8.92000,0,
-8.4512,-22.0575,8.92017,0,
-8.4512,-22.0500,8.92033,0,
-8.4512,-22.0400,8.92050,0,
-8.4512,-22.0325,8.92067,0,
-8.4140,-22.0225,8.92083,0,
-8.4140,-22.0150,8.92100,0,
-8.4140,-22.0075,8.92117,0,
-8.4140,-21.9975,8.92133,0,
-8.4140,-21.9900,8.92150,0,
-8.4140,-21.9825,8.92167,0,
-8.4140,-21.9725,8.92183,0,
-8.4140,-21.9650,8.92200,0,
-8.4140,-21.9575,8.92217,0,
-8.3768,-21.9500,8.92233,0,
-8.3768,-21.9400,8.92250,0,
-8.3768,-21.9325,8.92267,0,
-8.3768,-21.9250,8.92283,0,
-8.3768,-21.9150,8.92300,0,
-8.3768,-21.9075,8.92317,0,
-8.3768,-21.9000,8.92333,0,
-8.3768,-21.8900,8.92350,0,
-8.3768,-21.8825,8.92367,0,
-8.3395,-21.8750,8.92383,0,
-8.3395,-21.8650,8.92400,0,
-8.3395,-21.8575,8.92417,0,
-8.3395,-21.8500,8.92433,0,
-8.3395,-21.8400,8.92450,0,
-8.3395,-21.8325,8.92467,0,
-8.3395,-21.8250,8.92483,0,
-8.3395,-21.8175,8.92500,0,
-8.3023,-21.8075,8.92517,0,
-8.3023,-21.8000,8.92533,0,
-8.3023,-21.7925,8.92550,0,
-8.3023,-21.7850,8.92567,0,
-8.2651,-21.7750,8.92583,0,
-8.2651,-21.7675,8.92600,0,
-8.2651,-21.7600,8.92617,0,
-8.2651,-21.7500,8.92633,0,
-8.2651,-21.7425,8.92650,0,
-8.2651,-21.7350,8.92667,0,
-8.2651,-21.7250,8.92683,0,
-8.2278,-21.7175,8.92700,0,
-8.2278,-21.7075,8.92717,0,
-8.2278,-21.7000,8.92733,0,
-8.2278,-21.6925,8.92750,0,
-8.2278,-21.6825,8.92767,0,
-8.2278,-21.6750,8.92783,0,
-8.1906,-21.6650,8.92800,0,
-8.1906,-21.6575,8.92817,0,
-8.1906,-21.6500,8.92833,0,
-8.1906,-21.6400,8.92850,0,
-8.1906,-21.6325,8.92867,0,
-8.1906,-21.6250,8.92883,0,
-8.1906,-21.6175,8.92900,0,
-8.1534,-21.6075,8.92917,0,
-8.1534,-21.6000,8.92933,0,
-8.1534,-21.5925,8.92950,0,
-8.1534,-21.5825,8.92967,0,
-8.1534,-21.5750,8.92983,0,
-8.1162,-21.5675,8.93000,0,
-8.1162,-21.5575,8.93017,0,
-8.1162,-21.5500,8.93033,0,
-8.1162,-21.5400,8.93050,0,
-8.1162,-21.5325,8.93067,0,
-8.0789,-21.5250,8.93083,0,
-8.0789,-21.5150,8.93100,0,
-8.0789,-21.5075,8.93117,0,
-8.0789,-21.4975,8.93133,0,
-8.0789,-21.4900,8.93150,0,
-8.0417,-21.4825,8.93167,0,
-8.0417,-21.4750,8.93183,0,
-8.0417,-21.4675,8.93200,0,
-8.0417,-21.4575,8.93217,0,
-8.0417,-21.4500,8.93233,0,
-8.0417,-21.4425,8.93250,0,
-8.0417,-21.4325,8.93267,0,
-8.0045,-21.4250,8.93283,0,
-8.0045,-21.4175,8.93300,0,
-8.0045,-21.4100,8.93317,0,
-8.0045,-21.4000,8.93333,0,
-8.0045,-21.3925,8.93350,0,
-8.0045,-21.3850,8.93367,0,
-7.9672,-21.3750,8.93383,0,
-7.9672,-21.3675,8.93400,0,
-7.9672,-21.3600,8.93417,0,
-7.9672,-21.3500,8.93433,0,
-7.9672,-21.3425,8.93450,0,
-7.9672,-21.3350,8.93467,0,
-7.9672,-21.3250,8.93483,0,
-7.9672,-21.3175,8.93500,0,
-7.9300,-21.3100,8.93517,0,
-7.9300,-21.3000,8.93533,0,
-7.9300,-21.2925,8.93550,0,
-7.9300,-21.2850,8.93567,0,
-7.9300,-21.2775,8.93583,0,
-7.9300,-21.2675,8.93600,0,
-7.9300,-21.2600,8.93617,0,
-7.8928,-21.2525,8.93633,0,
-7.8928,-21.2450,8.93650,0,
-7.8928,-21.2350,8.93667,0,
-7.8928,-21.2275,8.93683,0,
-7.8928,-21.2200,8.93700,0,
-7.8928,-21.2125,8.93717,0,
-7.8928,-21.2025,8.93733,0,
-7.8928,-21.1950,8.93750,0,
-7.8555,-21.1875,8.93767,0,
-7.8555,-21.1775,8.93783,0,
-7.8555,-21.1700,8.93800,0,
-7.8555,-21.1625,8.93817,0,
-7.8555,-21.1525,8.93833,0,
-7.8183,-21.1450,8.93850,0,
-7.8183,-21.1375,8.93867,0,
-7.8183,-21.1300,8.93883,0,
-7.8183,-21.1225,8.93900,0,
-7.8183,-21.1125,8.93917,0,
-7.8183,-21.1050,8.93933,0,
-7.8183,-21.0975,8.93950,0,
-7.7811,-21.0900,8.93967,0,
-7.7811,-21.0800,8.93983,0,
-7.7811,-21.0725,8.94000,0,
-7.7811,-21.0650,8.94017,0,
-7.7811,-21.0550,8.94033,0,
-7.7811,-21.0475,8.94050,0,
-7.7439,-21.0400,8.94067,0,
-7.7439,-21.0300,8.94083,0,
-7.7439,-21.0225,8.94100,0,
-7.7439,-21.0150,8.94117,0,
-7.7439,-21.0050,8.94133,0,
-7.7439,-20.9975,8.94150,0,
-7.7439,-20.9900,8.94167,0,
-7.7439,-20.9825,8.94183,0,
-7.7066,-20.9725,8.94200,0,
-7.7066,-20.9650,8.94217,0,
-7.7066,-20.9575,8.94233,0,
-7.7066,-20.9500,8.94250,0,
-7.7066,-20.9400,8.94267,0,
-7.7066,-20.9325,8.94283,0,
-7.7066,-20.9250,8.94300,0,
-7.7066,-20.9175,8.94317,0,
-7.7066,-20.9075,8.94333,0,
-7.7066,-20.9000,8.94350,0,
-7.6694,-20.8925,8.94367,0,
-7.6694,-20.8850,8.94383,0,
-7.6694,-20.8750,8.94400,0,
-7.6694,-20.8675,8.94417,0,
-7.6694,-20.8600,8.94433,0,
-7.6694,-20.8500,8.94450,0,
-7.6322,-20.8425,8.94467,0,
-7.6322,-20.8350,8.94483,0,
-7.6322,-20.8250,8.94500,0,
-7.6322,-20.8175,8.94517,0,
-7.6322,-20.8100,8.94533,0,
-7.6322,-20.8025,8.94550,0,
-7.6322,-20.7950,8.94567,0,
-7.6322,-20.7850,8.94583,0,
-7.5949,-20.7775,8.94600,0,
-7.5949,-20.7700,8.94617,0,
-7.5949,-20.7625,8.94633,0,
-7.5949,-20.7525,8.94650,0,
-7.5949,-20.7450,8.94667,0,
-7.5949,-20.7375,8.94683,0,
-7.5949,-20.7300,8.94700,0,
-7.5949,-20.7200,8.94717,0,
-7.5577,-20.7125,8.94733,0,
-7.5577,-20.7025,8.94750,0,
-7.5577,-20.6950,8.94767,0,
-7.5577,-20.6850,8.94783,0,
-7.5577,-20.6775,8.94800,0,
-7.5577,-20.6700,8.94817,0,
-7.5577,-20.6600,8.94833,0,
-7.5577,-20.6525,8.94850,0,
-7.5205,-20.6450,8.94867,0,
-7.5205,-20.6375,8.94883,0,
-7.5205,-20.6275,8.94900,0,
-7.5205,-20.6200,8.94917,0,
-7.5205,-20.6125,8.94933,0,
-7.5205,-20.6025,8.94950,0,
-7.5205,-20.5950,8.94967,0,
-7.4832,-20.5875,8.94983,0,
-7.4832,-20.5775,8.95000,0,
-7.4832,-20.5700,8.95017,0,
-7.4832,-20.5625,8.95033,0,
-7.4832,-20.5525,8.95050,0,
-7.4832,-20.5450,8.95067,0,
-7.4832,-20.5350,8.95083,0,
-7.4832,-20.5275,8.95100,0,
-7.4832,-20.5200,8.95117,0,
-7.4832,-20.5100,8.95133,0,
-7.4460,-20.5025,8.95150,0,
-7.4460,-20.4950,8.95167,0,
-7.4460,-20.4850,8.95183,0,
-7.4460,-20.4775,8.95200,0,
-7.4460,-20.4700,8.95217,0,
-7.4460,-20.4625,8.95233,0,
-7.4460,-20.4525,8.95250,0,
-7.4460,-20.4450,8.95267,0,
-7.4460,-20.4375,8.95283,0,
-7.4460,-20.4275,8.95300,0,
-7.4460,-20.4200,8.95317,0,
-7.4460,-20.4125,8.95333,0,
-7.4460,-20.4025,8.95350,0,
-7.4088,-20.3950,8.95367,0,
-7.4088,-20.3850,8.95383,0,
-7.4088,-20.3775,8.95400,0,
-7.4088,-20.3700,8.95417,0,
-7.4088,-20.3600,8.95433,0,
-7.4088,-20.3525,8.95450,0,
-7.4088,-20.3425,8.95467,0,
-7.3716,-20.3350,8.95483,0,
-7.3716,-20.3275,8.95500,0,
-7.3716,-20.3175,8.95517,0,
-7.3716,-20.3100,8.95533,0,
-7.3716,-20.3025,8.95550,0,
-7.3716,-20.2950,8.95567,0,
-7.3343,-20.2850,8.95583,0,
-7.3343,-20.2775,8.95600,0,
-7.3343,-20.2700,8.95617,0,
-7.3343,-20.2600,8.95633,0,
-7.2971,-20.2525,8.95650,0,
-7.2971,-20.2450,8.95667,0,
-7.2971,-20.2375,8.95683,0,
-7.2971,-20.2275,8.95700,0,
-7.2971,-20.2200,8.95717,0,
-7.2971,-20.2125,8.95733,0,
-7.2599,-20.2025,8.95750,0,
-7.2599,-20.1950,8.95767,0,
-7.2599,-20.1875,8.95783,0,
-7.2226,-20.1800,8.95800,0,
-7.2599,-20.1700,8.95817,0,
-7.2226,-20.1625,8.95833,0,
-7.2226,-20.1550,8.95850,0,
-7.2226,-20.1450,8.95867,0,
-7.2226,-20.1375,8.95883,0,
-7.2226,-20.1300,8.95900,0,
-7.2226,-20.1225,8.95917,0,
-7.2226,-20.1125,8.95933,0,
-7.2226,-20.1050,8.95950,0,
-7.2226,-20.0950,8.95967,0,
-7.1854,-20.0875,8.95983,0,
-7.1854,-20.0800,8.96000,0,
-7.1854,-20.0700,8.96017,0,
-7.1854,-20.0625,8.96033,0,
-7.1854,-20.0550,8.96050,0,
-7.1854,-20.0450,8.96067,0,
-7.1482,-20.0375,8.96083,0,
-7.1482,-20.0275,8.96100,0,
-7.1482,-20.0200,8.96117,0,
-7.1482,-20.0125,8.96133,0,
-7.1482,-20.0025,8.96150,0,
-7.1482,-19.9950,8.96167,0,
-7.1482,-19.9875,8.96183,0,
-7.1482,-19.9800,8.96200,0,
-7.1482,-19.9700,8.96217,0,
-7.1109,-19.9625,8.96233,0,
-7.1109,-19.9550,8.96250,0,
-7.1109,-19.9450,8.96267,0,
-7.1109,-19.9375,8.96283,0,
-7.1109,-19.9300,8.96300,0,
-7.1109,-19.9200,8.96317,0,
-7.1109,-19.9125,8.96333,0,
-7.0737,-19.9050,8.96350,0,
-7.0737,-19.8975,8.96367,0,
-7.0737,-19.8875,8.96383,0,
-7.0737,-19.8800,8.96400,0,
-7.0737,-19.8700,8.96417,0,
-7.0737,-19.8625,8.96433,0,
-7.0737,-19.8525,8.96450,0,
-7.0737,-19.8450,8.96467,0,
-7.0365,-19.8375,8.96483,0,
-7.0365,-19.8275,8.96500,0,
-7.0365,-19.8200,8.96517,0,
-7.0365,-19.8125,8.96533,0,
-7.0365,-19.8050,8.96550,0,
-7.0365,-19.7950,8.96567,0,
-7.0365,-19.7875,8.96583,0,
-6.9993,-19.7800,8.96600,0,
-6.9993,-19.7700,8.96617,0,
-6.9993,-19.7625,8.96633,0,
-6.9993,-19.7550,8.96650,0,
-6.9993,-19.7450,8.96667,0,
-6.9993,-19.7375,8.96683,0,
-6.9993,-19.7300,8.96700,0,
-6.9993,-19.7200,8.96717,0,
-6.9993,-19.7125,8.96733,0,
-6.9993,-19.7025,8.96750,0,
-6.9993,-19.6950,8.96767,0,
-6.9620,-19.6850,8.96783,0,
-6.9620,-19.6775,8.96800,0,
-6.9620,-19.6675,8.96817,0,
-6.9620,-19.6600,8.96833,0,
-6.9620,-19.6525,8.96850,0,
-6.9620,-19.6450,8.96867,0,
-6.9620,-19.6350,8.96883,0,
-6.9620,-19.6275,8.96900,0,
-6.9620,-19.6175,8.96917,0,
-6.9620,-19.6100,8.96933,0,
-6.9620,-19.6025,8.96950,0,
-6.9620,-19.5925,8.96967,0,
-6.9620,-19.5850,8.96983,0,
-6.9620,-19.5775,8.97000,0,
-6.9248,-19.5675,8.97017,0,
-6.9248,-19.5600,8.97033,0,
-6.9248,-19.5525,8.97050,0,
-6.9248,-19.5425,8.97067,0,
-6.9248,-19.5350,8.97083,0,
-6.9248,-19.5250,8.97100,0,
-6.9248,-19.5175,8.97117,0,
-6.9248,-19.5100,8.97133,0,
-6.9248,-19.5000,8.97150,0,
-6.9248,-19.4925,8.97167,0,
-6.9248,-19.4850,8.97183,0,
-6.8876,-19.4750,8.97200,0,
-6.8876,-19.4675,8.97217,0,
-6.9248,-19.4600,8.97233,0,
-6.8876,-19.4525,8.97250,0,
-6.8876,-19.4425,8.97267,0,
-6.8876,-19.4350,8.97283,0,
-6.8876,-19.4250,8.97300,0,
-6.8876,-19.4175,8.97317,0,
-6.8876,-19.4100,8.97333,0,
-6.8876,-19.4000,8.97350,0,
-6.8876,-19.3925,8.97367,0,
-6.8503,-19.3850,8.97383,0,
-6.8876,-19.3750,8.97400,0,
-6.8876,-19.3675,8.97417,0,
-6.8503,-19.3575,8.97433,0,
-6.8503,-19.3500,8.97450,0,
-6.8503,-19.3400,8.97467,0,
-6.8503,-19.3325,8.97483,0,
-6.8503,-19.3250,8.97500,0,
-6.8503,-19.3150,8.97517,0,
-6.8503,-19.3075,8.97533,0,
-6.8503,-19.3000,8.97550,0,
-6.8503,-19.2900,8.97567,0,
-6.8503,-19.2825,8.97583,0,
-6.8131,-19.2750,8.97600,0,
-6.8503,-19.2650,8.97617,0,
-6.8131,-19.2575,8.97633,0,
-6.8131,-19.2500,8.97650,0,
-6.8131,-19.2425,8.97667,0,
-6.8131,-19.2325,8.97683,0,
-6.8131,-19.2250,8.97700,0,
-6.8131,-19.2150,8.97717,0,
-6.8131,-19.2075,8.97733,0,
-6.8131,-19.2000,8.97750,0,
-6.7759,-19.1900,8.97767,0,
-6.7759,-19.1825,8.97783,0,
-6.7759,-19.1750,8.97800,0,
-6.7759,-19.1650,8.97817,0,
-6.7759,-19.1575,8.97833,0,
-6.7759,-19.1500,8.97850,0,
-6.7759,-19.1400,8.97867,0,
-6.7759,-19.1325,8.97883,0,
-6.7759,-19.1250,8.97900,0,
-6.7759,-19.1175,8.97917,0,
-6.7759,-19.1075,8.97933,0,
-6.7759,-19.1000,8.97950,0,
-6.7759,-19.0925,8.97967,0,
-6.7386,-19.0825,8.97983,0,
-6.7386,-19.0750,8.98000,0,
-6.7386,-19.0675,8.98017,0,
-6.7386,-19.0600,8.98033,0,
-6.7386,-19.0500,8.98050,0,
-6.7386,-19.0425,8.98067,0,
-6.7386,-19.0325,8.98083,0,
-6.7386,-19.0250,8.98100,0,
-6.7014,-19.0150,8.98117,0,
-6.7014,-19.0075,8.98133,0,
-6.7014,-19.0000,8.98150,0,
-6.7014,-18.9900,8.98167,0,
-6.7014,-18.9825,8.98183,0,
-6.7014,-18.9750,8.98200,0,
-6.7014,-18.9675,8.98217,0,
-6.7014,-18.9575,8.98233,0,
-6.7014,-18.9500,8.98250,0,
-6.6642,-18.9425,8.98267,0,
-6.6642,-18.9350,8.98283,0,
-6.6642,-18.9250,8.98300,0,
-6.6642,-18.9175,8.98317,0,
-6.6642,-18.9100,8.98333,0,
-6.6642,-18.9000,8.98350,0,
-6.6270,-18.8925,8.98367,0,
-6.6270,-18.8850,8.98383,0,
-6.6270,-18.8750,8.98400,0,
-6.6270,-18.8675,8.98417,0,
-6.6270,-18.8600,8.98433,0,
-6.6270,-18.8500,8.98450,0,
-6.6270,-18.8425,8.98467,0,
-6.6270,-18.8350,8.98483,0,
-6.5897,-18.8250,8.98500,0,
-6.6270,-18.8175,8.98517,0,
-6.5897,-18.8100,8.98533,0,
-6.5897,-18.8000,8.98550,0,
-6.5897,-18.7925,8.98567,0,
-6.5897,-18.7850,8.98583,0,
-6.5897,-18.7750,8.98600,0,
-6.5897,-18.7675,8.98617,0,
-6.5897,-18.7600,8.98633,0,
-6.5897,-18.7500,8.98650,0,
-6.5897,-18.7425,8.98667,0,
-6.5897,-18.7350,8.98683,0,
-6.5897,-18.7250,8.98700,0,
-6.5525,-18.7175,8.98717,0,
-6.5897,-18.7075,8.98733,0,
-6.5525,-18.7000,8.98750,0,
-6.5525,-18.6900,8.98767,0,
-6.5525,-18.6825,8.98783,0,
-6.5525,-18.6750,8.98800,0,
-6.5525,-18.6650,8.98817,0,
-6.5525,-18.6575,8.98833,0,
-6.5525,-18.6500,8.98850,0,
-6.5525,-18.6400,8.98867,0,
-6.5525,-18.6325,8.98883,0,
-6.5525,-18.6225,8.98900,0,
-6.5525,-18.6150,8.98917,0,
-6.5153,-18.6075,8.98933,0,
-6.5153,-18.6000,8.98950,0,
-6.5153,-18.5900,8.98967,0,
-6.5153,-18.5825,8.98983,0,
-6.5153,-18.5750,8.99000,0,
-6.5153,-18.5675,8.99017,0,
-6.5153,-18.5575,8.99033,0,
-6.5153,-18.5500,8.99050,0,
-6.5153,-18.5400,8.99067,0,
-6.4780,-18.5325,8.99083,0,
-6.4780,-18.5250,8.99100,0,
-6.5153,-18.5150,8.99117,0,
-6.4780,-18.5075,8.99133,0,
-6.4780,-18.5000,8.99150,0,
-6.4780,-18.4900,8.99167,0,
-6.4780,-18.4825,8.99183,0,
-6.4780,-18.4750,8.99200,0,
-6.4780,-18.4650,8.99217,0,
-6.4780,-18.4575,8.99233,0,
-6.4780,-18.4500,8.99250,0,
-6.4408,-18.4425,8.99267,0,
-6.4780,-18.4325,8.99283,0,
-6.4408,-18.4250,8.99300,0,
-6.4408,-18.4175,8.99317,0,
-6.4408,-18.4075,8.99333,0,
-6.4408,-18.4000,8.99350,0,
-6.4408,-18.3925,8.99367,0,
-6.4408,-18.3825,8.99383,0,
-6.4408,-18.3750,8.99400,0,
-6.4408,-18.3675,8.99417,0,
-6.4408,-18.3575,8.99433,0,
-6.4408,-18.3500,8.99450,0,
-6.4036,-18.3400,8.99467,0,
-6.4036,-18.3325,8.99483,0,
-6.4036,-18.3225,8.99500,0,
-6.4036,-18.3150,8.99517,0,
-6.4036,-18.3075,8.99533,0,
-6.4036,-18.2975,8.99550,0,
-6.4036,-18.2900,8.99567,0,
-6.4036,-18.2825,8.99583,0,
-6.4036,-18.2725,8.99600,0,
-6.4036,-18.2650,8.99617,0,
-6.3663,-18.2575,8.99633,0,
-6.3663,-18.2475,8.99650,0,
-6.3663,-18.2400,8.99667,0,
-6.3663,-18.2325,8.99683,0,
-6.3663,-18.2225,8.99700,0,
-6.3663,-18.2150,8.99717,0,
-6.3663,-18.2075,8.99733,0,
-6.3291,-18.1975,8.99750,0,
-6.3291,-18.1900,8.99767,0,
-6.3291,-18.1825,8.99783,0,
-6.3291,-18.1725,8.99800,0,
-6.2919,-18.1650,8.99817,0,
-6.2919,-18.1575,8.99833,0,
-6.2919,-18.1500,8.99850,0,
-6.2919,-18.1400,8.99867,0,
-6.2919,-18.1325,8.99883,0,
-6.2919,-18.1250,8.99900,0,
-6.2919,-18.1175,8.99917,0,
-6.2919,-18.1075,8.99933,0,
-6.2919,-18.1000,8.99950,0,
-6.2547,-18.0925,8.99967,0,
-6.2547,-18.0825,8.99983,0,
-6.2547,-18.0750,9.00000,0,
-6.2919,-18.0650,9.00017,0,
-6.2547,-18.0575,9.00033,0,
-6.2547,-18.0500,9.00050,0,
-6.2547,-18.0400,9.00067,0,
-6.2547,-18.0325,9.00083,0,
-6.2547,-18.0225,9.00100,0,
-6.2547,-18.0150,9.00117,0,
-6.2547,-18.0050,9.00133,0,
-6.2174,-17.9975,9.00150,0,
-6.2174,-17.9875,9.00167,0,
-6.2174,-17.9800,9.00183,0,
-6.2174,-17.9725,9.00200,0,
-6.2174,-17.9625,9.00217,0,
-6.2174,-17.9550,9.00233,0,
-6.2174,-17.9450,9.00250,0,
-6.1802,-17.9375,9.00267,0,
-6.1802,-17.9300,9.00283,0,
-6.1802,-17.9200,9.00300,0,
-6.1802,-17.9125,9.00317,0,
-6.1802,-17.9025,9.00333,0,
-6.1802,-17.8950,9.00350,0,
-6.1802,-17.8875,9.00367,0,
-6.1802,-17.8775,9.00383,0,
-6.1802,-17.8700,9.00400,0,
-6.1430,-17.8600,9.00417,0,
-6.1430,-17.8525,9.00433,0,
-6.1430,-17.8425,9.00450,0,
-6.1430,-17.8350,9.00467,0,
-6.1430,-17.8275,9.00483,0,
-6.1430,-17.8175,9.00500,0,
-6.1057,-17.8100,9.00517,0,
-6.1057,-17.8025,9.00533,0,
-6.1057,-17.7925,9.00550,0,
-6.1057,-17.7850,9.00567,0,
-6.1057,-17.7775,9.00583,0,
-6.1057,-17.7675,9.00600,0,
-6.1057,-17.7600,9.00617,0,
-6.1057,-17.7525,9.00633,0,
-6.1057,-17.7425,9.00650,0,
-6.1057,-17.7350,9.00667,0,
-6.1057,-17.7275,9.00683,0,
-6.1057,-17.7175,9.00700,0,
-6.1057,-17.7100,9.00717,0,
-6.1057,-17.7000,9.00733,0,
-6.1057,-17.6925,9.00750,0,
-6.1057,-17.6825,9.00767,0,
-6.1057,-17.6750,9.00783,0,
-6.1057,-17.6650,9.00800,0,
-6.1057,-17.6575,9.00817,0,
-6.1057,-17.6500,9.00833,0,
-6.1057,-17.6425,9.00850,0,
-6.1057,-17.6325,9.00867,0,
-6.1057,-17.6250,9.00883,0,
-6.1057,-17.6175,9.00900,0,
-6.0685,-17.6075,9.00917,0,
-6.0685,-17.6000,9.00933,0,
-6.0685,-17.5925,9.00950,0,
-6.0685,-17.5825,9.00967,0,
-6.0685,-17.5750,9.00983,0,
-6.0685,-17.5650,9.01000,0,
-6.0685,-17.5575,9.01017,0,
-6.0685,-17.5500,9.01033,0,
-6.0313,-17.5400,9.01050,0,
-6.0313,-17.5325,9.01067,0,
-6.0313,-17.5225,9.01083,0,
-6.0313,-17.5150,9.01100,0,
-6.0313,-17.5075,9.01117,0,
-6.0313,-17.4975,9.01133,0,
-6.0313,-17.4900,9.01150,0,
-6.0313,-17.4825,9.01167,0,
-6.0313,-17.4750,9.01183,0,
-6.0313,-17.4650,9.01200,0,
-6.0313,-17.4575,9.01217,0,
-6.0313,-17.4500,9.01233,0,
-6.0313,-17.4400,9.01250,0,
-5.9940,-17.4325,9.01267,0,
-5.9940,-17.4250,9.01283,0,
-5.9940,-17.4150,9.01300,0,
-5.9940,-17.4075,9.01317,0,
-5.9940,-17.4000,9.01333,0,
-5.9940,-17.3900,9.01350,0,
-5.9940,-17.3825,9.01367,0,
-5.9940,-17.3750,9.01383,0,
-5.9940,-17.3650,9.01400,0,
-5.9940,-17.3575,9.01417,0,
-5.9568,-17.3475,9.01433,0,
-5.9568,-17.3400,9.01450,0,
-5.9568,-17.3325,9.01467,0,
-5.9568,-17.3225,9.01483,0,
-5.9568,-17.3150,9.01500,0,
-5.9568,-17.3075,9.01517,0,
-5.9568,-17.2975,9.01533,0,
-5.9568,-17.2900,9.01550,0,
-5.9568,-17.2825,9.01567,0,
-5.9568,-17.2725,9.01583,0,
-5.9196,-17.2650,9.01600,0,
-5.9196,-17.2575,9.01617,0,
-5.9196,-17.2500,9.01633,0,
-5.9196,-17.2400,9.01650,0,
-5.9196,-17.2325,9.01667,0,
-5.9196,-17.2250,9.01683,0,
-5.9196,-17.2150,9.01700,0,
-5.9196,-17.2075,9.01717,0,
-5.9196,-17.2000,9.01733,0,
-5.9196,-17.1900,9.01750,0,
-5.9196,-17.1825,9.01767,0,
-5.9196,-17.1725,9.01783,0,
-5.9196,-17.1650,9.01800,0,
-5.9196,-17.1575,9.01817,0,
-5.9196,-17.1500,9.01833,0,
-5.9196,-17.1400,9.01850,0,
-5.9196,-17.1325,9.01867,0,
-5.9196,-17.1250,9.01883,0,
-5.9196,-17.1150,9.01900,0,
-5.8824,-17.1075,9.01917,0,
-5.9196,-17.1000,9.01933,0,
-5.8824,-17.0925,9.01950,0,
-5.8824,-17.0825,9.01967,0,
-5.8824,-17.0750,9.01983,0,
-5.8824,-17.0675,9.02000,0,
-5.8824,-17.0575,9.02017,0,
-5.8824,-17.0500,9.02033,0,
-5.8824,-17.0400,9.02050,0,
-5.8824,-17.0325,9.02067,0,
-5.8824,-17.0225,9.02083,0,
-5.8824,-17.0150,9.02100,0,
-5.8824,-17.0075,9.02117,0,
-5.8824,-16.9975,9.02133,0,
-5.8824,-16.9900,9.02150,0,
-5.8824,-16.9825,9.02167,0,
-5.8824,-16.9750,9.02183,0,
-5.8824,-16.9650,9.02200,0,
-5.8824,-16.9575,9.02217,0,
-5.8451,-16.9475,9.02233,0,
-5.8451,-16.9400,9.02250,0,
-5.8824,-16.9325,9.02267,0,
-5.8451,-16.9225,9.02283,0,
-5.8824,-16.9150,9.02300,0,
-5.8824,-16.9050,9.02317,0,
-5.8451,-16.8975,9.02333,0,
-5.8824,-16.8900,9.02350,0,
-5.8451,-16.8800,9.02367,0,
-5.8451,-16.8725,9.02383,0,
-5.8451,-16.8650,9.02400,0,
-5.8451,-16.8550,9.02417,0,
-5.8451,-16.8475,9.02433,0,
-5.8451,-16.8400,9.02450,0,
-5.8451,-16.8300,9.02467,0,
-5.8451,-16.8225,9.02483,0,
-5.8451,-16.8150,9.02500,0,
-5.8451,-16.8075,9.02517,0,
-5.8079,-16.7975,9.02533,0,
-5.8451,-16.7900,9.02550,0,
-5.8451,-16.7825,9.02567,0,
-5.8079,-16.7725,9.02583,0,
-5.8079,-16.7650,9.02600,0,
-5.8079,-16.7575,9.02617,0,
-5.8079,-16.7500,9.02633,0,
-5.8079,-16.7400,9.02650,0,
-5.8079,-16.7325,9.02667,0,
-5.8079,-16.7250,9.02683,0,
-5.8079,-16.7150,9.02700,0,
-5.8079,-16.7075,9.02717,0,
-5.8079,-16.6975,9.02733,0,
-5.7707,-16.6900,9.02750,0,
-5.7707,-16.6800,9.02767,0,
-5.8079,-16.6725,9.02783,0,
-5.7707,-16.6625,9.02800,0,
-5.7707,-16.6550,9.02817,0,
-5.7707,-16.6475,9.02833,0,
-5.7707,-16.6400,9.02850,0,
-5.7707,-16.6300,9.02867,0,
-5.7707,-16.6225,9.02883,0,
-5.7707,-16.6150,9.02900,0,
-5.7707,-16.6050,9.02917,0,
-5.7707,-16.5975,9.02933,0,
-5.7707,-16.5900,9.02950,0,
-5.7707,-16.5800,9.02967,0,
-5.7707,-16.5725,9.02983,0,
-5.7707,-16.5650,9.03000,0,
-5.7707,-16.5575,9.03017,0,
-5.7707,-16.5475,9.03033,0,
-5.7707,-16.5400,9.03050,0,
-5.7334,-16.5300,9.03067,0,
-5.7334,-16.5225,9.03083,0,
-5.7334,-16.5150,9.03100,0,
-5.7334,-16.5050,9.03117,0,
-5.7334,-16.4975,9.03133,0,
-5.7334,-16.4900,9.03150,0,
-5.7334,-16.4825,9.03167,0,
-5.7334,-16.4725,9.03183,0,
-5.7334,-16.4650,9.03200,0,
-5.7334,-16.4575,9.03217,0,
-5.7334,-16.4500,9.03233,0,
-5.7334,-16.4400,9.03250,0,
-5.7334,-16.4325,9.03267,0,
-5.7334,-16.4250,9.03283,0,
-5.7334,-16.4175,9.03300,0,
-5.7334,-16.4075,9.03317,0,
-5.7334,-16.4000,9.03333,0,
-5.7334,-16.3925,9.03350,0,
-5.7334,-16.3825,9.03367,0,
-5.7334,-16.3750,9.03383,0,
-5.6962,-16.3675,9.03400,0,
-5.6962,-16.3575,9.03417,0,
-5.6962,-16.3500,9.03433,0,
-5.6962,-16.3400,9.03450,0,
-5.6962,-16.3325,9.03467,0,
-5.6962,-16.3250,9.03483,0,
-5.6962,-16.3150,9.03500,0,
-5.6962,-16.3075,9.03517,0,
-5.6962,-16.3000,9.03533,0,
-5.6962,-16.2925,9.03550,0,
-5.6962,-16.2825,9.03567,0,
-5.6962,-16.2750,9.03583,0,
-5.6962,-16.2675,9.03600,0,
-5.6962,-16.2575,9.03617,0,
-5.6962,-16.2500,9.03633,0,
-5.6962,-16.2425,9.03650,0,
-5.6962,-16.2350,9.03667,0,
-5.6962,-16.2250,9.03683,0,
-5.6962,-16.2175,9.03700,0,
-5.6962,-16.2100,9.03717,0,
-5.6962,-16.2000,9.03733,0,
-5.6962,-16.1925,9.03750,0,
-5.6962,-16.1850,9.03767,0,
-5.6962,-16.1750,9.03783,0,
-5.6962,-16.1675,9.03800,0,
-5.6962,-16.1600,9.03817,0,
-5.6962,-16.1525,9.03833,0,
-5.6962,-16.1425,9.03850,0,
-5.6962,-16.1350,9.03867,0,
-5.6962,-16.1275,9.03883,0,
-5.6962,-16.1200,9.03900,0,
-5.6962,-16.1100,9.03917,0,
-5.6962,-16.1025,9.03933,0,
-5.6962,-16.0950,9.03950,0,
-5.6962,-16.0875,9.03967,0,
-5.6962,-16.0775,9.03983,0,
-5.6962,-16.0700,9.04000,0,
-5.6962,-16.0625,9.04017,0,
-5.6962,-16.0525,9.04033,0,
-5.6962,-16.0450,9.04050,0,
-5.6962,-16.0350,9.04067,0,
-5.6962,-16.0275,9.04083,0,
-5.6590,-16.0200,9.04100,0,
-5.6590,-16.0100,9.04117,0,
-5.6590,-16.0025,9.04133,0,
-5.6590,-15.9950,9.04150,0,
-5.6590,-15.9850,9.04167,0,
-5.6590,-15.9775,9.04183,0,
-5.6590,-15.9700,9.04200,0,
-5.6590,-15.9600,9.04217,0,
-5.6590,-15.9525,9.04233,0,
-5.6590,-15.9450,9.04250,0,
-5.6590,-15.9350,9.04267,0,
-5.6590,-15.9275,9.04283,0,
-5.6590,-15.9200,9.04300,0,
-5.6217,-15.9125,9.04317,0,
-5.6217,-15.9025,9.04333,0,
-5.6217,-15.8950,9.04350,0,
-5.6217,-15.8875,9.04367,0,
-5.6217,-15.8775,9.04383,0,
-5.6217,-15.8700,9.04400,0,
-5.6217,-15.8600,9.04417,0,
-5.6217,-15.8525,9.04433,0,
-5.6217,-15.8450,9.04450,0,
-5.6217,-15.8375,9.04467,0,
-5.5845,-15.8275,9.04483,0,
-5.6217,-15.8200,9.04500,0,
-5.6217,-15.8125,9.04517,0,
-5.6217,-15.8050,9.04533,0,
-5.6217,-15.7950,9.04550,0,
-5.6217,-15.7875,9.04567,0,
-5.6217,-15.7800,9.04583,0,
-5.6217,-15.7700,9.04600,0,
-5.6217,-15.7625,9.04617,0,
-5.6217,-15.7550,9.04633,0,
-5.6217,-15.7450,9.04650,0,
-5.6217,-15.7375,9.04667,0,
-5.6217,-15.7300,9.04683,0,
-5.6217,-15.7200,9.04700,0,
-5.6217,-15.7125,9.04717,0,
-5.6217,-15.7050,9.04733,0,
-5.6217,-15.6950,9.04750,0,
-5.6217,-15.6875,9.04767,0,
-5.6217,-15.6775,9.04783,0,
-5.5845,-15.6700,9.04800,0,
-5.6217,-15.6600,9.04817,0,
-5.5845,-15.6525,9.04833,0,
-5.6217,-15.6450,9.04850,0,
-5.6217,-15.6350,9.04867,0,
-5.6217,-15.6275,9.04883,0,
-5.6217,-15.6200,9.04900,0,
-5.6217,-15.6100,9.04917,0,
-5.6217,-15.6025,9.04933,0,
-5.6217,-15.5950,9.04950,0,
-5.6217,-15.5875,9.04967,0,
-5.5845,-15.5775,9.04983,0,
-5.6217,-15.5700,9.05000,0,
-5.6217,-15.5625,9.05017,0,
-5.6217,-15.5525,9.05033,0,
-5.6217,-15.5450,9.05050,0,
-5.6217,-15.5350,9.05067,0,
-5.6217,-15.5275,9.05083,0,
-5.6217,-15.5200,9.05100,0,
-5.6217,-15.5100,9.05117,0,
-5.6217,-15.5025,9.05133,0,
-5.6217,-15.4950,9.05150,0,
-5.6217,-15.4850,9.05167,0,
-5.5845,-15.4775,9.05183,0,
-5.6217,-15.4700,9.05200,0,
-5.6217,-15.4625,9.05217,0,
-5.6217,-15.4525,9.05233,0,
-5.6217,-15.4450,9.05250,0,
-5.5845,-15.4375,9.05267,0,
-5.6217,-15.4275,9.05283,0,
-5.6217,-15.4200,9.05300,0,
-5.6217,-15.4125,9.05317,0,
-5.6217,-15.4050,9.05333,0,
-5.6217,-15.3975,9.05350,0,
-5.6217,-15.3875,9.05367,0,
-5.6217,-15.3800,9.05383,0,
-5.6217,-15.3700,9.05400,0,
-5.6217,-15.3625,9.05417,0,
-5.6217,-15.3550,9.05433,0,
-5.6217,-15.3450,9.05450,0,
-5.6217,-15.3375,9.05467,0,
-5.6217,-15.3275,9.05483,0,
-5.6590,-15.3200,9.05500,0,
-5.6217,-15.3125,9.05517,0,
-5.6217,-15.3050,9.05533,0,
-5.6217,-15.2950,9.05550,0,
-5.6217,-15.2875,9.05567,0,
-5.6217,-15.2800,9.05583,0,
-5.6217,-15.2700,9.05600,0,
-5.6217,-15.2625,9.05617,0,
-5.6217,-15.2550,9.05633,0,
-5.6217,-15.2450,9.05650,0,
-5.6217,-15.2375,9.05667,0,
-5.6217,-15.2300,9.05683,0,
-5.6217,-15.2200,9.05700,0,
-5.6217,-15.2125,9.05717,0,
-5.6217,-15.2050,9.05733,0,
-5.6217,-15.1950,9.05750,0,
-5.6217,-15.1875,9.05767,0,
-5.6217,-15.1800,9.05783,0,
-5.6217,-15.1700,9.05800,0,
-5.6217,-15.1625,9.05817,0,
-5.6217,-15.1550,9.05833,0,
-5.6217,-15.1475,9.05850,0,
-5.6217,-15.1400,9.05867,0,
-5.6217,-15.1300,9.05883,0,
-5.6217,-15.1225,9.05900,0,
-5.6217,-15.1125,9.05917,0,
-5.6590,-15.1050,9.05933,0,
-5.6590,-15.0975,9.05950,0,
-5.6590,-15.0875,9.05967,0,
-5.6590,-15.0800,9.05983,0,
-5.6590,-15.0725,9.06000,0,
-5.6590,-15.0650,9.06017,0,
-5.6590,-15.0550,9.06033,0,
-5.6590,-15.0475,9.06050,0,
-5.6590,-15.0375,9.06067,0,
-5.6590,-15.0300,9.06083,0,
-5.6590,-15.0200,9.06100,0,
-5.6590,-15.0125,9.06117,0,
-5.6590,-15.0025,9.06133,0,
-5.6590,-14.9950,9.06150,0,
-5.6590,-14.9875,9.06167,0,
-5.6590,-14.9775,9.06183,0,
-5.6590,-14.9700,9.06200,0,
-5.6590,-14.9625,9.06217,0,
-5.6590,-14.9525,9.06233,0,
-5.6590,-14.9450,9.06250,0,
-5.6590,-14.9350,9.06267,0,
-5.6590,-14.9275,9.06283,0,
-5.6590,-14.9200,9.06300,0,
-5.6590,-14.9100,9.06317,0,
-5.6590,-14.9025,9.06333,0,
-5.6590,-14.8950,9.06350,0,
-5.6590,-14.8850,9.06367,0,
-5.6590,-14.8775,9.06383,0,
-5.6590,-14.8700,9.06400,0,
-5.6590,-14.8600,9.06417,0,
-5.6590,-14.8525,9.06433,0,
-5.6590,-14.8425,9.06450,0,
-5.6590,-14.8350,9.06467,0,
-5.6590,-14.8250,9.06483,0,
-5.6590,-14.8175,9.06500,0,
-5.6217,-14.8100,9.06517,0,
-5.6217,-14.8025,9.06533,0,
-5.6217,-14.7925,9.06550,0,
-5.6217,-14.7850,9.06567,0,
-5.6217,-14.7750,9.06583,0,
-5.6217,-14.7675,9.06600,0,
-5.6217,-14.7600,9.06617,0,
-5.6217,-14.7500,9.06633,0,
-5.6217,-14.7425,9.06650,0,
-5.6217,-14.7325,9.06667,0,
-5.6217,-14.7250,9.06683,0,
-5.6217,-14.7175,9.06700,0,
-5.6217,-14.7075,9.06717,0,
-5.6217,-14.7000,9.06733,0,
-5.6217,-14.6900,9.06750,0,
-5.6217,-14.6825,9.06767,0,
-5.6217,-14.6725,9.06783,0,
-5.6590,-14.6650,9.06800,0,
-5.6590,-14.6575,9.06817,0,
-5.6590,-14.6475,9.06833,0,
-5.6590,-14.6400,9.06850,0,
-5.6590,-14.6300,9.06867,0,
-5.6590,-14.6225,9.06883,0,
-5.6590,-14.6150,9.06900,0,
-5.6590,-14.6050,9.06917,0,
-5.6590,-14.5975,9.06933,0,
-5.6590,-14.5900,9.06950,0,
-5.6590,-14.5800,9.06967,0,
-5.6962,-14.5725,9.06983,0,
-5.6962,-14.5650,9.07000,0,
-5.6962,-14.5550,9.07017,0,
-5.6962,-14.5475,9.07033,0,
-5.6962,-14.5375,9.07050,0,
-5.6962,-14.5300,9.07067,0,
-5.6962,-14.5225,9.07083,0,
-5.6962,-14.5125,9.07100,0,
-5.7334,-14.5050,9.07117,0,
-5.6962,-14.4975,9.07133,0,
-5.7334,-14.4875,9.07150,0,
-5.7334,-14.4800,9.07167,0,
-5.7334,-14.4725,9.07183,0,
-5.7334,-14.4625,9.07200,0,
-5.7334,-14.4550,9.07217,0,
-5.7334,-14.4475,9.07233,0,
-5.7334,-14.4375,9.07250,0,
-5.7334,-14.4300,9.07267,0,
-5.7334,-14.4225,9.07283,0,
-5.7334,-14.4125,9.07300,0,
-5.7334,-14.4050,9.07317,0,
-5.7334,-14.3975,9.07333,0,
-5.7334,-14.3875,9.07350,0,
-5.7334,-14.3800,9.07367,0,
-5.7334,-14.3700,9.07383,0,
-5.7334,-14.3625,9.07400,0,
-5.7334,-14.3525,9.07417,0,
-5.7334,-14.3450,9.07433,0,
-5.7334,-14.3350,9.07450,0,
-5.7334,-14.3275,9.07467,0,
-5.7334,-14.3200,9.07483,0,
-5.7334,-14.3125,9.07500,0,
-5.6962,-14.3025,9.07517,0,
-5.6962,-14.2950,9.07533,0,
-5.6962,-14.2875,9.07550,0,
-5.6962,-14.2775,9.07567,0,
-5.6590,-14.2700,9.07583,0,
-5.6590,-14.2625,9.07600,0,
-5.6590,-14.2550,9.07617,0,
-5.6590,-14.2450,9.07633,0,
-5.6590,-14.2375,9.07650,0,
-5.6590,-14.2300,9.07667,0,
-5.6590,-14.2200,9.07683,0,
-5.6590,-14.2125,9.07700,0,
-5.6590,-14.2025,9.07717,0,
-5.6217,-14.1950,9.07733,0,
-5.6217,-14.1875,9.07750,0,
-5.6217,-14.1775,9.07767,0,
-5.6217,-14.1700,9.07783,0,
-5.6217,-14.1625,9.07800,0,
-5.6217,-14.1525,9.07817,0,
-5.6217,-14.1450,9.07833,0,
-5.6217,-14.1375,9.07850,0,
-5.6217,-14.1300,9.07867,0,
-5.6217,-14.1200,9.07883,0,
-5.6217,-14.1125,9.07900,0,
-5.6217,-14.1025,9.07917,0,
-5.6590,-14.0950,9.07933,0,
-5.6590,-14.0875,9.07950,0,
-5.6590,-14.0775,9.07967,0,
-5.6590,-14.0700,9.07983,0,
-5.6590,-14.0625,9.08000,0,
-5.6590,-14.0525,9.08017,0,
-5.6590,-14.0450,9.08033,0,
-5.6962,-14.0350,9.08050,0,
-5.6962,-14.0275,9.08067,0,
-5.6962,-14.0175,9.08083,0,
-5.6962,-14.0100,9.08100,0,
-5.6962,-14.0000,9.08117,0,
-5.6962,-13.9925,9.08133,0,
-5.7334,-13.9850,9.08150,0,
-5.7334,-13.9750,9.08167,0,
-5.7334,-13.9675,9.08183,0,
-5.7334,-13.9600,9.08200,0,
-5.7334,-13.9525,9.08217,0,
-5.7334,-13.9425,9.08233,0,
-5.7334,-13.9350,9.08250,0,
-5.7707,-13.9275,9.08267,0,
-5.7707,-13.9175,9.08283,0,
-5.7707,-13.9100,9.08300,0,
-5.7707,-13.9025,9.08317,0,
-5.7707,-13.8925,9.08333,0,
-5.7707,-13.8850,9.08350,0,
-5.7707,-13.8750,9.08367,0,
-5.7707,-13.8675,9.08383,0,
-5.7707,-13.8600,9.08400,0,
-5.8079,-13.8500,9.08417,0,
-5.8079,-13.8425,9.08433,0,
-5.8079,-13.8325,9.08450,0,
-5.8079,-13.8250,9.08467,0,
-5.8079,-13.8175,9.08483,0,
-5.8079,-13.8100,9.08500,0,
-5.8451,-13.8000,9.08517,0,
-5.8451,-13.7925,9.08533,0,
-5.8451,-13.7850,9.08550,0,
-5.8451,-13.7750,9.08567,0,
-5.8451,-13.7675,9.08583,0,
-5.8451,-13.7600,9.08600,0,
-5.8451,-13.7500,9.08617,0,
-5.8451,-13.7425,9.08633,0,
-5.8824,-13.7350,9.08650,0,
-5.8824,-13.7250,9.08667,0,
-5.8824,-13.7175,9.08683,0,
-5.8451,-13.7100,9.08700,0,
-5.8824,-13.7000,9.08717,0,
-5.8824,-13.6925,9.08733,0,
-5.8824,-13.6825,9.08750,0,
-5.8824,-13.6750,9.08767,0,
-5.8824,-13.6650,9.08783,0,
-5.8824,-13.6575,9.08800,0,
-5.8824,-13.6500,9.08817,0,
-5.8824,-13.6400,9.08833,0,
-5.8824,-13.6325,9.08850,0,
-5.9196,-13.6250,9.08867,0,
-5.8824,-13.6150,9.08883,0,
-5.9196,-13.6075,9.08900,0,
-5.9196,-13.5975,9.08917,0,
-5.9196,-13.5900,9.08933,0,
-5.9196,-13.5825,9.08950,0,
-5.9196,-13.5750,9.08967,0,
-5.9196,-13.5650,9.08983,0,
-5.9196,-13.5575,9.09000,0,
-5.8824,-13.5475,9.09017,0,
-5.9196,-13.5400,9.09033,0,
-5.9196,-13.5325,9.09050,0,
-5.9196,-13.5225,9.09067,0,
-5.9196,-13.5150,9.09083,0,
-5.9196,-13.5075,9.09100,0,
-5.9196,-13.4975,9.09117,0,
-5.9196,-13.4900,9.09133,0,
-5.9568,-13.4825,9.09150,0,
-5.9568,-13.4750,9.09167,0,
-5.9568,-13.4650,9.09183,0,
-5.9568,-13.4575,9.09200,0,
-5.9568,-13.4500,9.09217,0,
-5.9568,-13.4400,9.09233,0,
-5.9568,-13.4325,9.09250,0,
-5.9568,-13.4250,9.09267,0,
-5.9568,-13.4150,9.09283,0,
-5.9568,-13.4075,9.09300,0,
-5.9568,-13.4000,9.09317,0,
-5.9940,-13.3900,9.09333,0,
-5.9940,-13.3825,9.09350,0,
-5.9940,-13.3725,9.09367,0,
-5.9940,-13.3650,9.09383,0,
-5.9940,-13.3550,9.09400,0,
-5.9940,-13.3475,9.09417,0,
-5.9940,-13.3400,9.09433,0,
-5.9940,-13.3300,9.09450,0,
-5.9940,-13.3225,9.09467,0,
-5.9940,-13.3150,9.09483,0,
-5.9940,-13.3050,9.09500,0,
-5.9940,-13.2975,9.09517,0,
-5.9940,-13.2900,9.09533,0,
-5.9940,-13.2825,9.09550,0,
-5.9940,-13.2725,9.09567,0,
-5.9940,-13.2650,9.09583,0,
-5.9940,-13.2575,9.09600,0,
-5.9940,-13.2500,9.09617,0,
-5.9940,-13.2400,9.09633,0,
-6.0313,-13.2325,9.09650,0,
-5.9940,-13.2250,9.09667,0,
-6.0313,-13.2150,9.09683,0,
-6.0313,-13.2075,9.09700,0,
-6.0313,-13.2000,9.09717,0,
-6.0313,-13.1900,9.09733,0,
-6.0313,-13.1825,9.09750,0,
-6.0313,-13.1750,9.09767,0,
-6.0313,-13.1650,9.09783,0,
-6.0685,-13.1575,9.09800,0,
-6.0685,-13.1500,9.09817,0,
-6.0685,-13.1425,9.09833,0,
-6.0685,-13.1325,9.09850,0,
-6.0685,-13.1250,9.09867,0,
-6.0685,-13.1175,9.09883,0,
-6.0685,-13.1100,9.09900,0,
-6.0685,-13.1000,9.09917,0,
-6.0685,-13.0925,9.09933,0,
-6.0685,-13.0850,9.09950,0,
-6.0685,-13.0750,9.09967,0,
-6.1057,-13.0675,9.09983,0,
-6.0685,-13.0600,9.10000,0,
-6.1057,-13.0500,9.10017,0,
-6.1057,-13.0425,9.10033,0,
-6.0685,-13.0325,9.10050,0,
-6.0685,-13.0250,9.10067,0,
-6.0685,-13.0150,9.10083,0,
-6.1057,-13.0075,9.10100,0,
-6.1057,-13.0000,9.10117,0,
-6.0685,-12.9900,9.10133,0,
-6.1057,-12.9825,9.10150,0,
-6.1057,-12.9750,9.10167,0,
-6.1057,-12.9650,9.10183,0,
-6.1057,-12.9575,9.10200,0,
-6.1057,-12.9500,9.10217,0,
-6.1057,-12.9400,9.10233,0,
-6.1057,-12.9325,9.10250,0,
-6.1430,-12.9250,9.10267,0,
-6.1430,-12.9175,9.10283,0,
-6.1430,-12.9075,9.10300,0,
-6.1430,-12.9000,9.10317,0,
-6.1430,-12.8900,9.10333,0,
-6.1802,-12.8825,9.10350,0,
-6.1802,-12.8750,9.10367,0,
-6.1802,-12.8650,9.10383,0,
-6.1802,-12.8575,9.10400,0,
-6.1802,-12.8500,9.10417,0,
-6.1802,-12.8400,9.10433,0,
-6.1802,-12.8325,9.10450,0,
-6.1802,-12.8225,9.10467,0,
-6.2174,-12.8150,9.10483,0,
-6.1802,-12.8075,9.10500,0,
-6.2174,-12.8000,9.10517,0,
-6.2174,-12.7925,9.10533,0,
-6.1802,-12.7825,9.10550,0,
-6.1802,-12.7750,9.10567,0,
-6.1802,-12.7650,9.10583,0,
-6.1802,-12.7575,9.10600,0,
-6.2174,-12.7500,9.10617,0,
-6.1802,-12.7400,9.10633,0,
-6.2174,-12.7325,9.10650,0,
-6.2174,-12.7250,9.10667,0,
-6.2174,-12.7150,9.10683,0,
-6.2174,-12.7075,9.10700,0,
-6.2174,-12.6975,9.10717,0,
-6.2174,-12.6900,9.10733,0,
-6.2174,-12.6800,9.10750,0,
-6.2547,-12.6725,9.10767,0,
-6.2547,-12.6650,9.10783,0,
-6.2547,-12.6550,9.10800,0,
-6.2919,-12.6475,9.10817,0,
-6.2919,-12.6400,9.10833,0,
-6.2919,-12.6300,9.10850,0,
-6.2919,-12.6225,9.10867,0,
-6.2919,-12.6150,9.10883,0,
-6.3291,-12.6075,9.10900,0,
-6.2919,-12.5975,9.10917,0,
-6.2919,-12.5900,9.10933,0,
-6.2919,-12.5825,9.10950,0,
-6.2919,-12.5725,9.10967,0,
-6.2919,-12.5650,9.10983,0,
-6.3291,-12.5575,9.11000,0,
-6.2919,-12.5475,9.11017,0,
-6.3291,-12.5400,9.11033,0,
-6.3291,-12.5300,9.11050,0,
-6.3291,-12.5225,9.11067,0,
-6.3291,-12.5125,9.11083,0,
-6.3291,-12.5050,9.11100,0,
-6.3291,-12.4975,9.11117,0,
-6.3291,-12.4875,9.11133,0,
-6.3663,-12.4800,9.11150,0,
-6.3663,-12.4725,9.11167,0,
-6.3663,-12.4625,9.11183,0,
-6.3663,-12.4550,9.11200,0,
-6.4036,-12.4475,9.11217,0,
-6.4036,-12.4375,9.11233,0,
-6.4036,-12.4300,9.11250,0,
-6.4036,-12.4225,9.11267,0,
-6.4036,-12.4125,9.11283,0,
-6.4036,-12.4050,9.11300,0,
-6.4036,-12.3950,9.11317,0,
-6.4036,-12.3875,9.11333,0,
-6.4408,-12.3800,9.11350,0,
-6.4408,-12.3700,9.11367,0,
-6.4408,-12.3625,9.11383,0,
-6.4408,-12.3525,9.11400,0,
-6.4408,-12.3450,9.11417,0,
-6.4780,-12.3375,9.11433,0,
-6.4780,-12.3275,9.11450,0,
-6.4780,-12.3200,9.11467,0,
-6.4780,-12.3125,9.11483,0,
-6.4780,-12.3050,9.11500,0,
-6.4780,-12.2950,9.11517,0,
-6.4780,-12.2875,9.11533,0,
-6.4780,-12.2800,9.11550,0,
-6.4780,-12.2725,9.11567,0,
-6.4780,-12.2625,9.11583,0,
-6.4780,-12.2550,9.11600,0,
-6.4780,-12.2475,9.11617,0,
-6.4780,-12.2375,9.11633,0,
-6.4780,-12.2300,9.11650,0,
-6.4780,-12.2225,9.11667,0,
-6.4780,-12.2150,9.11683,0,
-6.4780,-12.2050,9.11700,0,
-6.4780,-12.1975,9.11717,0,
-6.4780,-12.1875,9.11733,0,
-6.4780,-12.1800,9.11750,0,
-6.4780,-12.1725,9.11767,0,
-6.4408,-12.1625,9.11783,0,
-6.4408,-12.1550,9.11800,0,
-6.4408,-12.1475,9.11817,0,
-6.4408,-12.1400,9.11833,0,
-6.4408,-12.1300,9.11850,0,
-6.4408,-12.1225,9.11867,0,
-6.4408,-12.1150,9.11883,0,
-6.4036,-12.1050,9.11900,0,
-6.4408,-12.0975,9.11917,0,
-6.4036,-12.0900,9.11933,0,
-6.4036,-12.0800,9.11950,0,
-6.4036,-12.0725,9.11967,0,
-6.4036,-12.0650,9.11983,0,
-6.4036,-12.0550,9.12000,0,
-6.4036,-12.0475,9.12017,0,
-6.4036,-12.0375,9.12033,0,
-6.4036,-12.0300,9.12050,0,
-6.4036,-12.0200,9.12067,0,
-6.4036,-12.0125,9.12083,0,
-6.4036,-12.0050,9.12100,0,
-6.4036,-11.9950,9.12117,0,
-6.4036,-11.9875,9.12133,0,
-6.4036,-11.9800,9.12150,0,
-6.4036,-11.9700,9.12167,0,
-6.4036,-11.9625,9.12183,0,
-6.4036,-11.9550,9.12200,0,
-6.4036,-11.9450,9.12217,0,
-6.4036,-11.9375,9.12233,0,
-6.4036,-11.9300,9.12250,0,
-6.4036,-11.9200,9.12267,0,
-6.4408,-11.9125,9.12283,0,
-6.4408,-11.9050,9.12300,0,
-6.4408,-11.8950,9.12317,0,
-6.4408,-11.8875,9.12333,0,
-6.4780,-11.8800,9.12350,0,
-6.4780,-11.8700,9.12367,0,
-6.4780,-11.8625,9.12383,0,
-6.4780,-11.8525,9.12400,0,
-6.5153,-11.8450,9.12417,0,
-6.5153,-11.8375,9.12433,0,
-6.5153,-11.8300,9.12450,0,
-6.5525,-11.8200,9.12467,0,
-6.5525,-11.8125,9.12483,0,
-6.5525,-11.8050,9.12500,0,
-6.5897,-11.7975,9.12517,0,
-6.5897,-11.7900,9.12533,0,
-6.5897,-11.7800,9.12550,0,
-6.5897,-11.7725,9.12567,0,
-6.6270,-11.7650,9.12583,0,
-6.6270,-11.7575,9.12600,0,
-6.6270,-11.7475,9.12617,0,
-6.6270,-11.7400,9.12633,0,
-6.6642,-11.7325,9.12650,0,
-6.6642,-11.7225,9.12667,0,
-6.6642,-11.7150,9.12683,0,
-6.6642,-11.7075,9.12700,0,
-6.6642,-11.7000,9.12717,0,
-6.6642,-11.6900,9.12733,0,
-6.6642,-11.6825,9.12750,0,
-6.6642,-11.6750,9.12767,0,
-6.6642,-11.6650,9.12783,0,
-6.7014,-11.6575,9.12800,0,
-6.7014,-11.6500,9.12817,0,
-6.7014,-11.6425,9.12833,0,
-6.7014,-11.6325,9.12850,0,
-6.7014,-11.6250,9.12867,0,
-6.7386,-11.6175,9.12883,0,
-6.7386,-11.6100,9.12900,0,
-6.7386,-11.6025,9.12917,0,
-6.7386,-11.5925,9.12933,0,
-6.7759,-11.5850,9.12950,0,
-6.7759,-11.5775,9.12967,0,
-6.7759,-11.5700,9.12983,0,
-6.7759,-11.5600,9.13000,0,
-6.7759,-11.5525,9.13017,0,
-6.8131,-11.5450,9.13033,0,
-6.7759,-11.5350,9.13050,0,
-6.8131,-11.5275,9.13067,0,
-6.8131,-11.5200,9.13083,0,
-6.8503,-11.5100,9.13100,0,
-6.8503,-11.5025,9.13117,0,
-6.8503,-11.4950,9.13133,0,
-6.8503,-11.4875,9.13150,0,
-6.8503,-11.4775,9.13167,0,
-6.8503,-11.4700,9.13183,0,
-6.8503,-11.4625,9.13200,0,
-6.8503,-11.4550,9.13217,0,
-6.8876,-11.4450,9.13233,0,
-6.8876,-11.4375,9.13250,0,
-6.8876,-11.4300,9.13267,0,
-6.8876,-11.4200,9.13283,0,
-6.8503,-11.4125,9.13300,0,
-6.8876,-11.4050,9.13317,0,
-6.8876,-11.3975,9.13333,0,
-6.8876,-11.3875,9.13350,0,
-6.8876,-11.3800,9.13367,0,
-6.8876,-11.3700,9.13383,0,
-6.8876,-11.3625,9.13400,0,
-6.8876,-11.3525,9.13417,0,
-6.9248,-11.3450,9.13433,0,
-6.9248,-11.3375,9.13450,0,
-6.9248,-11.3275,9.13467,0,
-6.9248,-11.3200,9.13483,0,
-6.9248,-11.3125,9.13500,0,
-6.9248,-11.3025,9.13517,0,
-6.9620,-11.2950,9.13533,0,
-6.9620,-11.2875,9.13550,0,
-6.9993,-11.2800,9.13567,0,
-6.9993,-11.2700,9.13583,0,
-6.9993,-11.2625,9.13600,0,
-6.9993,-11.2550,9.13617,0,
-6.9993,-11.2450,9.13633,0,
-7.0365,-11.2375,9.13650,0,
-7.0737,-11.2300,9.13667,0,
-7.0737,-11.2200,9.13683,0,
-7.0737,-11.2125,9.13700,0,
-7.0737,-11.2025,9.13717,0,
-7.0737,-11.1950,9.13733,0,
-7.1109,-11.1875,9.13750,0,
-7.1109,-11.1775,9.13767,0,
-7.1109,-11.1700,9.13783,0,
-7.1482,-11.1625,9.13800,0,
-7.1482,-11.1550,9.13817,0,
-7.1854,-11.1475,9.13833,0,
-7.1854,-11.1375,9.13850,0,
-7.1854,-11.1300,9.13867,0,
-7.1854,-11.1225,9.13883,0,
-7.1854,-11.1125,9.13900,0,
-7.1854,-11.1050,9.13917,0,
-7.2226,-11.0975,9.13933,0,
-7.2226,-11.0875,9.13950,0,
-7.2226,-11.0800,9.13967,0,
-7.2226,-11.0725,9.13983,0,
-7.2226,-11.0650,9.14000,0,
-7.2226,-11.0550,9.14017,0,
-7.2599,-11.0475,9.14033,0,
-7.2599,-11.0400,9.14050,0,
-7.2599,-11.0300,9.14067,0,
-7.2971,-11.0225,9.14083,0,
-7.2971,-11.0125,9.14100,0,
-7.2971,-11.0050,9.14117,0,
-7.2971,-10.9975,9.14133,0,
-7.3343,-10.9900,9.14150,0,
-7.3343,-10.9800,9.14167,0,
-7.3343,-10.9725,9.14183,0,
-7.3343,-10.9650,9.14200,0,
-7.3716,-10.9575,9.14217,0,
-7.3716,-10.9475,9.14233,0,
-7.3716,-10.9400,9.14250,0,
-7.3716,-10.9325,9.14267,0,
-7.4088,-10.9250,9.14283,0,
-7.4088,-10.9150,9.14300,0,
-7.4088,-10.9075,9.14317,0,
-7.4088,-10.9000,9.14333,0,
-7.4088,-10.8900,9.14350,0,
-7.4460,-10.8825,9.14367,0,
-7.4460,-10.8750,9.14383,0,
-7.4460,-10.8650,9.14400,0,
-7.4460,-10.8575,9.14417,0,
-7.4460,-10.8500,9.14433,0,
-7.4460,-10.8400,9.14450,0,
-7.4460,-10.8325,9.14467,0,
-7.4460,-10.8250,9.14483,0,
-7.4460,-10.8175,9.14500,0,
-7.4460,-10.8075,9.14517,0,
-7.4460,-10.8000,9.14533,0,
-7.4460,-10.7925,9.14550,0,
-7.4460,-10.7850,9.14567,0,
-7.4460,-10.7750,9.14583,0,
-7.4460,-10.7675,9.14600,0,
-7.4460,-10.7600,9.14617,0,
-7.4460,-10.7500,9.14633,0,
-7.4460,-10.7425,9.14650,0,
-7.4832,-10.7350,9.14667,0,
-7.4460,-10.7275,9.14683,0,
-7.4460,-10.7175,9.14700,0,
-7.4460,-10.7100,9.14717,0,
-7.4460,-10.7025,9.14733,0,
-7.4460,-10.6925,9.14750,0,
-7.4088,-10.6850,9.14767,0,
-7.4088,-10.6750,9.14783,0,
-7.4088,-10.6675,9.14800,0,
-7.4088,-10.6600,9.14817,0,
-7.4088,-10.6525,9.14833,0,
-7.4088,-10.6425,9.14850,0,
-7.4088,-10.6350,9.14867,0,
-7.4088,-10.6275,9.14883,0,
-7.4088,-10.6200,9.14900,0,
-7.4088,-10.6100,9.14917,0,
-7.4088,-10.6025,9.14933,0,
-7.4088,-10.5950,9.14950,0,
-7.4088,-10.5875,9.14967,0,
-7.4460,-10.5775,9.14983,0,
-7.4460,-10.5700,9.15000,0,
-7.4460,-10.5625,9.15017,0,
-7.4460,-10.5525,9.15033,0,
-7.4460,-10.5450,9.15050,0,
-7.4460,-10.5375,9.15067,0,
-7.4460,-10.5275,9.15083,0,
-7.4832,-10.5200,9.15100,0,
-7.4832,-10.5125,9.15117,0,
-7.4832,-10.5025,9.15133,0,
-7.4832,-10.4950,9.15150,0,
-7.5205,-10.4875,9.15167,0,
-7.5205,-10.4800,9.15183,0,
-7.5205,-10.4725,9.15200,0,
-7.5205,-10.4625,9.15217,0,
-7.5577,-10.4550,9.15233,0,
-7.5577,-10.4475,9.15250,0,
-7.5577,-10.4400,9.15267,0,
-7.5577,-10.4300,9.15283,0,
-7.5577,-10.4225,9.15300,0,
-7.5949,-10.4150,9.15317,0,
-7.5949,-10.4050,9.15333,0,
-7.5949,-10.3975,9.15350,0,
-7.5949,-10.3900,9.15367,0,
-7.5949,-10.3800,9.15383,0,
-7.5949,-10.3725,9.15400,0,
-7.5949,-10.3625,9.15417,0,
-7.6322,-10.3550,9.15433,0,
-7.6322,-10.3475,9.15450,0,
-7.6322,-10.3375,9.15467,0,
-7.6322,-10.3300,9.15483,0,
-7.6694,-10.3225,9.15500,0,
-7.6694,-10.3125,9.15517,0,
-7.6694,-10.3050,9.15533,0,
-7.6694,-10.2975,9.15550,0,
-7.7066,-10.2900,9.15567,0,
-7.7066,-10.2800,9.15583,0,
-7.7066,-10.2725,9.15600,0,
-7.7066,-10.2650,9.15617,0,
-7.7439,-10.2575,9.15633,0,
-7.7439,-10.2475,9.15650,0,
-7.7439,-10.2400,9.15667,0,
-7.7439,-10.2325,9.15683,0,
-7.7439,-10.2225,9.15700,0,
-7.7811,-10.2150,9.15717,0,
-7.7811,-10.2075,9.15733,0,
-7.7811,-10.1975,9.15750,0,
-7.7811,-10.1900,9.15767,0,
-7.7811,-10.1800,9.15783,0,
-7.8183,-10.1725,9.15800,0,
-7.8183,-10.1650,9.15817,0,
-7.8183,-10.1575,9.15833,0,
-7.8183,-10.1475,9.15850,0,
-7.8555,-10.1400,9.15867,0,
-7.8555,-10.1325,9.15883,0,
-7.8555,-10.1225,9.15900,0,
-7.8555,-10.1150,9.15917,0,
-7.8555,-10.1050,9.15933,0,
-7.8928,-10.0975,9.15950,0,
-7.8928,-10.0900,9.15967,0,
-7.8928,-10.0800,9.15983,0,
-7.8928,-10.0725,9.16000,0,
-7.8928,-10.0650,9.16017,0,
-7.8928,-10.0550,9.16033,0,
-7.8928,-10.0475,9.16050,0,
-7.9300,-10.0375,9.16067,0,
-7.9300,-10.0300,9.16083,0,
-7.9300,-10.0200,9.16100,0,
-7.9300,-10.0125,9.16117,0,
-7.9672,-10.0025,9.16133,0,
-7.9672,-9.9950,9.16150,0,
-7.9672,-9.9875,9.16167,0,
-7.9672,-9.9775,9.16183,0,
-8.0045,-9.9700,9.16200,0,
-8.0045,-9.9625,9.16217,0,
-8.0045,-9.9525,9.16233,0,
-8.0417,-9.9450,9.16250,0,
-8.0417,-9.9375,9.16267,0,
-8.0417,-9.9275,9.16283,0,
-8.0417,-9.9200,9.16300,0,
-8.0417,-9.9125,9.16317,0,
-8.0789,-9.9025,9.16333,0,
-8.0789,-9.8950,9.16350,0,
-8.0789,-9.8875,9.16367,0,
-8.1162,-9.8775,9.16383,0,
-8.1162,-9.8700,9.16400,0,
-8.1162,-9.8625,9.16417,0,
-8.1534,-9.8525,9.16433,0,
-8.1534,-9.8450,9.16450,0,
-8.1534,-9.8375,9.16467,0,
-8.1534,-9.8275,9.16483,0,
-8.1906,-9.8200,9.16500,0,
-8.1534,-9.8125,9.16517,0,
-8.1906,-9.8050,9.16533,0,
-8.1906,-9.7950,9.16550,0,
-8.1906,-9.7875,9.16567,0,
-8.1906,-9.7800,9.16583,0,
-8.1906,-9.7700,9.16600,0,
-8.2278,-9.7625,9.16617,0,
-8.2278,-9.7550,9.16633,0,
-8.2278,-9.7450,9.16650,0,
-8.2278,-9.7375,9.16667,0,
-8.2278,-9.7300,9.16683,0,
-8.2651,-9.7200,9.16700,0,
-8.2651,-9.7125,9.16717,0,
-8.2651,-9.7025,9.16733,0,
-8.2651,-9.6950,9.16750,0,
-8.2651,-9.6850,9.16767,0,
-8.2651,-9.6775,9.16783,0,
-8.3023,-9.6700,9.16800,0,
-8.3023,-9.6600,9.16817,0,
-8.3023,-9.6525,9.16833,0,
-8.3023,-9.6450,9.16850,0,
-8.3023,-9.6375,9.16867,0,
-8.3395,-9.6275,9.16883,0,
-8.3395,-9.6200,9.16900,0,
-8.3395,-9.6125,9.16917,0,
-8.3768,-9.6025,9.16933,0,
-8.3768,-9.5950,9.16950,0,
-8.4140,-9.5875,9.16967,0,
-8.4140,-9.5800,9.16983,0,
-8.4140,-9.5700,9.17000,0,
-8.4140,-9.5625,9.17017,0,
-8.4512,-9.5550,9.17033,0,
-8.4512,-9.5450,9.17050,0,
-8.4512,-9.5375,9.17067,0,
-8.4512,-9.5300,9.17083,0,
-8.4885,-9.5200,9.17100,0,
-8.4885,-9.5125,9.17117,0,
-8.5257,-9.5050,9.17133,0,
-8.5257,-9.4950,9.17150,0,
-8.5629,-9.4875,9.17167,0,
-8.5629,-9.4800,9.17183,0,
-8.6001,-9.4725,9.17200,0,
-8.6001,-9.4625,9.17217,0,
-8.6374,-9.4550,9.17233,0,
-8.6374,-9.4475,9.17250,0,
-8.6746,-9.4375,9.17267,0,
-8.7118,-9.4300,9.17283,0,
-8.7118,-9.4225,9.17300,0,
-8.7118,-9.4125,9.17317,0,
-8.7118,-9.4050,9.17333,0,
-8.7118,-9.3975,9.17350,0,
-8.7118,-9.3875,9.17367,0,
-8.7491,-9.3800,9.17383,0,
-8.7491,-9.3725,9.17400,0,
-8.7863,-9.3625,9.17417,0,
-8.7863,-9.3550,9.17433,0,
-8.8235,-9.3450,9.17450,0,
-8.8235,-9.3375,9.17467,0,
-8.8235,-9.3300,9.17483,0,
-8.8608,-9.3200,9.17500,0,
-8.8608,-9.3125,9.17517,0,
-8.8608,-9.3050,9.17533,0,
-8.8608,-9.2950,9.17550,0,
-8.8608,-9.2875,9.17567,0,
-8.8980,-9.2800,9.17583,0,
-8.8980,-9.2700,9.17600,0,
-8.8980,-9.2625,9.17617,0,
-8.8980,-9.2550,9.17633,0,
-8.8980,-9.2475,9.17650,0,
-8.8980,-9.2375,9.17667,0,
-8.8980,-9.2300,9.17683,0,
-8.8980,-9.2200,9.17700,0,
-8.8980,-9.2125,9.17717,0,
-8.8980,-9.2050,9.17733,0,
-8.8980,-9.1950,9.17750,0,
-8.8980,-9.1875,9.17767,0,
-8.8980,-9.1775,9.17783,0,
-8.8980,-9.1700,9.17800,0,
-8.8980,-9.1625,9.17817,0,
-8.9352,-9.1550,9.17833,0,
-8.9352,-9.1450,9.17850,0,
-8.9352,-9.1375,9.17867,0,
-8.9352,-9.1300,9.17883,0,
-8.9352,-9.1200,9.17900,0,
-8.9725,-9.1125,9.17917,0,
-8.9725,-9.1050,9.17933,0,
-9.0097,-9.0950,9.17950,0,
-9.0097,-9.0875,9.17967,0,
-9.0097,-9.0775,9.17983,0,
-9.0097,-9.0700,9.18000,0,
-9.0469,-9.0625,9.18017,0,
-9.0469,-9.0525,9.18033,0,
-9.0469,-9.0450,9.18050,0,
-9.0469,-9.0375,9.18067,0,
-9.0469,-9.0275,9.18083,0,
-9.0469,-9.0200,9.18100,0,
-9.0841,-9.0100,9.18117,0,
-9.0841,-9.0025,9.18133,0,
-9.1214,-8.9925,9.18150,0,
-9.1214,-8.9850,9.18167,0,
-9.1214,-8.9775,9.18183,0,
-9.1586,-8.9675,9.18200,0,
-9.1586,-8.9600,9.18217,0,
-9.1586,-8.9525,9.18233,0,
-9.1958,-8.9425,9.18250,0,
-9.1958,-8.9350,9.18267,0,
-9.2331,-8.9275,9.18283,0,
-9.2331,-8.9175,9.18300,0,
-9.2703,-8.9100,9.18317,0,
-9.2703,-8.9025,9.18333,0,
-9.2703,-8.8925,9.18350,0,
-9.2703,-8.8850,9.18367,0,
-9.3075,-8.8775,9.18383,0,
-9.3075,-8.8675,9.18400,0,
-9.3075,-8.8600,9.18417,0,
-9.3447,-8.8500,9.18433,0,
-9.3447,-8.8425,9.18450,0,
-9.3447,-8.8350,9.18467,0,
-9.3447,-8.8250,9.18483,0,
-9.3820,-8.8175,9.18500,0,
-9.3820,-8.8100,9.18517,0,
-9.3820,-8.8000,9.18533,0,
-9.4192,-8.7925,9.18550,0,
-9.4192,-8.7850,9.18567,0,
-9.4192,-8.7750,9.18583,0,
-9.4564,-8.7675,9.18600,0,
-9.4564,-8.7600,9.18617,0,
-9.4564,-8.7500,9.18633,0,
-9.4937,-8.7425,9.18650,0,
-9.4937,-8.7350,9.18667,0,
-9.4937,-8.7250,9.18683,0,
-9.5309,-8.7175,9.18700,0,
-9.5309,-8.7100,9.18717,0,
-9.5309,-8.7000,9.18733,0,
-9.5309,-8.6925,9.18750,0,
-9.5309,-8.6825,9.18767,0,
-9.5309,-8.6750,9.18783,0,
-9.5309,-8.6675,9.18800,0,
-9.5309,-8.6575,9.18817,0,
-9.5309,-8.6500,9.18833,0,
-9.5309,-8.6425,9.18850,0,
-9.4937,-8.6350,9.18867,0,
-9.5309,-8.6250,9.18883,0,
-9.5309,-8.6175,9.18900,0,
-9.4937,-8.6100,9.18917,0,
-9.5309,-8.6025,9.18933,0,
-9.5309,-8.5925,9.18950,0,
-9.5309,-8.5850,9.18967,0,
-9.5309,-8.5775,9.18983,0,
-9.5309,-8.5675,9.19000,0,
-9.5309,-8.5600,9.19017,0,
-9.5309,-8.5525,9.19033,0,
-9.5309,-8.5450,9.19050,0,
-9.5309,-8.5350,9.19067,0,
-9.5681,-8.5275,9.19083,0,
-9.5681,-8.5200,9.19100,0,
-9.5681,-8.5100,9.19117,0,
-9.6054,-8.5025,9.19133,0,
-9.6054,-8.4950,9.19150,0,
-9.6054,-8.4875,9.19167,0,
-9.6054,-8.4775,9.19183,0,
-9.6054,-8.4700,9.19200,0,
-9.5681,-8.4625,9.19217,0,
-9.5681,-8.4550,9.19233,0,
-9.6054,-8.4450,9.19250,0,
-9.6426,-8.4375,9.19267,0,
-9.6426,-8.4300,9.19283,0,
-9.6798,-8.4200,9.19300,0,
-9.6798,-8.4125,9.19317,0,
-9.6798,-8.4025,9.19333,0,
-9.7171,-8.3950,9.19350,0,
-9.7171,-8.3875,9.19367,0,
-9.7171,-8.3775,9.19383,0,
-9.7171,-8.3700,9.19400,0,
-9.7543,-8.3600,9.19417,0,
-9.7543,-8.3525,9.19433,0,
-9.7915,-8.3425,9.19450,0,
-9.7915,-8.3350,9.19467,0,
-9.8287,-8.3275,9.19483,0,
-9.8287,-8.3200,9.19500,0,
-9.8287,-8.3100,9.19517,0,
-9.8287,-8.3025,9.19533,0,
-9.8287,-8.2950,9.19550,0,
-9.8287,-8.2850,9.19567,0,
-9.8287,-8.2775,9.19583,0,
-9.8660,-8.2675,9.19600,0,
-9.8660,-8.2600,9.19617,0,
-9.8660,-8.2525,9.19633,0,
-9.9032,-8.2425,9.19650,0,
-9.9032,-8.2350,9.19667,0,
-9.9404,-8.2275,9.19683,0,
-9.9404,-8.2175,9.19700,0,
-9.9777,-8.2100,9.19717,0,
-9.9777,-8.2025,9.19733,0,
-10.0149,-8.1925,9.19750,0,
-10.0149,-8.1850,9.19767,0,
-10.0521,-8.1750,9.19783,0,
-10.0521,-8.1675,9.19800,0,
-10.0521,-8.1575,9.19817,0,
-10.0894,-8.1500,9.19833,0,
-10.0894,-8.1425,9.19850,0,
-10.1266,-8.1350,9.19867,0,
-10.1266,-8.1275,9.19883,0,
-10.1638,-8.1175,9.19900,0,
-10.1638,-8.1100,9.19917,0,
-10.1638,-8.1025,9.19933,0,
-10.1638,-8.0925,9.19950,0,
-10.1638,-8.0850,9.19967,0,
-10.2010,-8.0775,9.19983,0,
-10.2010,-8.0675,9.20000,0,
-10.2010,-8.0600,9.20017,0,
-10.2010,-8.0525,9.20033,0,
-10.2010,-8.0425,9.20050,0,
-10.2010,-8.0350,9.20067,0,
-10.2010,-8.0250,9.20083,0,
-10.2010,-8.0175,9.20100,0,
-10.2383,-8.0100,9.20117,0,
-10.2383,-8.0000,9.20133,0,
-10.2383,-7.9925,9.20150,0,
-10.2383,-7.9850,9.20167,0,
-10.2755,-7.9750,9.20183,0,
-10.2755,-7.9675,9.20200,0,
-10.3127,-7.9600,9.20217,0,
-10.3127,-7.9500,9.20233,0,
-10.3127,-7.9425,9.20250,0,
-10.3127,-7.9350,9.20267,0,
-10.3127,-7.9250,9.20283,0,
-10.3127,-7.9175,9.20300,0,
-10.3127,-7.9100,9.20317,0,
-10.3500,-7.9000,9.20333,0,
-10.3500,-7.8925,9.20350,0,
-10.3500,-7.8850,9.20367,0,
-10.3872,-7.8750,9.20383,0,
-10.3872,-7.8675,9.20400,0,
-10.3872,-7.8575,9.20417,0,
-10.4244,-7.8500,9.20433,0,
-10.4244,-7.8425,9.20450,0,
-10.4617,-7.8325,9.20467,0,
-10.4617,-7.8250,9.20483,0,
-10.4617,-7.8175,9.20500,0,
-10.4989,-7.8100,9.20517,0,
-10.4989,-7.8000,9.20533,0,
-10.5361,-7.7925,9.20550,0,
-10.4989,-7.7850,9.20567,0,
-10.4989,-7.7750,9.20583,0,
-10.4989,-7.7675,9.20600,0,
-10.4989,-7.7600,9.20617,0,
-10.4989,-7.7500,9.20633,0,
-10.4989,-7.7425,9.20650,0,
-10.4989,-7.7325,9.20667,0,
-10.4989,-7.7250,9.20683,0,
-10.4989,-7.7175,9.20700,0,
-10.5361,-7.7075,9.20717,0,
-10.5361,-7.7000,9.20733,0,
-10.5733,-7.6900,9.20750,0,
-10.5733,-7.6825,9.20767,0,
-10.5733,-7.6725,9.20783,0,
-10.6106,-7.6650,9.20800,0,
-10.6106,-7.6575,9.20817,0,
-10.6106,-7.6500,9.20833,0,
-10.6478,-7.6400,9.20850,0,
-10.6478,-7.6325,9.20867,0,
-10.6850,-7.6250,9.20883,0,
-10.6850,-7.6150,9.20900,0,
-10.6850,-7.6075,9.20917,0,
-10.7223,-7.6000,9.20933,0,
-10.7223,-7.5900,9.20950,0,
-10.7595,-7.5825,9.20967,0,
-10.7595,-7.5750,9.20983,0,
-10.7595,-7.5650,9.21000,0,
-10.7595,-7.5575,9.21017,0,
-10.7595,-7.5475,9.21033,0,
-10.7595,-7.5400,9.21050,0,
-10.7595,-7.5325,9.21067,0,
-10.7595,-7.5225,9.21083,0,
-10.7595,-7.5150,9.21100,0,
-10.7967,-7.5050,9.21117,0,
-10.7967,-7.4975,9.21133,0,
-10.8340,-7.4900,9.21150,0,
-10.8340,-7.4800,9.21167,0,
-10.8340,-7.4725,9.21183,0,
-10.8340,-7.4650,9.21200,0,
-10.8340,-7.4550,9.21217,0,
-10.8340,-7.4475,9.21233,0,
-10.8340,-7.4400,9.21250,0,
-10.8712,-7.4300,9.21267,0,
-10.8712,-7.4225,9.21283,0,
-10.9084,-7.4125,9.21300,0,
-10.9084,-7.4050,9.21317,0,
-10.9456,-7.3975,9.21333,0,
-10.9456,-7.3875,9.21350,0,
-10.9456,-7.3800,9.21367,0,
-10.9456,-7.3725,9.21383,0,
-10.9456,-7.3625,9.21400,0,
-10.9456,-7.3525,9.21417,0,
-10.9456,-7.3450,9.21433,0,
-10.9456,-7.3375,9.21450,0,
-10.9456,-7.3275,9.21467,0,
-10.9456,-7.3200,9.21483,0,
-10.9456,-7.3125,9.21500,0,
-10.9456,-7.3025,9.21517,0,
-10.9456,-7.2950,9.21533,0,
-10.9456,-7.2875,9.21550,0,
-10.9456,-7.2775,9.21567,0,
-10.9456,-7.2700,9.21583,0,
-10.9456,-7.2600,9.21600,0,
-10.9456,-7.2525,9.21617,0,
-10.9456,-7.2450,9.21633,0,
-10.9829,-7.2350,9.21650,0,
-10.9829,-7.2275,9.21667,0,
-10.9829,-7.2175,9.21683,0,
-10.9829,-7.2100,9.21700,0,
-11.0201,-7.2025,9.21717,0,
-11.0201,-7.1925,9.21733,0,
-11.0201,-7.1850,9.21750,0,
-11.0201,-7.1775,9.21767,0,
-11.0573,-7.1675,9.21783,0,
-11.0573,-7.1600,9.21800,0,
-11.0573,-7.1525,9.21817,0,
-11.0573,-7.1425,9.21833,0,
-11.0946,-7.1350,9.21850,0,
-11.0946,-7.1275,9.21867,0,
-11.0946,-7.1175,9.21883,0,
-11.1318,-7.1100,9.21900,0,
-11.1318,-7.1000,9.21917,0,
-11.1318,-7.0925,9.21933,0,
-11.1318,-7.0850,9.21950,0,
-11.1318,-7.0750,9.21967,0,
-11.1318,-7.0675,9.21983,0,
-11.1318,-7.0600,9.22000,0,
-11.1318,-7.0500,9.22017,0,
-11.1318,-7.0425,9.22033,0,
-11.1690,-7.0325,9.22050,0,
-11.1318,-7.0250,9.22067,0,
-11.1318,-7.0175,9.22083,0,
-11.1690,-7.0075,9.22100,0,
-11.1690,-7.0000,9.22117,0,
-11.1690,-6.9925,9.22133,0,
-11.1690,-6.9825,9.22150,0,
-11.1318,-6.9750,9.22167,0,
-11.1690,-6.9650,9.22183,0,
-11.1318,-6.9575,9.22200,0,
-11.1690,-6.9500,9.22217,0,
-11.1318,-6.9400,9.22233,0,
-11.1690,-6.9325,9.22250,0,
-11.1690,-6.9250,9.22267,0,
-11.1318,-6.9150,9.22283,0,
-11.1318,-6.9075,9.22300,0,
-11.1318,-6.9000,9.22317,0,
-11.1318,-6.8900,9.22333,0,
-11.1690,-6.8825,9.22350,0,
-11.1690,-6.8725,9.22367,0,
-11.1690,-6.8650,9.22383,0,
-11.2063,-6.8575,9.22400,0,
-11.2063,-6.8475,9.22417,0,
-11.2063,-6.8400,9.22433,0,
-11.2435,-6.8325,9.22450,0,
-11.2435,-6.8250,9.22467,0,
-11.2807,-6.8150,9.22483,0,
-11.2807,-6.8075,9.22500,0,
-11.2807,-6.8000,9.22517,0,
-11.3179,-6.7925,9.22533,0,
-11.3179,-6.7850,9.22550,0,
-11.3179,-6.7750,9.22567,0,
-11.3552,-6.7675,9.22583,0,
-11.3552,-6.7600,9.22600,0,
-11.3552,-6.7500,9.22617,0,
-11.3924,-6.7425,9.22633,0,
-11.3924,-6.7350,9.22650,0,
-11.3924,-6.7250,9.22667,0,
-11.3924,-6.7175,9.22683,0,
-11.4296,-6.7100,9.22700,0,
-11.4296,-6.7000,9.22717,0,
-11.4296,-6.6925,9.22733,0,
-11.4296,-6.6825,9.22750,0,
-11.4296,-6.6750,9.22767,0,
-11.4296,-6.6675,9.22783,0,
-11.4296,-6.6575,9.22800,0,
-11.4296,-6.6500,9.22817,0,
-11.4296,-6.6425,9.22833,0,
-11.4296,-6.6350,9.22850,0,
-11.4296,-6.6275,9.22867,0,
-11.4669,-6.6175,9.22883,0,
-11.4296,-6.6100,9.22900,0,
-11.4296,-6.6025,9.22917,0,
-11.4296,-6.5950,9.22933,0,
-11.4296,-6.5850,9.22950,0,
-11.4296,-6.5775,9.22967,0,
-11.4296,-6.5700,9.22983,0,
-11.3924,-6.5600,9.23000,0,
-11.3924,-6.5525,9.23017,0,
-11.3924,-6.5450,9.23033,0,
-11.3924,-6.5350,9.23050,0,
-11.3924,-6.5275,9.23067,0,
-11.3552,-6.5175,9.23083,0,
-11.3924,-6.5100,9.23100,0,
-11.3924,-6.5025,9.23117,0,
-11.3552,-6.4950,9.23133,0,
-11.3924,-6.4850,9.23150,0,
-11.3924,-6.4775,9.23167,0,
-11.3552,-6.4700,9.23183,0,
-11.3924,-6.4625,9.23200,0,
-11.3924,-6.4525,9.23217,0,
-11.3552,-6.4450,9.23233,0,
-11.3552,-6.4375,9.23250,0,
-11.3924,-6.4300,9.23267,0,
-11.3552,-6.4200,9.23283,0,
-11.3924,-6.4125,9.23300,0,
-11.3924,-6.4050,9.23317,0,
-11.3924,-6.3950,9.23333,0,
-11.3552,-6.3875,9.23350,0,
-11.3552,-6.3800,9.23367,0,
-11.3924,-6.3700,9.23383,0,
-11.3924,-6.3625,9.23400,0,
-11.3924,-6.3525,9.23417,0,
-11.4296,-6.3450,9.23433,0,
-11.4296,-6.3350,9.23450,0,
-11.4296,-6.3275,9.23467,0,
-11.4296,-6.3200,9.23483,0,
-11.4296,-6.3125,9.23500,0,
-11.4296,-6.3025,9.23517,0,
-11.4296,-6.2950,9.23533,0,
-11.4669,-6.2875,9.23550,0,
-11.4296,-6.2775,9.23567,0,
-11.4296,-6.2700,9.23583,0,
-11.4296,-6.2625,9.23600,0,
-11.4296,-6.2525,9.23617,0,
-11.4296,-6.2450,9.23633,0,
-11.4296,-6.2375,9.23650,0,
-11.4296,-6.2300,9.23667,0,
-11.4296,-6.2200,9.23683,0,
-11.4669,-6.2125,9.23700,0,
-11.4669,-6.2050,9.23717,0,
-11.4669,-6.1950,9.23733,0,
-11.5041,-6.1875,9.23750,0,
-11.5041,-6.1800,9.23767,0,
-11.5041,-6.1725,9.23783,0,
-11.5041,-6.1625,9.23800,0,
-11.5041,-6.1550,9.23817,0,
-11.5041,-6.1475,9.23833,0,
-11.5041,-6.1400,9.23850,0,
-11.5413,-6.1325,9.23867,0,
-11.5413,-6.1225,9.23883,0,
-11.5041,-6.1150,9.23900,0,
-11.5041,-6.1075,9.23917,0,
-11.5413,-6.0975,9.23933,0,
-11.5413,-6.0900,9.23950,0,
-11.5413,-6.0825,9.23967,0,
-11.5786,-6.0750,9.23983,0,
-11.5786,-6.0650,9.24000,0,
-11.5413,-6.0575,9.24017,0,
-11.5413,-6.0475,9.24033,0,
-11.5786,-6.0400,9.24050,0,
-11.5413,-6.0325,9.24067,0,
-11.5413,-6.0225,9.24083,0,
-11.5786,-6.0150,9.24100,0,
-11.5786,-6.0075,9.24117,0,
-11.5786,-5.9975,9.24133,0,
-11.5786,-5.9900,9.24150,0,
-11.5786,-5.9825,9.24167,0,
-11.5786,-5.9725,9.24183,0,
-11.5786,-5.9650,9.24200,0,
-11.5786,-5.9575,9.24217,0,
-11.5786,-5.9500,9.24233,0,
-11.5786,-5.9400,9.24250,0,
-11.5786,-5.9325,9.24267,0,
-11.5413,-5.9250,9.24283,0,
-11.5413,-5.9150,9.24300,0,
-11.5413,-5.9075,9.24317,0,
-11.5041,-5.9000,9.24333,0,
-11.5041,-5.8900,9.24350,0,
-11.5041,-5.8825,9.24367,0,
-11.5041,-5.8750,9.24383,0,
-11.5041,-5.8650,9.24400,0,
-11.5041,-5.8575,9.24417,0,
-11.5041,-5.8475,9.24433,0,
-11.5041,-5.8400,9.24450,0,
-11.5041,-5.8325,9.24467,0,
-11.5041,-5.8250,9.24483,0,
-11.5041,-5.8175,9.24500,0,
-11.5041,-5.8075,9.24517,0,
-11.5041,-5.8000,9.24533,0,
-11.5041,-5.7925,9.24550,0,
-11.4669,-5.7825,9.24567,0,
-11.4669,-5.7750,9.24583,0,
-11.4669,-5.7675,9.24600,0,
-11.4669,-5.7600,9.24617,0,
-11.4669,-5.7500,9.24633,0,
-11.4669,-5.7425,9.24650,0,
-11.4669,-5.7350,9.24667,0,
-11.5041,-5.7250,9.24683,0,
-11.5041,-5.7175,9.24700,0,
-11.5041,-5.7075,9.24717,0,
-11.5041,-5.7000,9.24733,0,
-11.5041,-5.6925,9.24750,0,
-11.5041,-5.6825,9.24767,0,
-11.5413,-5.6750,9.24783,0,
-11.5413,-5.6675,9.24800,0,
-11.5413,-5.6575,9.24817,0,
-11.5786,-5.6500,9.24833,0,
-11.5786,-5.6425,9.24850,0,
-11.5786,-5.6325,9.24867,0,
-11.5786,-5.6250,9.24883,0,
-11.6158,-5.6175,9.24900,0,
-11.6158,-5.6075,9.24917,0,
-11.6530,-5.6000,9.24933,0,
-11.6530,-5.5925,9.24950,0,
-11.6530,-5.5850,9.24967,0,
-11.6530,-5.5750,9.24983,0,
-11.6530,-5.5675,9.25000,0,
-11.6530,-5.5600,9.25017,0,
-11.6530,-5.5500,9.25033,0,
-11.6158,-5.5425,9.25050,0,
-11.6158,-5.5325,9.25067,0,
-11.6158,-5.5250,9.25083,0,
-11.6158,-5.5175,9.25100,0,
-11.6158,-5.5075,9.25117,0,
-11.6158,-5.5000,9.25133,0,
-11.6158,-5.4925,9.25150,0,
-11.6158,-5.4850,9.25167,0,
-11.6158,-5.4750,9.25183,0,
-11.6158,-5.4675,9.25200,0,
-11.6158,-5.4600,9.25217,0,
-11.5786,-5.4525,9.25233,0,
-11.5786,-5.4425,9.25250,0,
-11.5786,-5.4350,9.25267,0,
-11.5413,-5.4250,9.25283,0,
-11.5413,-5.4175,9.25300,0,
-11.5413,-5.4100,9.25317,0,
-11.5041,-5.4000,9.25333,0,
-11.5041,-5.3925,9.25350,0,
-11.5041,-5.3825,9.25367,0,
-11.5041,-5.3750,9.25383,0,
-11.5041,-5.3675,9.25400,0,
-11.4669,-5.3575,9.25417,0,
-11.4669,-5.3500,9.25433,0,
-11.4669,-5.3400,9.25450,0,
-11.4669,-5.3325,9.25467,0,
-11.4669,-5.3225,9.25483,0,
-11.4669,-5.3150,9.25500,0,
-11.4669,-5.3075,9.25517,0,
-11.4669,-5.2975,9.25533,0,
-11.4669,-5.2900,9.25550,0,
-11.4669,-5.2825,9.25567,0,
-11.4669,-5.2725,9.25583,0,
-11.4669,-5.2650,9.25600,0,
-11.4669,-5.2575,9.25617,0,
-11.4669,-5.2475,9.25633,0,
-11.4669,-5.2400,9.25650,0,
-11.4669,-5.2325,9.25667,0,
-11.4669,-5.2225,9.25683,0,
-11.4669,-5.2150,9.25700,0,
-11.4669,-5.2075,9.25717,0,
-11.5041,-5.1975,9.25733,0,
-11.5041,-5.1900,9.25750,0,
-11.5041,-5.1800,9.25767,0,
-11.5041,-5.1725,9.25783,0,
-11.5041,-5.1650,9.25800,0,
-11.5041,-5.1575,9.25817,0,
-11.5041,-5.1475,9.25833,0,
-11.5041,-5.1400,9.25850,0,
-11.5041,-5.1325,9.25867,0,
-11.5413,-5.1225,9.25883,0,
-11.5041,-5.1150,9.25900,0,
-11.5041,-5.1050,9.25917,0,
-11.5041,-5.0975,9.25933,0,
-11.4669,-5.0900,9.25950,0,
-11.4669,-5.0800,9.25967,0,
-11.4296,-5.0725,9.25983,0,
-11.3924,-5.0650,9.26000,0,
-11.3924,-5.0550,9.26017,0,
-11.3924,-5.0475,9.26033,0,
-11.3924,-5.0375,9.26050,0,
-11.3552,-5.0300,9.26067,0,
-11.3552,-5.0200,9.26083,0,
-11.3552,-5.0125,9.26100,0,
-11.3552,-5.0025,9.26117,0,
-11.3179,-4.9950,9.26133,0,
-11.3179,-4.9875,9.26150,0,
-11.3179,-4.9775,9.26167,0,
-11.3179,-4.9700,9.26183,0,
-11.2807,-4.9625,9.26200,0,
-11.2807,-4.9525,9.26217,0,
-11.2807,-4.9450,9.26233,0,
-11.2435,-4.9350,9.26250,0,
-11.2435,-4.9275,9.26267,0,
-11.2435,-4.9200,9.26283,0,
-11.2435,-4.9100,9.26300,0,
-11.2435,-4.9025,9.26317,0,
-11.2435,-4.8950,9.26333,0,
-11.2063,-4.8850,9.26350,0,
-11.2063,-4.8775,9.26367,0,
-11.2063,-4.8700,9.26383,0,
-11.1690,-4.8600,9.26400,0,
-11.1690,-4.8525,9.26417,0,
-11.1690,-4.8450,9.26433,0,
-11.1690,-4.8350,9.26450,0,
-11.1690,-4.8275,9.26467,0,
-11.1690,-4.8200,9.26483,0,
-11.1690,-4.8125,9.26500,0,
-11.1318,-4.8025,9.26517,0,
-11.1318,-4.7950,9.26533,0,
-11.1318,-4.7875,9.26550,0,
-11.1318,-4.7775,9.26567,0,
-11.0946,-4.7700,9.26583,0,
-11.0946,-4.7600,9.26600,0,
-11.0946,-4.7525,9.26617,0,
-11.0573,-4.7425,9.26633,0,
-11.0573,-4.7350,9.26650,0,
-11.0201,-4.7275,9.26667,0,
-10.9829,-4.7175,9.26683,0,
-10.9829,-4.7100,9.26700,0,
-10.9829,-4.7000,9.26717,0,
-10.9456,-4.6925,9.26733,0,
-10.9456,-4.6825,9.26750,0,
-10.9084,-4.6750,9.26767,0,
-10.9084,-4.6650,9.26783,0,
-10.8712,-4.6575,9.26800,0,
-10.8712,-4.6500,9.26817,0,
-10.8340,-4.6400,9.26833,0,
-10.7967,-4.6325,9.26850,0,
-10.7967,-4.6250,9.26867,0,
-10.7967,-4.6150,9.26883,0,
-10.7967,-4.6075,9.26900,0,
-10.7595,-4.5975,9.26917,0,
-10.7595,-4.5900,9.26933,0,
-10.7595,-4.5825,9.26950,0,
-10.7967,-4.5725,9.26967,0,
-10.7967,-4.5650,9.26983,0,
-10.7595,-4.5575,9.27000,0,
-10.7595,-4.5475,9.27017,0,
-10.7595,-4.5400,9.27033,0,
-10.7595,-4.5300,9.27050,0,
-10.7595,-4.5225,9.27067,0,
-10.7595,-4.5125,9.27083,0,
-10.7223,-4.5050,9.27100,0,
-10.7223,-4.4975,9.27117,0,
-10.7223,-4.4875,9.27133,0,
-10.7223,-4.4800,9.27150,0,
-10.7223,-4.4725,9.27167,0,
-10.7223,-4.4650,9.27183,0,
-10.7223,-4.4550,9.27200,0,
-10.6850,-4.4475,9.27217,0,
-10.6850,-4.4400,9.27233,0,
-10.6850,-4.4300,9.27250,0,
-10.6850,-4.4225,9.27267,0,
-10.6478,-4.4125,9.27283,0,
-10.6478,-4.4050,9.27300,0,
-10.6478,-4.3975,9.27317,0,
-10.6106,-4.3875,9.27333,0,
-10.6106,-4.3800,9.27350,0,
-10.6106,-4.3700,9.27367,0,
-10.6106,-4.3625,9.27383,0,
-10.6106,-4.3525,9.27400,0,
-10.5733,-4.3450,9.27417,0,
-10.5733,-4.3350,9.27433,0,
-10.5361,-4.3275,9.27450,0,
-10.5361,-4.3200,9.27467,0,
-10.5361,-4.3100,9.27483,0,
-10.5361,-4.3025,9.27500,0,
-10.5361,-4.2950,9.27517,0,
-10.5361,-4.2875,9.27533,0,
-10.4989,-4.2775,9.27550,0,
-10.4989,-4.2700,9.27567,0,
-10.4617,-4.2600,9.27583,0,
-10.4244,-4.2525,9.27600,0,
-10.4244,-4.2450,9.27617,0,
-10.4244,-4.2375,9.27633,0,
-10.3872,-4.2275,9.27650,0,
-10.3872,-4.2200,9.27667,0,
-10.3500,-4.2125,9.27683,0,
-10.3500,-4.2025,9.27700,0,
-10.3127,-4.1950,9.27717,0,
-10.3127,-4.1850,9.27733,0,
-10.2755,-4.1775,9.27750,0,
-10.2755,-4.1700,9.27767,0,
-10.2755,-4.1600,9.27783,0,
-10.2755,-4.1525,9.27800,0,
-10.2755,-4.1450,9.27817,0,
-10.2755,-4.1350,9.27833,0,
-10.2383,-4.1275,9.27850,0,
-10.2383,-4.1200,9.27867,0,
-10.2010,-4.1125,9.27883,0,
-10.2010,-4.1025,9.27900,0,
-10.2010,-4.0950,9.27917,0,
-10.2010,-4.0875,9.27933,0,
-10.1638,-4.0775,9.27950,0,
-10.1638,-4.0700,9.27967,0,
-10.1638,-4.0625,9.27983,0,
-10.1266,-4.0525,9.28000,0,
-10.1266,-4.0450,9.28017,0,
-10.1266,-4.0350,9.28033,0,
-10.0894,-4.0275,9.28050,0,
-10.0894,-4.0175,9.28067,0,
-10.0894,-4.0100,9.28083,0,
-10.0894,-4.0025,9.28100,0,
-10.0521,-3.9925,9.28117,0,
-10.0521,-3.9850,9.28133,0,
-10.0521,-3.9775,9.28150,0,
-10.0149,-3.9700,9.28167,0,
-10.0149,-3.9625,9.28183,0,
-10.0149,-3.9525,9.28200,0,
-9.9777,-3.9450,9.28217,0,
-9.9777,-3.9375,9.28233,0,
-9.9777,-3.9275,9.28250,0,
-9.9404,-3.9200,9.28267,0,
-9.9032,-3.9125,9.28283,0,
-9.9032,-3.9050,9.28300,0,
-9.8660,-3.8950,9.28317,0,
-9.8287,-3.8875,9.28333,0,
-9.7915,-3.8775,9.28350,0,
-9.7915,-3.8700,9.28367,0,
-9.7543,-3.8625,9.28383,0,
-9.7543,-3.8525,9.28400,0,
-9.7543,-3.8450,9.28417,0,
-9.7171,-3.8375,9.28433,0,
-9.6798,-3.8275,9.28450,0,
-9.6426,-3.8200,9.28467,0,
-9.6426,-3.8125,9.28483,0,
-9.6054,-3.8025,9.28500,0,
-9.5681,-3.7950,9.28517,0,
-9.5309,-3.7875,9.28533,0,
-9.5309,-3.7800,9.28550,0,
-9.4937,-3.7700,9.28567,0,
-9.4937,-3.7625,9.28583,0,
-9.4937,-3.7550,9.28600,0,
-9.4564,-3.7450,9.28617,0,
-9.4192,-3.7375,9.28633,0,
-9.4192,-3.7300,9.28650,0,
-9.4192,-3.7200,9.28667,0,
-9.3820,-3.7125,9.28683,0,
-9.3820,-3.7025,9.28700,0,
-9.3447,-3.6950,9.28717,0,
-9.3075,-3.6850,9.28733,0,
-9.3075,-3.6775,9.28750,0,
-9.2703,-3.6675,9.28767,0,
-9.2331,-3.6600,9.28783,0,
-9.2331,-3.6525,9.28800,0,
-9.2331,-3.6450,9.28817,0,
-9.2331,-3.6350,9.28833,0,
-9.2331,-3.6275,9.28850,0,
-9.2331,-3.6200,9.28867,0,
-9.1958,-3.6100,9.28883,0,
-9.2331,-3.6025,9.28900,0,
-9.2331,-3.5950,9.28917,0,
-9.1958,-3.5875,9.28933,0,
-9.1958,-3.5775,9.28950,0,
-9.1958,-3.5700,9.28967,0,
-9.1958,-3.5625,9.28983,0,
-9.1586,-3.5525,9.29000,0,
-9.1586,-3.5450,9.29017,0,
-9.1214,-3.5375,9.29033,0,
-9.1214,-3.5275,9.29050,0,
-9.1214,-3.5200,9.29067,0,
-9.0841,-3.5100,9.29083,0,
-9.0469,-3.5025,9.29100,0,
-9.0097,-3.4925,9.29117,0,
-9.0097,-3.4850,9.29133,0,
-8.9725,-3.4775,9.29150,0,
-8.9352,-3.4700,9.29167,0,
-8.9352,-3.4600,9.29183,0,
-8.8980,-3.4525,9.29200,0,
-8.8608,-3.4450,9.29217,0,
-8.8235,-3.4350,9.29233,0,
-8.7863,-3.4275,9.29250,0,
-8.7863,-3.4175,9.29267,0,
-8.7491,-3.4100,9.29283,0,
-8.7118,-3.4025,9.29300,0,
-8.6746,-3.3925,9.29317,0,
-8.6374,-3.3850,9.29333,0,
-8.6001,-3.3750,9.29350,0,
-8.6001,-3.3675,9.29367,0,
-8.5257,-3.3575,9.29383,0,
-8.5257,-3.3475,9.29400,0,
-8.4885,-3.3400,9.29417,0,
-8.4512,-3.3300,9.29433,0,
-8.4140,-3.3225,9.29450,0,
-8.4140,-3.3150,9.29467,0,
-8.3768,-3.3050,9.29483,0,
-8.3395,-3.2975,9.29500,0,
-8.3023,-3.2900,9.29517,0,
-8.2651,-3.2800,9.29533,0,
-8.2278,-3.2725,9.29550,0,
-8.1906,-3.2625,9.29567,0,
-8.1534,-3.2550,9.29583,0,
-8.1162,-3.2475,9.29600,0,
-8.0789,-3.2375,9.29617,0,
-8.0789,-3.2300,9.29633,0,
-8.0417,-3.2225,9.29650,0,
-8.0045,-3.2125,9.29667,0,
-8.0045,-3.2050,9.29683,0,
-7.9672,-3.1975,9.29700,0,
-7.9672,-3.1875,9.29717,0,
-7.9300,-3.1800,9.29733,0,
-7.8928,-3.1700,9.29750,0,
-7.8555,-3.1625,9.29767,0,
-7.8555,-3.1550,9.29783,0,
-7.8183,-3.1475,9.29800,0,
-7.7811,-3.1375,9.29817,0,
-7.7811,-3.1300,9.29833,0,
-7.7439,-3.1225,9.29850,0,
-7.7066,-3.1150,9.29867,0,
-7.6694,-3.1050,9.29883,0,
-7.6322,-3.0975,9.29900,0,
-7.6322,-3.0900,9.29917,0,
-7.5949,-3.0825,9.29933,0,
-7.5577,-3.0725,9.29950,0,
-7.5205,-3.0650,9.29967,0,
-7.4832,-3.0575,9.29983,0,
-7.4460,-3.0475,9.30000,0,
-7.4088,-3.0400,9.30017,0,
-7.4088,-3.0325,9.30033,0,
-7.3716,-3.0225,9.30050,0,
-7.3343,-3.0150,9.30067,0,
-7.2971,-3.0075,9.30083,0,
-7.2599,-2.9975,9.30100,0,
-7.2599,-2.9900,9.30117,0,
-7.2226,-2.9825,9.30133,0,
-7.1854,-2.9750,9.30150,0,
-7.1482,-2.9650,9.30167,0,
-7.1482,-2.9575,9.30183,0,
-7.1109,-2.9500,9.30200,0,
-7.0737,-2.9400,9.30217,0,
-7.0365,-2.9325,9.30233,0,
-7.0365,-2.9250,9.30250,0,
-6.9993,-2.9175,9.30267,0,
-6.9620,-2.9075,9.30283,0,
-6.9620,-2.9000,9.30300,0,
-6.9248,-2.8925,9.30317,0,
-6.8503,-2.8825,9.30333,0,
-6.8503,-2.8750,9.30350,0,
-6.8131,-2.8675,9.30367,0,
-6.7759,-2.8575,9.30383,0,
-6.7386,-2.8500,9.30400,0,
-6.7386,-2.8425,9.30417,0,
-6.7014,-2.8325,9.30433,0,
-6.6642,-2.8250,9.30450,0,
-6.6270,-2.8175,9.30467,0,
-6.6270,-2.8075,9.30483,0,
-6.5897,-2.8000,9.30500,0,
-6.5525,-2.7925,9.30517,0,
-6.5153,-2.7850,9.30533,0,
-6.4780,-2.7750,9.30550,0,
-6.4780,-2.7675,9.30567,0,
-6.4408,-2.7600,9.30583,0,
-6.3663,-2.7500,9.30600,0,
-6.3291,-2.7425,9.30617,0,
-6.2919,-2.7350,9.30633,0,
-6.2547,-2.7250,9.30650,0,
-6.2174,-2.7175,9.30667,0,
-6.1802,-2.7100,9.30683,0,
-6.1802,-2.7000,9.30700,0,
-6.1430,-2.6925,9.30717,0,
-6.1057,-2.6825,9.30733,0,
-6.0313,-2.6750,9.30750,0,
-5.9940,-2.6650,9.30767,0,
-5.9568,-2.6575,9.30783,0,
-5.9196,-2.6500,9.30800,0,
-5.8824,-2.6400,9.30817,0,
-5.8079,-2.6325,9.30833,0,
-5.7707,-2.6250,9.30850,0,
-5.7334,-2.6150,9.30867,0,
-5.6962,-2.6075,9.30883,0,
-5.6590,-2.6000,9.30900,0,
-5.6217,-2.5900,9.30917,0,
-5.5845,-2.5825,9.30933,0,
-5.5473,-2.5750,9.30950,0,
-5.5101,-2.5650,9.30967,0,
-5.4728,-2.5575,9.30983,0,
-5.4356,-2.5500,9.31000,0,
-5.3984,-2.5400,9.31017,0,
-5.3611,-2.5325,9.31033,0,
-5.3239,-2.5225,9.31050,0,
-5.2867,-2.5150,9.31067,0,
-5.2494,-2.5075,9.31083,0,
-5.1750,-2.4975,9.31100,0,
-5.1378,-2.4900,9.31117,0,
-5.1005,-2.4825,9.31133,0,
-5.0633,-2.4725,9.31150,0,
-5.0261,-2.4650,9.31167,0,
-4.9888,-2.4575,9.31183,0,
-4.9516,-2.4475,9.31200,0,
-4.9144,-2.4400,9.31217,0,
-4.8771,-2.4325,9.31233,0,
-4.8399,-2.4225,9.31250,0,
-4.8027,-2.4150,9.31267,0,
-4.7654,-2.4050,9.31283,0,
-4.7282,-2.3975,9.31300,0,
-4.6910,-2.3900,9.31317,0,
-4.6165,-2.3800,9.31333,0,
-4.6165,-2.3725,9.31350,0,
-4.5421,-2.3625,9.31367,0,
-4.5048,-2.3550,9.31383,0,
-4.4676,-2.3475,9.31400,0,
-4.3932,-2.3375,9.31417,0,
-4.3559,-2.3300,9.31433,0,
-4.3187,-2.3225,9.31450,0,
-4.2815,-2.3125,9.31467,0,
-4.2442,-2.3050,9.31483,0,
-4.2070,-2.2975,9.31500,0,
-4.1698,-2.2900,9.31517,0,
-4.0953,-2.2800,9.31533,0,
-4.0581,-2.2725,9.31550,0,
-4.0208,-2.2650,9.31567,0,
-3.9836,-2.2550,9.31583,0,
-3.9464,-2.2475,9.31600,0,
-3.8719,-2.2400,9.31617,0,
-3.8347,-2.2300,9.31633,0,
-3.7975,-2.2225,9.31650,0,
-3.7602,-2.2150,9.31667,0,
-3.7230,-2.2050,9.31683,0,
-3.6858,-2.1975,9.31700,0,
-3.6113,-2.1900,9.31717,0,
-3.5741,-2.1800,9.31733,0,
-3.5369,-2.1725,9.31750,0,
-3.4996,-2.1650,9.31767,0,
-3.4252,-2.1550,9.31783,0,
-3.4252,-2.1475,9.31800,0,
-3.3507,-2.1400,9.31817,0,
-3.3135,-2.1325,9.31833,0,
-3.2762,-2.1225,9.31850,0,
-3.2018,-2.1150,9.31867,0,
-3.1646,-2.1075,9.31883,0,
-3.1273,-2.1000,9.31900,0,
-3.0901,-2.0900,9.31917,0,
-3.0529,-2.0825,9.31933,0,
-2.9784,-2.0750,9.31950,0,
-2.9412,-2.0650,9.31967,0,
-2.9039,-2.0575,9.31983,0,
-2.8295,-2.0500,9.32000,0,
-2.7923,-2.0400,9.32017,0,
-2.7550,-2.0325,9.32033,0,
-2.6806,-2.0225,9.32050,0,
-2.6433,-2.0150,9.32067,0,
-2.6061,-2.0050,9.32083,0,
-2.5689,-1.9975,9.32100,0,
-2.5316,-1.9900,9.32117,0,
-2.4944,-1.9825,9.32133,0,
-2.4200,-1.9725,9.32150,0,
-2.3827,-1.9650,9.32167,0,
-2.3455,-1.9575,9.32183,0,
-2.3083,-1.9475,9.32200,0,
-2.2338,-1.9400,9.32217,0,
-2.1966,-1.9325,9.32233,0,
-2.1593,-1.9250,9.32250,0,
-2.1221,-1.9150,9.32267,0,
-2.0849,-1.9075,9.32283,0,
-2.0477,-1.9000,9.32300,0,
-2.0104,-1.8925,9.32317,0,
-1.9360,-1.8825,9.32333,0,
-1.8987,-1.8750,9.32350,0,
-1.8615,-1.8675,9.32367,0,
-1.7870,-1.8600,9.32383,0,
-1.7498,-1.8500,9.32400,0,
-1.7126,-1.8425,9.32417,0,
-1.6754,-1.8350,9.32433,0,
-1.6381,-1.8275,9.32450,0,
-1.5637,-1.8200,9.32467,0,
-1.5264,-1.8100,9.32483,0,
-1.4892,-1.8025,9.32500,0,
-1.4520,-1.7950,9.32517,0,
-1.4147,-1.7875,9.32533,0,
-1.3403,-1.7775,9.32550,0,
-1.3031,-1.7700,9.32567,0,
-1.2658,-1.7625,9.32583,0,
-1.2286,-1.7550,9.32600,0,
-1.1541,-1.7450,9.32617,0,
-1.1169,-1.7375,9.32633,0,
-1.0797,-1.7300,9.32650,0,
-1.0052,-1.7200,9.32667,0,
-0.9680,-1.7125,9.32683,0,
-0.8935,-1.7050,9.32700,0,
-0.8563,-1.6950,9.32717,0,
-0.8191,-1.6875,9.32733,0,
-0.7446,-1.6775,9.32750,0,
-0.7074,-1.6700,9.32767,0,
-0.6701,-1.6625,9.32783,0,
-0.5957,-1.6550,9.32800,0,
-0.5585,-1.6450,9.32817,0,
-0.5212,-1.6375,9.32833,0,
-0.4840,-1.6300,9.32850,0,
-0.4095,-1.6225,9.32867,0,
-0.3723,-1.6150,9.32883,0,
-0.3351,-1.6050,9.32900,0,
-0.2978,-1.5975,9.32917,0,
-0.2234,-1.5900,9.32933,0,
-0.1861,-1.5800,9.32950,0,
-0.1489,-1.5725,9.32967,0,
-0.1117,-1.5650,9.32983,0,
-0.0372,-1.5550,9.33000,0,
0.0000,-1.5475,9.33017,0,
0.0372,-1.5400,9.33033,0,
0.1117,-1.5300,9.33050,0,
0.1489,-1.5225,9.33067,0,
0.1862,-1.5125,9.33083,0,
0.2234,-1.5050,9.33100,0,
0.2606,-1.4975,9.33117,0,
0.2978,-1.4875,9.33133,0,
0.3351,-1.4800,9.33150,0,
0.3351,-1.4725,9.33167,0,
0.3351,-1.4650,9.33183,0,
0.2606,-1.4575,9.33200,0,
0.1862,-1.4475,9.33217,0,
0.1117,-1.4400,9.33233,0,
0.0745,-1.4325,9.33250,0,
0.0372,-1.4250,9.33267,0,
0.0372,-1.4150,9.33283,0,
0.0000,-1.4075,9.33300,0,
0.0000,-1.4000,9.33317,0,
0.0000,-1.3900,9.33333,0,
0.0000,-1.3825,9.33350,0,
0.0000,-1.3725,9.33367,0,
0.0000,-1.3650,9.33383,0,
0.0000,-1.3550,9.33400,0,
0.0000,-1.3475,9.33417,0,
0.0000,-1.3400,9.33433,0,
0.0000,-1.3300,9.33450,0,
0.0000,-1.3225,9.33467,0,
0.0000,-1.3150,9.33483,0,
0.0000,-1.3050,9.33500,0,
0.0000,-1.2975,9.33517,0,
0.0000,-1.2900,9.33533,0,
0.0000,-1.2800,9.33550,0,
0.0000,-1.2725,9.33567,0,
0.0000,-1.2650,9.33583,0,
0.0000,-1.2575,9.33600,0,
0.0000,-1.2500,9.33617,0,
0.0000,-1.2400,9.33633,0,
0.0000,-1.2325,9.33650,0,
0.0000,-1.2250,9.33667,0,
0.0000,-1.2175,9.33683,0,
0.0000,-1.2075,9.33700,0,
0.0000,-1.2000,9.33717,0,
0.0000,-1.1925,9.33733,0,
0.0000,-1.1825,9.33750,0,
0.0000,-1.1750,9.33767,0,
0.0000,-1.1675,9.33783,0,
0.0000,-1.1600,9.33800,0,
0.0000,-1.1525,9.33817,0,
0.0000,-1.1425,9.33833,0,
0.0000,-1.1350,9.33850,0,
0.0000,-1.1275,9.33867,0,
0.0000,-1.1200,9.33883,0,
0.0000,-1.1100,9.33900,0,
0.0000,-1.1025,9.33917,0,
0.0000,-1.0950,9.33933,0,
0.0000,-1.0850,9.33950,0,
0.0000,-1.0775,9.33967,0,
0.0000,-1.0700,9.33983,0,
0.0000,-1.0625,9.34000,0,
0.0000,-1.0525,9.34017,0,
0.0000,-1.0450,9.34033,0,
0.0000,-1.0375,9.34050,0,
0.0000,-1.0275,9.34067,0,
0.0000,-1.0200,9.34083,0,
0.0000,-1.0125,9.34100,0,
0.0000,-1.0025,9.34117,0,
0.0000,-0.9950,9.34133,0,
0.0000,-0.9875,9.34150,0,
0.0000,-0.9800,9.34167,0,
0.0000,-0.9725,9.34183,0,
0.0000,-0.9625,9.34200,0,
0.0000,-0.9550,9.34217,0,
0.0000,-0.9475,9.34233,0,
0.0000,-0.9400,9.34250,0,
0.0000,-0.9300,9.34267,0,
0.0000,-0.9225,9.34283,0,
0.0000,-0.9150,9.34300,0,
0.0000,-0.9075,9.34317,0,
0.0000,-0.8975,9.34333,0,
0.0000,-0.8900,9.34350,0,
0.0000,-0.8825,9.34367,0,
0.0000,-0.8725,9.34383,0,
0.0000,-0.8650,9.34400,0,
0.0000,-0.8550,9.34417,0,
0.0000,-0.8475,9.34433,0,
0.0000,-0.8400,9.34450,0,
0.0000,-0.8300,9.34467,0,
0.0000,-0.8225,9.34483,0,
0.0000,-0.8150,9.34500,0,
0.0000,-0.8075,9.34517,0,
0.0000,-0.7975,9.34533,0,
0.0000,-0.7900,9.34550,0,
0.0000,-0.7825,9.34567,0,
0.0000,-0.7725,9.34583,0,
0.0000,-0.7650,9.34600,0,
0.0000,-0.7575,9.34617,0,
0.0000,-0.7500,9.34633,0,
0.0000,-0.7400,9.34650,0,
0.0000,-0.7325,9.34667,0,
0.0000,-0.7250,9.34683,0,
0.0000,-0.7150,9.34700,0,
0.0000,-0.7075,9.34717,0,
0.0000,-0.6975,9.34733,0,
0.0000,-0.6900,9.34750,0,
0.0000,-0.6800,9.34767,0,
0.0000,-0.6725,9.34783,0,
0.0000,-0.6650,9.34800,0,
0.0000,-0.6550,9.34817,0,
0.0000,-0.6475,9.34833,0,
0.0000,-0.6400,9.34850,0,
0.0000,-0.6300,9.34867,0,
0.0000,-0.6225,9.34883,0,
0.0000,-0.6150,9.34900,0,
0.0000,-0.6050,9.34917,0,
0.0000,-0.5975,9.34933,0,
0.0000,-0.5900,9.34950,0,
0.0000,-0.5825,9.34967,0,
0.0000,-0.5725,9.34983,0,
0.0000,-0.5650,9.35000,0,
0.0000,-0.5575,9.35017,0,
0.0000,-0.5475,9.35033,0,
0.0000,-0.5400,9.35050,0,
0.0000,-0.5325,9.35067,0,
0.0000,-0.5225,9.35083,0,
0.0000,-0.5150,9.35100,0,
0.0000,-0.5050,9.35117,0,
0.0000,-0.4975,9.35133,0,
0.0000,-0.4900,9.35150,0,
0.0000,-0.4825,9.35167,0,
0.0000,-0.4725,9.35183,0,
0.0000,-0.4650,9.35200,0,
0.0000,-0.4575,9.35217,0,
0.0000,-0.4500,9.35233,0,
0.0000,-0.4400,9.35250,0,
0.0000,-0.4325,9.35267,0,
0.0000,-0.4250,9.35283,0,
0.0000,-0.4175,9.35300,0,
0.0000,-0.4075,9.35317,0,
0.0000,-0.4000,9.35333,0,
0.0000,-0.3925,9.35350,0,
0.0000,-0.3825,9.35367,0,
0.0000,-0.3750,9.35383,0,
0.0000,-0.3650,9.35400,0,
0.0000,-0.3575,9.35417,0,
0.0000,-0.3500,9.35433,0,
0.0000,-0.3400,9.35450,0,
0.0000,-0.3325,9.35467,0,
0.0000,-0.3250,9.35483,0,
0.0000,-0.3175,9.35500,0,
0.0000,-0.3075,9.35517,0,
0.0000,-0.3000,9.35533,0,
0.0000,-0.2925,9.35550,0,
0.0000,-0.2825,9.35567,0,
0.0000,-0.2750,9.35583,0,
0.0000,-0.2675,9.35600,0,
0.0000,-0.2600,9.35617,0,
0.0000,-0.2500,9.35633,0,
0.0000,-0.2425,9.35650,0,
0.0000,-0.2350,9.35667,0,
0.0000,-0.2250,9.35683,0,
0.0000,-0.2175,9.35700,0,
0.0000,-0.2100,9.35717,0,
0.0000,-0.2000,9.35733,0,
0.0000,-0.1925,9.35750,0,
0.0000,-0.1850,9.35767,0,
0.0000,-0.1750,9.35783,0,
0.0000,-0.1675,9.35800,0,
0.0000,-0.1600,9.35817,0,
0.0000,-0.1525,9.35833,0,
0.0000,-0.1425,9.35850,0,
0.0000,-0.1350,9.35867,0,
0.0000,-0.1275,9.35883,0,
0.0000,-0.1200,9.35900,0,
0.0000,-0.1100,9.35917,0,
0.0000,-0.1025,9.35933,0,
0.0000,-0.0950,9.35950,0,
0.0000,-0.0850,9.35967,0,
0.0000,-0.0775,9.35983,0,
0.0000,-0.0700,9.36000,0,
0.0000,-0.0600,9.36017,0,
0.0000,-0.0525,9.36033,0,
0.0000,-0.0450,9.36050,0,
0.0000,-0.0425,9.36067,0,
0.0000,-0.0400,9.36083,0,
0.0000,-0.0375,9.36100,0,
0.0000,-0.0325,9.36117,0,
0.0000,-0.0250,9.36133,0,
0.0000,-0.0200,9.36150,0,
0.0000,-0.0175,9.36167,0,
0.0000,-0.0150,9.36183,0,
0.0000,-0.0100,9.36200,0,
0.0000,-0.0050,9.36217,0,
0.0000,-0.0000,9.36233,0,
0.0000,0.0025,9.36250,0,
0.0000,0.0025,9.36267,0,
0.0000,0.0025,9.36283,0,
0.0000,-0.0000,9.36300,0,
0.0000,0.0025,9.36317,0,
0.0000,0.0025,9.36333,0,
0.0000,0.0025,9.36350,0,
0.0000,0.0025,9.36367,0,
0.0000,0.0025,9.36383,0,
0.0000,0.0025,9.36400,0,
0.0000,0.0025,9.36417,0,
0.0000,0.0025,9.36433,0,
0.0000,0.0025,9.36450,0,
0.0000,0.0025,9.36467,0,
0.0000,0.0025,9.36483,0,
0.0000,0.0025,9.36500,0,
0.0000,0.0025,9.36517,0,
0.0000,0.0025,9.36533,0,
0.0000,0.0025,9.36550,0,
0.0000,0.0025,9.36567,0,
0.0000,0.0025,9.36583,0,
